Time,DevEUI,Raw,Port,Vbat,Version,BootCount,T,RH,P,Light,CO2,P[0].delta,P[0].total,P[1].delta,P[1].total,Act[7],Act[6],Act[5],Act[4],Act[3],Act[2],Act[1],Act[0]
2024-11-10T00:00:33Z,"0002cc0100000ec3","36545aba21f941b306159b9563000000000000000000ffffffffffffffc1ff1c",2,4.11,,6,21.60,58.36,,0.00,,0,0,0,0,,,,-0.89,-0.97,-1.00,-1.00,-1.00
2024-11-10T00:06:30Z,"0002cc0100000ec3","36545abb86d941b70615a69598000000000000ffffffffffffed66fc77",2,4.11,,6,21.65,58.44,,,,0,0,0,0,,,,-0.56,-0.17,-1.00,-1.00,-1.00
2024-11-10T00:12:26Z,"0002cc0100000ec3","36545abceaf941b70615a994d9000000000000000000fffffccbfdb9fe76ffffffff",2,4.11,,6,21.66,58.14,,0.00,,0,0,0,0,,,-1.00,-1.00,-0.81,-0.72,-0.60,-1.00
2024-11-10T00:18:22Z,"0002cc0100000ec3","36545abe4ef941b70615a29421000000000000000000ffffffffffffffffffff",2,4.11,,6,21.63,57.86,,0.00,,0,0,0,0,,,,-1.00,-1.00,-1.00,-1.00,-1.00
2024-11-10T00:24:18Z,"0002cc0100000ec3","36545abfb2f941b7061598931c000000000000000000ffffffffffffffffffff",2,4.11,,6,21.59,57.47,,0.00,,0,0,0,0,,,,-1.00,-1.00,-1.00,-1.00,-1.00
2024-11-10T00:30:14Z,"0002cc0100000ec3","36545ac116f941bb0615919290000000000000000000ffffffffffffffffffff",2,4.11,,6,21.56,57.25,,0.00,,0,0,0,0,,,,-1.00,-1.00,-1.00,-1.00,-1.00
2024-11-10T00:36:10Z,"0002cc0100000ec3","36545ac27ad20205000015949253000000000000ffffffffffffffffffff",2,,2.5.0.0,,21.58,57.16,,,,0,0,0,0,,,,-1.00,-1.00,-1.00,-1.00,-1.00
2024-11-10T00:42:07Z,"0002cc0100000ec3","36545ac3dff941b70615899140000000000000000000ffffffffffffffffffffffff",2,4.11,,6,21.53,56.74,,0.00,,0,0,0,0,,,-1.00,-1.00,-1.00,-1.00,-1.00,-1.00
2024-11-10T00:48:03Z,"0002cc0100000ec3","36545ac543d941b70615869050000000000000ffffffffffffffffffff",2,4.11,,6,21.52,56.37,,,,0,0,0,0,,,,-1.00,-1.00,-1.00,-1.00,-1.00
2024-11-10T00:53:59Z,"0002cc0100000ec3","36545ac6a7f941b70615868ff8000000000000000000ffffffffffffffffffff",2,4.11,,6,21.52,56.24,,0.00,,0,0,0,0,,,,-1.00,-1.00,-1.00,-1.00,-1.00
2024-11-10T00:59:55Z,"0002cc0100000ec3","36545ac80bf941b706157e907c000000000000000000ffffffffffffffffffff",2,4.11,,6,21.49,56.44,,0.00,,0,0,0,0,,,,-1.00,-1.00,-1.00,-1.00,-1.00
2024-11-10T01:05:51Z,"0002cc0100000ec3","36545ac96ff941b306158690bf000000000000000000fffffcb1fefeffffffff",2,4.11,,6,21.52,56.54,,0.00,,0,0,0,0,,,,-1.00,-1.00,-0.87,-0.59,-1.00
2024-11-10T01:11:47Z,"0002cc0100000ec3","36545acad3f941b306158696a0000000000000000000f51cffc8fe6ffffffffff75d",2,4.11,,6,21.52,58.84,,0.00,,0,0,0,0,,,-0.46,-1.00,-1.00,-0.80,-0.97,-0.32
2024-11-10T01:17:43Z,"0002cc0100000ec3","36545acc37f941b30615869403000000000000000000ffffffffffffffffffff",2,4.11,,6,21.52,57.82,,0.00,,0,0,0,0,,,,-1.00,-1.00,-1.00,-1.00,-1.00
2024-11-10T01:23:39Z,"0002cc0100000ec3","36545acd9bf941a606159193d7000000000000000000fffffffffdccfd16ffff",2,4.10,,6,21.56,57.75,,0.00,,0,0,0,0,,,,-1.00,-0.64,-0.72,-1.00,-1.00
2024-11-10T01:29:36Z,"0002cc0100000ec3","36545acf00d941b706158d9200000000000000fe16ffffffffffffffffffff",2,4.11,,6,21.55,57.03,,,,0,0,0,0,,,-1.00,-1.00,-1.00,-1.00,-1.00,-0.76
2024-11-10T01:35:32Z,"0002cc0100000ec3","36545ad064f941b30615899118000000000000000000fffffffff785fe9dfe26",2,4.11,,6,21.53,56.68,,0.00,,0,0,0,0,,,,-0.77,-0.83,-0.47,-1.00,-1.00
2024-11-10T01:41:28Z,"0002cc0100000ec3","36545ad1c8f941b306158990b0000000000000000000ff65ffffffffffffffffffff",2,4.11,,6,21.53,56.52,,0.00,,0,0,0,0,,,-1.00,-1.00,-1.00,-1.00,-1.00,-0.92
2024-11-10T01:47:24Z,"0002cc0100000ec3","36545ad32cf941bb06157b9092000000000000000000ffffffffffffffffffff",2,4.11,,6,21.48,56.47,,0.00,,0,0,0,0,,,,-1.00,-1.00,-1.00,-1.00,-1.00
2024-11-10T01:53:20Z,"0002cc0100000ec3","36545ad490f941b306157b8f83000000000000000000ffffffffffffffffffffffff",2,4.11,,6,21.48,56.06,,0.00,,0,0,0,0,,,-1.00,-1.00,-1.00,-1.00,-1.00,-1.00
2024-11-10T01:59:16Z,"0002cc0100000ec3","36545ad5f4f941b306157b8fa4000000000000000000ffffffffffffffffffff",2,4.11,,6,21.48,56.11,,0.00,,0,0,0,0,,,,-1.00,-1.00,-1.00,-1.00,-1.00
2024-11-10T02:05:13Z,"0002cc0100000ec3","36545ad759f941b30615748ff0000000000000000000ffffffffffffffffffffffff",2,4.11,,6,21.45,56.23,,0.00,,0,0,0,0,,,-1.00,-1.00,-1.00,-1.00,-1.00,-1.00
2024-11-10T02:11:09Z,"0002cc0100000ec3","36545ad8bdf941b30615708fa73c2a57000000000000ffffffffffffffffffff",2,4.11,,6,21.44,56.12,,0.15,,0,0,0,0,,,,-1.00,-1.00,-1.00,-1.00,-1.00
2024-11-10T02:17:05Z,"0002cc0100000ec3","36545ada21f941b30615778f923b8f79000000000000ffffffffffffffffffffffff",2,4.11,,6,21.46,56.08,,0.10,,0,0,0,0,,,-1.00,-1.00,-1.00,-1.00,-1.00,-1.00
2024-11-10T02:23:01Z,"0002cc0100000ec3","36545adb85f941b30615748f783bb717000000000000ffffffffffffffffffff",2,4.11,,6,21.45,56.04,,0.11,,0,0,0,0,,,,-1.00,-1.00,-1.00,-1.00,-1.00
2024-11-10T02:28:57Z,"0002cc0100000ec3","36545adce9f941b30615778ed33bb717000000000000ffffffffffffffffffff",2,4.11,,6,21.46,55.79,,0.11,,0,0,0,0,,,,-1.00,-1.00,-1.00,-1.00,-1.00
2024-11-10T02:34:53Z,"0002cc0100000ec3","36545ade4df941b30615748e2a3b804e000000000000ffffffffffffffffffff",2,4.11,,6,21.45,55.53,,0.09,,0,0,0,0,,,,-1.00,-1.00,-1.00,-1.00,-1.00
2024-11-10T02:40:49Z,"0002cc0100000ec3","36545adfb1f941b30615748e223b804e000000000000ffffffffffffffffffff",2,4.11,,6,21.45,55.52,,0.09,,0,0,0,0,,,,-1.00,-1.00,-1.00,-1.00,-1.00
2024-11-10T02:46:45Z,"0002cc0100000ec3","36545ae115f9419e06156c8e573b804e000000000000ffffffffffffffffffffffff",2,4.10,,6,21.42,55.60,,0.09,,0,0,0,0,,,-1.00,-1.00,-1.00,-1.00,-1.00,-1.00
2024-11-10T02:52:41Z,"0002cc0100000ec3","36545ae279f941b30615748ee13b6705000000000000ffffffffffffffffffff",2,4.11,,6,21.45,55.81,,0.09,,0,0,0,0,,,,-1.00,-1.00,-1.00,-1.00,-1.00
2024-11-10T02:58:38Z,"0002cc0100000ec3","36545ae3def941b30615698e4e3b6705000000000000ffffffffffffffffffff",2,4.11,,6,21.41,55.59,,0.09,,0,0,0,0,,,,-1.00,-1.00,-1.00,-1.00,-1.00
2024-11-10T03:04:34Z,"0002cc0100000ec3","36545ae542f941b30615628de33b3e90000000000000ffffffffffffffffffff",2,4.11,,6,21.38,55.43,,0.08,,0,0,0,0,,,,-1.00,-1.00,-1.00,-1.00,-1.00
2024-11-10T03:10:30Z,"0002cc0100000ec3","36545ae6a6f941b306155e8da33b6705000000000000ffffffffffffffffffff",2,4.11,,6,21.37,55.33,,0.09,,0,0,0,0,,,,-1.00,-1.00,-1.00,-1.00,-1.00
2024-11-10T03:16:26Z,"0002cc0100000ec3","36545ae80af941b30615578d083b6705000000000000ffffffffffffffffffff",2,4.11,,6,21.34,55.09,,0.09,,0,0,0,0,,,,-1.00,-1.00,-1.00,-1.00,-1.00
2024-11-10T03:22:22Z,"0002cc0100000ec3","36545ae96ef941b30615578ce73b3e90000000000000ffffffffffffffffffff",2,4.11,,6,21.34,55.04,,0.08,,0,0,0,0,,,,-1.00,-1.00,-1.00,-1.00,-1.00
2024-11-10T03:28:18Z,"0002cc0100000ec3","36545aead2f941b30615578ce73b3e90000000000000ffffffffffffffffffff",2,4.11,,6,21.34,55.04,,0.08,,0,0,0,0,,,,-1.00,-1.00,-1.00,-1.00,-1.00
2024-11-10T03:34:14Z,"0002cc0100000ec3","36545aec36f941b30615538ce63b6705000000000000ffffffffffffffffffff",2,4.11,,6,21.32,55.04,,0.09,,0,0,0,0,,,,-1.00,-1.00,-1.00,-1.00,-1.00
2024-11-10T03:40:10Z,"0002cc0100000ec3","36545aed9af941b30615508cfc3b3e90000000000000ffffffffffffffffffffffff",2,4.11,,6,21.31,55.07,,0.08,,0,0,0,0,,,-1.00,-1.00,-1.00,-1.00,-1.00,-1.00
2024-11-10T03:46:06Z,"0002cc0100000ec3","36545aeefef941aa0615538d263b3e90000000000000ffffffffffffffffffff",2,4.10,,6,21.32,55.14,,0.08,,0,0,0,0,,,,-1.00,-1.00,-1.00,-1.00,-1.00
2024-11-10T03:52:02Z,"0002cc0100000ec3","36545af062f941aa0615538d2e3b6705000000000000ffffffffffffffffffffffff",2,4.10,,6,21.32,55.15,,0.09,,0,0,0,0,,,-1.00,-1.00,-1.00,-1.00,-1.00,-1.00
2024-11-10T03:57:58Z,"0002cc0100000ec3","36545af1c6f941b30615538d373b3e90000000000000ffffffffffffffffffff",2,4.11,,6,21.32,55.16,,0.08,,0,0,0,0,,,,-1.00,-1.00,-1.00,-1.00,-1.00
2024-11-10T04:03:55Z,"0002cc0100000ec3","36545af32bf941aa0615538d553b6705000000000000ffffffffffffffffffff",2,4.10,,6,21.32,55.21,,0.09,,0,0,0,0,,,,-1.00,-1.00,-1.00,-1.00,-1.00
2024-11-10T04:09:51Z,"0002cc0100000ec3","36545af48ff941aa0615578d7f3b6705000000000000ffffffffffffffffffff",2,4.10,,6,21.34,55.27,,0.09,,0,0,0,0,,,,-1.00,-1.00,-1.00,-1.00,-1.00
2024-11-10T04:15:47Z,"0002cc0100000ec3","36545af5f3f941aa0615538da63b6705000000000000ffffffffffffffffffff",2,4.10,,6,21.32,55.33,,0.09,,0,0,0,0,,,,-1.00,-1.00,-1.00,-1.00,-1.00
2024-11-10T04:21:43Z,"0002cc0100000ec3","36545af757f941aa0615538da63b3e90000000000000ffffffffffffffffffff",2,4.10,,6,21.32,55.33,,0.08,,0,0,0,0,,,,-1.00,-1.00,-1.00,-1.00,-1.00
2024-11-10T04:27:39Z,"0002cc0100000ec3","36545af8bbf941aa0615538dec3b3e90000000000000ffffffffffffffffffff",2,4.10,,6,21.32,55.44,,0.08,,0,0,0,0,,,,-1.00,-1.00,-1.00,-1.00,-1.00
2024-11-10T04:33:35Z,"0002cc0100000ec3","36545afa1ff941a206154c8de9000000000000000000ffffffffffffffffffffffff",2,4.10,,6,21.30,55.43,,0.00,,0,0,0,0,,,-1.00,-1.00,-1.00,-1.00,-1.00,-1.00
2024-11-10T04:39:31Z,"0002cc0100000ec3","36545afb83f20205000015508e0c3b6705000000000000ffffffffffffffffffffffff",2,,2.5.0.0,,21.31,55.49,,0.09,,0,0,0,0,,,-1.00,-1.00,-1.00,-1.00,-1.00,-1.00
2024-11-10T04:45:27Z,"0002cc0100000ec3","36545afce7f941aa06154c8e0a3b3e90000000000000ffffffffffffffffffff",2,4.10,,6,21.30,55.48,,0.08,,0,0,0,0,,,,-1.00,-1.00,-1.00,-1.00,-1.00
2024-11-10T04:51:23Z,"0002cc0100000ec3","36545afe4bf941aa0615508df43b6705000000000000ffffffffffffffffffff",2,4.10,,6,21.31,55.45,,0.09,,0,0,0,0,,,,-1.00,-1.00,-1.00,-1.00,-1.00
2024-11-10T04:57:20Z,"0002cc0100000ec3","36545affb0f941aa0615488de03b6705000000000000ffffffffffffffffffffffff",2,4.10,,6,21.28,55.42,,0.09,,0,0,0,0,,,-1.00,-1.00,-1.00,-1.00,-1.00,-1.00
2024-11-10T05:03:16Z,"0002cc0100000ec3","36545b0114f941aa06154c8daa3b3e90000000000000ffffffffffffffffffff",2,4.10,,6,21.30,55.34,,0.08,,0,0,0,0,,,,-1.00,-1.00,-1.00,-1.00,-1.00
2024-11-10T05:09:12Z,"0002cc0100000ec3","36545b0278f941aa06154c8d823b6705000000000000ffffffffffffffffffff",2,4.10,,6,21.30,55.28,,0.09,,0,0,0,0,,,,-1.00,-1.00,-1.00,-1.00,-1.00
2024-11-10T05:15:08Z,"0002cc0100000ec3","36545b03dcf941aa06154c8d7a3b6705000000000000ffffffffffffffffffff",2,4.10,,6,21.30,55.27,,0.09,,0,0,0,0,,,,-1.00,-1.00,-1.00,-1.00,-1.00
2024-11-10T05:21:04Z,"0002cc0100000ec3","36545b0540f941a20615488d6a3b3e90000000000000ffffffffffffffffffffffff",2,4.10,,6,21.28,55.24,,0.08,,0,0,0,0,,,-1.00,-1.00,-1.00,-1.00,-1.00,-1.00
2024-11-10T05:27:00Z,"0002cc0100000ec3","36545b06a4f941aa0615488d323b6705000000000000ffffffffffffffffffff",2,4.10,,6,21.28,55.16,,0.09,,0,0,0,0,,,,-1.00,-1.00,-1.00,-1.00,-1.00
2024-11-10T05:32:56Z,"0002cc0100000ec3","36545b0808f9419e0615488d323b6705000000000000ffffffffffffffffffff",2,4.10,,6,21.28,55.16,,0.09,,0,0,0,0,,,,-1.00,-1.00,-1.00,-1.00,-1.00
2024-11-10T05:38:52Z,"0002cc0100000ec3","36545b096cf941aa06153e8d253b2547000000000000ffffffffffffffffffffffff",2,4.10,,6,21.24,55.14,,0.07,,0,0,0,0,,,-1.00,-1.00,-1.00,-1.00,-1.00,-1.00
2024-11-10T05:44:48Z,"0002cc0100000ec3","36545b0ad0f941af0615458d203b3e90000000000000ffffffffffffffffffff",2,4.11,,6,21.27,55.13,,0.08,,0,0,0,0,,,,-1.00,-1.00,-1.00,-1.00,-1.00
2024-11-10T05:50:45Z,"0002cc0100000ec3","36545b0c35f941a20615488d193b6705000000000000ffffffffffffffffffffffff",2,4.10,,6,21.28,55.12,,0.09,,0,0,0,0,,,-1.00,-1.00,-1.00,-1.00,-1.00,-1.00
2024-11-10T05:56:41Z,"0002cc0100000ec3","36545b0d99f941aa0615488d413b3e90000000000000ffffffffffffffffffff",2,4.10,,6,21.28,55.18,,0.08,,0,0,0,0,,,,-1.00,-1.00,-1.00,-1.00,-1.00
2024-11-10T06:02:37Z,"0002cc0100000ec3","36545b0efdf941aa0615458d203b7121000000000000ffffffffffffffffffff",2,4.10,,6,21.27,55.13,,0.09,,0,0,0,0,,,,-1.00,-1.00,-1.00,-1.00,-1.00
2024-11-10T06:08:33Z,"0002cc0100000ec3","36545b1061f941aa0615458d173b3e90000000000000ffffffffffffffffffffffff",2,4.10,,6,21.27,55.11,,0.08,,0,0,0,0,,,-1.00,-1.00,-1.00,-1.00,-1.00,-1.00
2024-11-10T06:14:29Z,"0002cc0100000ec3","36545b11c5f941a206154c8ce43b3e90000000000000ffffffffffffffffffff",2,4.10,,6,21.30,55.04,,0.08,,0,0,0,0,,,,-1.00,-1.00,-1.00,-1.00,-1.00
2024-11-10T06:20:25Z,"0002cc0100000ec3","36545b1329f941aa0615418cbf3b2547000000000000ffffffffffffffffffff",2,4.10,,6,21.25,54.98,,0.07,,0,0,0,0,,,,-1.00,-1.00,-1.00,-1.00,-1.00
2024-11-10T06:26:21Z,"0002cc0100000ec3","36545b148df941aa0615458cc03b6705000000000000ffffffffffffffffffffffff",2,4.10,,6,21.27,54.98,,0.09,,0,0,0,0,,,-1.00,-1.00,-1.00,-1.00,-1.00,-1.00
2024-11-10T06:32:17Z,"0002cc0100000ec3","36545b15f1f941aa0615458cd83b2547000000000000ffffffffffffffffffff",2,4.10,,6,21.27,55.02,,0.07,,0,0,0,0,,,,-1.00,-1.00,-1.00,-1.00,-1.00
2024-11-10T06:38:13Z,"0002cc0100000ec3","36545b1755f941aa0615458d013b6705000000000000ffffffffffffffffffffffff",2,4.10,,6,21.27,55.08,,0.09,,0,0,0,0,,,-1.00,-1.00,-1.00,-1.00,-1.00,-1.00
2024-11-10T06:44:09Z,"0002cc0100000ec3","36545b18b9f941a20615418d1f3b4dbc000000000000ffffffffffffffffffff",2,4.10,,6,21.25,55.13,,0.08,,0,0,0,0,,,,-1.00,-1.00,-1.00,-1.00,-1.00
2024-11-10T06:50:06Z,"0002cc0100000ec3","36545b1a1ef941aa0615508e6a3b3e90000000000000ffffffffffffffffef6bfe5f",2,4.10,,6,21.31,55.63,,0.08,,0,0,0,0,,,-0.80,-0.23,-1.00,-1.00,-1.00,-1.00
2024-11-10T06:56:02Z,"0002cc0100000ec3","36545b1b82f941aa06154c8daa3b2547000000000000ffffffffffffffffffff",2,4.10,,6,21.30,55.34,,0.07,,0,0,0,0,,,,-1.00,-1.00,-1.00,-1.00,-1.00
2024-11-10T07:01:58Z,"0002cc0100000ec3","36545b1ce6f941a20615508dbb3b6705000000000000fffffffffffffda2ffffffff",2,4.10,,6,21.31,55.36,,0.09,,0,0,0,0,,,-1.00,-1.00,-0.70,-1.00,-1.00,-1.00
2024-11-10T07:07:54Z,"0002cc0100000ec3","36545b1e4af941af0615578daf3b6705000000000000ffffffffffffffffffff",2,4.11,,6,21.34,55.35,,0.09,,0,0,0,0,,,,-1.00,-1.00,-1.00,-1.00,-1.00
2024-11-10T07:13:50Z,"0002cc0100000ec3","36545b1faef941a20615508d943b6705000000000000ffffffffffffffffffff",2,4.10,,6,21.31,55.30,,0.09,,0,0,0,0,,,,-1.00,-1.00,-1.00,-1.00,-1.00
2024-11-10T07:19:46Z,"0002cc0100000ec3","36545b2112f941aa06154c8d6b3b3e90000000000000ffffffffffffffffffffffff",2,4.10,,6,21.30,55.24,,0.08,,0,0,0,0,,,-1.00,-1.00,-1.00,-1.00,-1.00,-1.00
2024-11-10T07:25:42Z,"0002cc0100000ec3","36545b2276f941a20615488d6a3b3e90000000000000ffffffffffffffffffffffff",2,4.10,,6,21.28,55.24,,0.08,,0,0,0,0,,,-1.00,-1.00,-1.00,-1.00,-1.00,-1.00
2024-11-10T07:31:38Z,"0002cc0100000ec3","36545b23daf941a206154c8d6b3b3e90000000000000ffffffffffffffffffff",2,4.10,,6,21.30,55.24,,0.08,,0,0,0,0,,,,-1.00,-1.00,-1.00,-1.00,-1.00
2024-11-10T07:37:35Z,"0002cc0100000ec3","36545b253ff941a20615488d413b3e90000000000000ffffffffffffffffffffffff",2,4.10,,6,21.28,55.18,,0.08,,0,0,0,0,,,-1.00,-1.00,-1.00,-1.00,-1.00,-1.00
2024-11-10T07:43:31Z,"0002cc0100000ec3","36545b26a3f941a206154c8d5b3b6705000000000000ffffffffffffffffffff",2,4.10,,6,21.30,55.22,,0.09,,0,0,0,0,,,,-1.00,-1.00,-1.00,-1.00,-1.00
2024-11-10T07:49:27Z,"0002cc0100000ec3","36545b2807f941a206154c8d233b4dbc000000000000ffffffffffffffffffff",2,4.10,,6,21.30,55.13,,0.08,,0,0,0,0,,,,-1.00,-1.00,-1.00,-1.00,-1.00
2024-11-10T07:55:23Z,"0002cc0100000ec3","36545b296bf941a206154c8d0b3b3e90000000000000ffffffffffffffffffffffff",2,4.10,,6,21.30,55.10,,0.08,,0,0,0,0,,,-1.00,-1.00,-1.00,-1.00,-1.00,-1.00
2024-11-10T08:01:19Z,"0002cc0100000ec3","36545b2acff941a20615508cdd3b6705000000000000ffffffffffffffffffff",2,4.10,,6,21.31,55.03,,0.09,,0,0,0,0,,,,-1.00,-1.00,-1.00,-1.00,-1.00
2024-11-10T08:07:15Z,"0002cc0100000ec3","36545b2c33f941a20615488cc23b6705000000000000ffffffffffffffffffffffff",2,4.10,,6,21.28,54.98,,0.09,,0,0,0,0,,,-1.00,-1.00,-1.00,-1.00,-1.00,-1.00
2024-11-10T08:13:11Z,"0002cc0100000ec3","36545b2d97f941a20615458cb13b6705000000000000ffffffffffffffffffff",2,4.10,,6,21.27,54.96,,0.09,,0,0,0,0,,,,-1.00,-1.00,-1.00,-1.00,-1.00
2024-11-10T08:19:07Z,"0002cc0100000ec3","36545b2efbf941a20615458c903b3e90000000000000ffffffffffffffffffff",2,4.10,,6,21.27,54.91,,0.08,,0,0,0,0,,,,-1.00,-1.00,-1.00,-1.00,-1.00
2024-11-10T08:25:03Z,"0002cc0100000ec3","36545b305ff941a20615418c8f3b3e90000000000000ffffffffffffffffffffffff",2,4.10,,6,21.25,54.91,,0.08,,0,0,0,0,,,-1.00,-1.00,-1.00,-1.00,-1.00,-1.00
2024-11-10T08:31:00Z,"0002cc0100000ec3","36545b31c4f941a206153e8c5d3b6705000000000000ffffffffffffffffffffffff",2,4.10,,6,21.24,54.83,,0.09,,0,0,0,0,,,-1.00,-1.00,-1.00,-1.00,-1.00,-1.00
2024-11-10T08:36:56Z,"0002cc0100000ec3","36545b3328f941a20615418c5f3b3e90000000000000ffffffffffffffffffff",2,4.10,,6,21.25,54.83,,0.08,,0,0,0,0,,,,-1.00,-1.00,-1.00,-1.00,-1.00
2024-11-10T08:42:52Z,"0002cc0100000ec3","36545b348cf20205000015418c383b3e90000000000000ffffffffffffffffffff",2,,2.5.0.0,,21.25,54.77,,0.08,,0,0,0,0,,,,-1.00,-1.00,-1.00,-1.00,-1.00
2024-11-10T08:48:48Z,"0002cc0100000ec3","36545b35f0f941a206153e8c2f3b3e90000000000000ffffffffffffffffffff",2,4.10,,6,21.24,54.76,,0.08,,0,0,0,0,,,,-1.00,-1.00,-1.00,-1.00,-1.00
2024-11-10T08:54:44Z,"0002cc0100000ec3","36545b3754f9419e06153e8c563b3e90000000000000ffffffffffffffffffff",2,4.10,,6,21.24,54.82,,0.08,,0,0,0,0,,,,-1.00,-1.00,-1.00,-1.00,-1.00
2024-11-10T09:00:40Z,"0002cc0100000ec3","36545b38b8f941a20615368c623b6705000000000000ffffffffffffffffffffffff",2,4.10,,6,21.21,54.84,,0.09,,0,0,0,0,,,-1.00,-1.00,-1.00,-1.00,-1.00,-1.00
2024-11-10T09:06:36Z,"0002cc0100000ec3","36545b3a1cf941a20615368c7b3b3e90000000000000ffffffffffffffffffff",2,4.10,,6,21.21,54.88,,0.08,,0,0,0,0,,,,-1.00,-1.00,-1.00,-1.00,-1.00
2024-11-10T09:12:32Z,"0002cc0100000ec3","36545b3b80f941a206153a8c633b6705000000000000ffffffffffffffffffffffff",2,4.10,,6,21.22,54.84,,0.09,,0,0,0,0,,,-1.00,-1.00,-1.00,-1.00,-1.00,-1.00
2024-11-10T09:18:28Z,"0002cc0100000ec3","36545b3ce4f941a206153e8c8d3b6705000000000000ffffffffffffffffffff",2,4.10,,6,21.24,54.90,,0.09,,0,0,0,0,,,,-1.00,-1.00,-1.00,-1.00,-1.00
2024-11-10T09:24:24Z,"0002cc0100000ec3","36545b3e48f941a206153e8c7e3b6705000000000000ffffffffffffffffffffffff",2,4.10,,6,21.24,54.88,,0.09,,0,0,0,0,,,-1.00,-1.00,-1.00,-1.00,-1.00,-1.00
2024-11-10T09:30:21Z,"0002cc0100000ec3","36545b3fadf941a206153e8cae3b3e90000000000000ffffffffffffffffffff",2,4.10,,6,21.24,54.95,,0.08,,0,0,0,0,,,,-1.00,-1.00,-1.00,-1.00,-1.00
2024-11-10T09:36:17Z,"0002cc0100000ec3","36545b4111f9419e06153e8cbd3b6705000000000000ffffffffffffffffffffffff",2,4.10,,6,21.24,54.98,,0.09,,0,0,0,0,,,-1.00,-1.00,-1.00,-1.00,-1.00,-1.00
2024-11-10T09:42:13Z,"0002cc0100000ec3","36545b4275f9419e0615368c623b3e90000000000000ffffffffffffffffffff",2,4.10,,6,21.21,54.84,,0.08,,0,0,0,0,,,,-1.00,-1.00,-1.00,-1.00,-1.00
2024-11-10T09:48:09Z,"0002cc0100000ec3","36545b43d9f941a206153e8c8d3b3e90000000000000ffffffffffffffffffff",2,4.10,,6,21.24,54.90,,0.08,,0,0,0,0,,,,-1.00,-1.00,-1.00,-1.00,-1.00
2024-11-10T09:54:05Z,"0002cc0100000ec3","36545b453df941a206153e8c8d3b6705000000000000ffffffffffffffffffffffff",2,4.10,,6,21.24,54.90,,0.09,,0,0,0,0,,,-1.00,-1.00,-1.00,-1.00,-1.00,-1.00
2024-11-10T10:00:01Z,"0002cc0100000ec3","36545b46a1f941a206153e8c7e3b6705000000000000ffffffffffffffffffff",2,4.10,,6,21.24,54.88,,0.09,,0,0,0,0,,,,-1.00,-1.00,-1.00,-1.00,-1.00
2024-11-10T10:05:57Z,"0002cc0100000ec3","36545b4805f9419e06153e8c863b3e90000000000000ffffffffffffffffffffffff",2,4.10,,6,21.24,54.89,,0.08,,0,0,0,0,,,-1.00,-1.00,-1.00,-1.00,-1.00,-1.00
2024-11-10T10:11:53Z,"0002cc0100000ec3","36545b4969f9419e06153a8c843b3e90000000000000ffffffffffffffffffff",2,4.10,,6,21.22,54.89,,0.08,,0,0,0,0,,,,-1.00,-1.00,-1.00,-1.00,-1.00
2024-11-10T10:17:49Z,"0002cc0100000ec3","36545b4acdf9419e06153a8c933b3e90000000000000ffffffffffffffffffff",2,4.10,,6,21.22,54.91,,0.08,,0,0,0,0,,,,-1.00,-1.00,-1.00,-1.00,-1.00
2024-11-10T10:23:46Z,"0002cc0100000ec3","36545b4c32f9419e0615458cc83b3e90000000000000ffffff25ffffffffffff",2,4.10,,6,21.27,54.99,,0.08,,0,0,0,0,,,,-1.00,-1.00,-1.00,-0.89,-1.00
2024-11-10T10:29:42Z,"0002cc0100000ec3","36545b4d96f9419e0615488da13b6705000000000000fffffffffffffffffe51",2,4.10,,6,21.28,55.32,,0.09,,0,0,0,0,,,,-0.79,-1.00,-1.00,-1.00,-1.00
2024-11-10T10:35:38Z,"0002cc0100000ec3","36545b4efaf9419206154c8daa3b6705000000000000ffffffffffffffffffffffff",2,4.10,,6,21.30,55.34,,0.09,,0,0,0,0,,,-1.00,-1.00,-1.00,-1.00,-1.00,-1.00
2024-11-10T10:41:34Z,"0002cc0100000ec3","36545b505ef9419e0615538dec3b6705000000000000ffffffffffffffffffff",2,4.10,,6,21.32,55.44,,0.09,,0,0,0,0,,,,-1.00,-1.00,-1.00,-1.00,-1.00
2024-11-10T10:47:30Z,"0002cc0100000ec3","36545b51c2f9419e06154c8e033b6705000000000000ffffffc4ffffffffffffffff",2,4.10,,6,21.30,55.47,,0.09,,0,0,0,0,,,-1.00,-1.00,-1.00,-1.00,-0.97,-1.00
2024-11-10T10:53:26Z,"0002cc0100000ec3","36545b5326f9419e06154c8e033b3e90000000000000ffffffffffffffffffff",2,4.10,,6,21.30,55.47,,0.08,,0,0,0,0,,,,-1.00,-1.00,-1.00,-1.00,-1.00
2024-11-10T10:59:22Z,"0002cc0100000ec3","36545b548af9419e06154c8e493b4dbc000000000000ffffffffffffffffffffffff",2,4.10,,6,21.30,55.58,,0.08,,0,0,0,0,,,-1.00,-1.00,-1.00,-1.00,-1.00,-1.00
2024-11-10T11:05:18Z,"0002cc0100000ec3","36545b55eef9419e0615488e373b3e90000000000000ffffffffffffffffffff",2,4.10,,6,21.28,55.55,,0.08,,0,0,0,0,,,,-1.00,-1.00,-1.00,-1.00,-1.00
2024-11-10T11:11:15Z,"0002cc0100000ec3","36545b5753f9419e0615538e643b3e90000000000000ffffffffffffffffffffffff",2,4.10,,6,21.32,55.62,,0.08,,0,0,0,0,,,-1.00,-1.00,-1.00,-1.00,-1.00,-1.00
2024-11-10T11:17:11Z,"0002cc0100000ec3","36545b58b7f9419e0615458e763b3e90000000000000ffffffffffffffffffff",2,4.10,,6,21.27,55.65,,0.08,,0,0,0,0,,,,-1.00,-1.00,-1.00,-1.00,-1.00
2024-11-10T11:23:07Z,"0002cc0100000ec3","36545b5a1bf9419e0615488e373b3e90000000000000ffffffffffffffffffff",2,4.10,,6,21.28,55.55,,0.08,,0,0,0,0,,,,-1.00,-1.00,-1.00,-1.00,-1.00
2024-11-10T11:29:03Z,"0002cc0100000ec3","36545b5b7ff9419e0615458e273b4dbc000000000000ffffffffffffffffffffffff",2,4.10,,6,21.27,55.53,,0.08,,0,0,0,0,,,-1.00,-1.00,-1.00,-1.00,-1.00,-1.00
2024-11-10T11:34:59Z,"0002cc0100000ec3","36545b5ce3f941960615418dbe3b6705000000000000ffffffffffffffffffff",2,4.10,,6,21.25,55.37,,0.09,,0,0,0,0,,,,-1.00,-1.00,-1.00,-1.00,-1.00
2024-11-10T11:40:55Z,"0002cc0100000ec3","36545b5e47f9419e0615458db63b6705000000000000ffffffffffffffffffff",2,4.10,,6,21.27,55.36,,0.09,,0,0,0,0,,,,-1.00,-1.00,-1.00,-1.00,-1.00
2024-11-10T11:46:51Z,"0002cc0100000ec3","36545b5fabf9419e0615418da63b3e90000000000000ffffffffffffffffffff",2,4.10,,6,21.25,55.33,,0.08,,0,0,0,0,,,,-1.00,-1.00,-1.00,-1.00,-1.00
2024-11-10T11:52:47Z,"0002cc0100000ec3","36545b610ff9419e0615458db63b6705000000000000ffffffffffffffffffff",2,4.10,,6,21.27,55.36,,0.09,,0,0,0,0,,,,-1.00,-1.00,-1.00,-1.00,-1.00
2024-11-10T11:58:43Z,"0002cc0100000ec3","36545b6273f9419e0615488d913b6705000000000000ffffffffffffffffffff",2,4.10,,6,21.28,55.30,,0.09,,0,0,0,0,,,,-1.00,-1.00,-1.00,-1.00,-1.00
2024-11-10T12:04:40Z,"0002cc0100000ec3","36545b63d8f9419e0615488d883b3e90000000000000ffffffffffffffffffff",2,4.10,,6,21.28,55.29,,0.08,,0,0,0,0,,,,-1.00,-1.00,-1.00,-1.00,-1.00
2024-11-10T12:10:36Z,"0002cc0100000ec3","36545b653cf9419606154c8d6b3b6705000000000000ffffffffffffffffffff",2,4.10,,6,21.30,55.24,,0.09,,0,0,0,0,,,,-1.00,-1.00,-1.00,-1.00,-1.00
2024-11-10T12:16:32Z,"0002cc0100000ec3","36545b66a0f941960615488d623b3e90000000000000ffffffffffffffffffff",2,4.10,,6,21.28,55.23,,0.08,,0,0,0,0,,,,-1.00,-1.00,-1.00,-1.00,-1.00
2024-11-10T12:22:28Z,"0002cc0100000ec3","36545b6804f941960615488d913b6705000000000000ffffffffffffffffffff",2,4.10,,6,21.28,55.30,,0.09,,0,0,0,0,,,,-1.00,-1.00,-1.00,-1.00,-1.00
2024-11-10T12:28:24Z,"0002cc0100000ec3","36545b6968f9419606154c8d733b3e90000000000000ffffffffffffffffffffffff",2,4.10,,6,21.30,55.25,,0.08,,0,0,0,0,,,-1.00,-1.00,-1.00,-1.00,-1.00,-1.00
2024-11-10T12:34:20Z,"0002cc0100000ec3","36545b6accf9419e06154c8d9b3b3e90000000000000ffffffffffffffffffff",2,4.10,,6,21.30,55.32,,0.08,,0,0,0,0,,,,-1.00,-1.00,-1.00,-1.00,-1.00
2024-11-10T12:40:16Z,"0002cc0100000ec3","36545b6c30f9419606154c8dc23b6705000000000000ffffffffffffffffffffffff",2,4.10,,6,21.30,55.37,,0.09,,0,0,0,0,,,-1.00,-1.00,-1.00,-1.00,-1.00,-1.00
2024-11-10T12:46:13Z,"0002cc0100000ec3","36545b6d95d20205000015458da0000000000000ffffffffffffffffffff",2,,2.5.0.0,,21.27,55.32,,,,0,0,0,0,,,,-1.00,-1.00,-1.00,-1.00,-1.00
2024-11-10T12:52:09Z,"0002cc0100000ec3","36545b6ef9f9419606154c8db9000000000000000000ffffffffffffffffffffffff",2,4.10,,6,21.30,55.36,,0.00,,0,0,0,0,,,-1.00,-1.00,-1.00,-1.00,-1.00,-1.00
2024-11-10T12:58:05Z,"0002cc0100000ec3","36545b705df941960615508d9d3b2547000000000000ffffffffffffffffffff",2,4.10,,6,21.31,55.32,,0.07,,0,0,0,0,,,,-1.00,-1.00,-1.00,-1.00,-1.00
2024-11-10T13:04:01Z,"0002cc0100000ec3","36545b71c1f941960615538d8c3b3e90000000000000ffffffffffffffffffffffff",2,4.10,,6,21.32,55.29,,0.08,,0,0,0,0,,,-1.00,-1.00,-1.00,-1.00,-1.00,-1.00
2024-11-10T13:09:57Z,"0002cc0100000ec3","36545b7325f941960615508d943b6705000000000000ffffffffffffffffffff",2,4.10,,6,21.31,55.30,,0.09,,0,0,0,0,,,,-1.00,-1.00,-1.00,-1.00,-1.00
2024-11-10T13:15:53Z,"0002cc0100000ec3","36545b7489f941960615508da43b6705000000000000ffffffffffffffffffff",2,4.10,,6,21.31,55.33,,0.09,,0,0,0,0,,,,-1.00,-1.00,-1.00,-1.00,-1.00
2024-11-10T13:21:49Z,"0002cc0100000ec3","36545b75edf9419606154c8dcb3b3e90000000000000ffffffffffffffffffff",2,4.10,,6,21.30,55.39,,0.08,,0,0,0,0,,,,-1.00,-1.00,-1.00,-1.00,-1.00
2024-11-10T13:27:45Z,"0002cc0100000ec3","36545b7751f941960615538dcd3b6705000000000000ffffffffffffffffffff",2,4.10,,6,21.32,55.39,,0.09,,0,0,0,0,,,,-1.00,-1.00,-1.00,-1.00,-1.00
2024-11-10T13:33:41Z,"0002cc0100000ec3","36545b78b5f941960615538dc53b3e90000000000000ffffffffffffffffffff",2,4.10,,6,21.32,55.38,,0.08,,0,0,0,0,,,,-1.00,-1.00,-1.00,-1.00,-1.00
2024-11-10T13:39:37Z,"0002cc0100000ec3","36545b7a19f9418a0615508dbb3b6705000000000000ffffffffffffffffffffffff",2,4.10,,6,21.31,55.36,,0.09,,0,0,0,0,,,-1.00,-1.00,-1.00,-1.00,-1.00,-1.00
2024-11-10T13:45:33Z,"0002cc0100000ec3","36545b7b7df941960615578dbe3b3e90000000000000ffffffffffffffffffff",2,4.10,,6,21.34,55.37,,0.08,,0,0,0,0,,,,-1.00,-1.00,-1.00,-1.00,-1.00
2024-11-10T13:51:29Z,"0002cc0100000ec3","36545b7ce1f941960615538dbc3b6705000000000000ffffffffffffffffffff",2,4.10,,6,21.32,55.37,,0.09,,0,0,0,0,,,,-1.00,-1.00,-1.00,-1.00,-1.00
2024-11-10T13:57:26Z,"0002cc0100000ec3","36545b7e46f941960615538da63b3e90000000000000ffffffffffffffffffff",2,4.10,,6,21.32,55.33,,0.08,,0,0,0,0,,,,-1.00,-1.00,-1.00,-1.00,-1.00
2024-11-10T14:03:22Z,"0002cc0100000ec3","36545b7faaf941960615578dbe3b6705000000000000ffffffffffffffffffff",2,4.10,,6,21.34,55.37,,0.09,,0,0,0,0,,,,-1.00,-1.00,-1.00,-1.00,-1.00
2024-11-10T14:09:18Z,"0002cc0100000ec3","36545b810ed9419606155b8dd1000000000000ffffffffffffffffffff",2,4.10,,6,21.35,55.40,,,,0,0,0,0,,,,-1.00,-1.00,-1.00,-1.00,-1.00
2024-11-10T14:15:14Z,"0002cc0100000ec3","36545b8272f941960615578dd7000000000000000000ffffffffffffffffffff",2,4.10,,6,21.34,55.41,,0.00,,0,0,0,0,,,,-1.00,-1.00,-1.00,-1.00,-1.00
2024-11-10T14:21:10Z,"0002cc0100000ec3","36545b83d6d941960615628e63000000000000ffffffffffffff4cfe04fc52",2,4.10,,6,21.38,55.62,,,,0,0,0,0,,,-0.54,-0.75,-0.91,-1.00,-1.00,-1.00
2024-11-10T14:27:06Z,"0002cc0100000ec3","36545b853af9419606155e8eb1000000000000000000ffffffffffffffffff95fe3e",2,4.10,,6,21.37,55.74,,0.00,,0,0,0,0,,,-0.78,-0.95,-1.00,-1.00,-1.00,-1.00
2024-11-10T14:33:02Z,"0002cc0100000ec3","36545b869ef9419606155b8ef0000000000000000000fffffffffffffd9cffca",2,4.10,,6,21.35,55.84,,0.00,,0,0,0,0,,,,-0.97,-0.70,-1.00,-1.00,-1.00
2024-11-10T14:38:59Z,"0002cc0100000ec3","36545b8803f941960615658f1a000000000000000000fffffeaafc51ff7dffffffff",2,4.10,,6,21.39,55.90,,0.00,,0,0,0,0,,,-1.00,-1.00,-0.94,-0.54,-0.83,-1.00
2024-11-10T14:44:55Z,"0002cc0100000ec3","36545b8967f9419206156c8f26000000000000000000fd24f5b8fffffe8bfe47",2,4.10,,6,21.42,55.92,,0.00,,0,0,0,0,,,,-0.78,-0.82,-1.00,-0.36,-0.64
2024-11-10T14:50:51Z,"0002cc0100000ec3","36545b8acbf941960615658f1a000000000000000000fffffe3fff02ffffffffffff",2,4.10,,6,21.39,55.90,,0.00,,0,0,0,0,,,-1.00,-1.00,-1.00,-0.88,-0.78,-1.00
2024-11-10T14:56:47Z,"0002cc0100000ec3","36545b8c2ff941960615658f53000000000000000000fffff7e2ffffffffffff",2,4.10,,6,21.39,55.99,,0.00,,0,0,0,0,,,,-1.00,-1.00,-1.00,-0.49,-1.00
2024-11-10T15:02:43Z,"0002cc0100000ec3","36545b8d93f9419606155e8f8f000000000000000000ff5dfffffffffffffe9a",2,4.10,,6,21.37,56.08,,0.00,,0,0,0,0,,,,-0.82,-1.00,-1.00,-1.00,-0.92
2024-11-10T15:08:40Z,"0002cc0100000ec3","36545b8ef8f941960615698fc3000000000000000000f5bfffc8ffffffffffff",2,4.10,,6,21.41,56.16,,0.00,,0,0,0,0,,,,-1.00,-1.00,-1.00,-0.97,-0.36
2024-11-10T15:14:36Z,"0002cc0100000ec3","36545b905cf9418a0615658fa2000000000000000000ffffffffffffffffffffffff",2,4.10,,6,21.39,56.11,,0.00,,0,0,0,0,,,-1.00,-1.00,-1.00,-1.00,-1.00,-1.00
2024-11-10T15:20:32Z,"0002cc0100000ec3","36545b91c0d941920615698f8c000000000000ffffffffffffffffffff",2,4.10,,6,21.41,56.07,,,,0,0,0,0,,,,-1.00,-1.00,-1.00,-1.00,-1.00
2024-11-10T15:26:28Z,"0002cc0100000ec3","36545b9324f941920615658f92000000000000000000ffffffffffffffffffffffff",2,4.10,,6,21.39,56.08,,0.00,,0,0,0,0,,,-1.00,-1.00,-1.00,-1.00,-1.00,-1.00
2024-11-10T15:32:24Z,"0002cc0100000ec3","36545b9488f941960615698fb4000000000000000000ffffffffffffffffffff",2,4.10,,6,21.41,56.13,,0.00,,0,0,0,0,,,,-1.00,-1.00,-1.00,-1.00,-1.00
2024-11-10T15:38:20Z,"0002cc0100000ec3","36545b95ecf941920615698fd4000000000000000000ffffffffffffffffffff",2,4.10,,6,21.41,56.18,,0.00,,0,0,0,0,,,,-1.00,-1.00,-1.00,-1.00,-1.00
2024-11-10T15:44:16Z,"0002cc0100000ec3","36545b9750d9419606156c8fe6000000000000ffffffffffffffffffff",2,4.10,,6,21.42,56.21,,,,0,0,0,0,,,,-1.00,-1.00,-1.00,-1.00,-1.00
2024-11-10T15:50:12Z,"0002cc0100000ec3","36545b98b4f9419206157b9023000000000000000000ffffffffffffffffffff",2,4.10,,6,21.48,56.30,,0.00,,0,0,0,0,,,,-1.00,-1.00,-1.00,-1.00,-1.00
2024-11-10T15:56:09Z,"0002cc0100000ec3","36545b9a19f941920615779011000000000000000000ffffffffffffffffffffffff",2,4.10,,6,21.46,56.28,,0.00,,0,0,0,0,,,-1.00,-1.00,-1.00,-1.00,-1.00,-1.00
2024-11-10T16:02:05Z,"0002cc0100000ec3","36545b9b7df941920615779011000000000000000000ffffffffffffffffffffffff",2,4.10,,6,21.46,56.28,,0.00,,0,0,0,0,,,-1.00,-1.00,-1.00,-1.00,-1.00,-1.00
2024-11-10T16:08:01Z,"0002cc0100000ec3","36545b9ce1f941920615779011000000000000000000ffffffffffffffffffff",2,4.10,,6,21.46,56.28,,0.00,,0,0,0,0,,,,-1.00,-1.00,-1.00,-1.00,-1.00
2024-11-10T16:13:57Z,"0002cc0100000ec3","36545b9e45f9419206157b9032000000000000000000ffffffffffffffffffffffff",2,4.10,,6,21.48,56.33,,0.00,,0,0,0,0,,,-1.00,-1.00,-1.00,-1.00,-1.00,-1.00
2024-11-10T16:19:53Z,"0002cc0100000ec3","36545b9fa9f9419206157e904d000000000000000000fffffffffffffe0effbe",2,4.10,,6,21.49,56.37,,0.00,,0,0,0,0,,,,-0.97,-0.76,-1.00,-1.00,-1.00
2024-11-10T16:25:49Z,"0002cc0100000ec3","36545ba10df941920615869088000000000000000000fdfbfffffffffffffffffee4",2,4.10,,6,21.52,56.46,,0.00,,0,0,0,0,,,-0.86,-1.00,-1.00,-1.00,-1.00,-0.75
2024-11-10T16:31:46Z,"0002cc0100000ec3","36545ba272d94196061582909d000000000000fffffde1feb0ffffffff",2,4.10,,6,21.51,56.49,,,,0,0,0,0,,,,-1.00,-1.00,-0.84,-0.73,-1.00
2024-11-10T16:37:42Z,"0002cc0100000ec3","36545ba3d6f9419206158290c5000000000000000000ffffffffff5efd6cfcac",2,4.10,,6,21.51,56.55,,0.00,,0,0,0,0,,,,-0.58,-0.68,-0.92,-1.00,-1.00
2024-11-10T16:43:38Z,"0002cc0100000ec3","36545ba53af9419206157e90f4000000000000000000febafcc0ffdcffffffff",2,4.10,,6,21.49,56.62,,0.00,,0,0,0,0,,,,-1.00,-1.00,-0.98,-0.59,-0.84
2024-11-10T16:49:34Z,"0002cc0100000ec3","36545ba69ed202050000157e912b000000000000fffffffffffffee4fe45fe9b",2,,2.5.0.0,,21.49,56.71,,,,0,0,0,0,,,-0.83,-0.78,-0.86,-1.00,-1.00,-1.00
2024-11-10T16:55:30Z,"0002cc0100000ec3","36545ba802f94192061582916d000000000000000000fffffdecfe03ffcaffff",2,4.10,,6,21.51,56.81,,0.00,,0,0,0,0,,,,-1.00,-0.97,-0.75,-0.74,-1.00
2024-11-10T17:01:26Z,"0002cc0100000ec3","36545ba966d9419a06157b916a000000000000ffffffffffffffffffff",2,4.10,,6,21.48,56.80,,,,0,0,0,0,,,,-1.00,-1.00,-1.00,-1.00,-1.00
2024-11-10T17:07:23Z,"0002cc0100000ec3","36545baacbf9418a06157e91d3000000000000000000fe2ffffffffffc06ffffffff",2,4.10,,6,21.49,56.96,,0.00,,0,0,0,0,,,-1.00,-1.00,-0.50,-1.00,-1.00,-0.77
2024-11-10T17:13:19Z,"0002cc0100000ec3","36545bac2ff9419206158291c4000000000000000000ffffffffffe4ffc2ffff",2,4.10,,6,21.51,56.94,,0.00,,0,0,0,0,,,,-1.00,-0.97,-0.99,-1.00,-1.00
2024-11-10T17:19:15Z,"0002cc0100000ec3","36545bad93d9419206157e9203000000000000fffffffffffffffffecc",2,4.10,,6,21.49,57.04,,,,0,0,0,0,,,,-0.85,-1.00,-1.00,-1.00,-1.00
2024-11-10T17:25:11Z,"0002cc0100000ec3","36545baef7f94192061586922d000000000000000000fffffe93ffe6ffffffff",2,4.10,,6,21.52,57.10,,0.00,,0,0,0,0,,,,-1.00,-1.00,-0.99,-0.82,-1.00
2024-11-10T17:31:07Z,"0002cc0100000ec3","36545bb05bf9418a06157e923b000000000000000000ffffffffffffffffffff",2,4.10,,6,21.49,57.12,,0.00,,0,0,0,0,,,,-1.00,-1.00,-1.00,-1.00,-1.00
2024-11-10T17:37:03Z,"0002cc0100000ec3","36545bb1bff9418a06157b9257000000000000000000ffffffffffffffffffff",2,4.10,,6,21.48,57.16,,0.00,,0,0,0,0,,,,-1.00,-1.00,-1.00,-1.00,-1.00
2024-11-10T17:42:59Z,"0002cc0100000ec3","36545bb323f9419206158692dd000000000000000000ffffffffffffff40ff7d",2,4.10,,6,21.52,57.37,,0.00,,0,0,0,0,,,,-0.94,-0.91,-1.00,-1.00,-1.00
2024-11-10T17:48:56Z,"0002cc0100000ec3","36545bb488f9418a06157b92cf000000000000000000ffffffffffffffffffffffff",2,4.10,,6,21.48,57.35,,0.00,,0,0,0,0,,,-1.00,-1.00,-1.00,-1.00,-1.00,-1.00
2024-11-10T17:54:52Z,"0002cc0100000ec3","36545bb5ecd9419206157e92e1000000000000ffffffffffffffffffff",2,4.10,,6,21.49,57.38,,,,0,0,0,0,,,,-1.00,-1.00,-1.00,-1.00,-1.00
2024-11-10T18:00:48Z,"0002cc0100000ec3","36545bb750f9419206157e9319000000000000000000ffffffffffffffffffffffff",2,4.10,,6,21.49,57.46,,0.00,,0,0,0,0,,,-1.00,-1.00,-1.00,-1.00,-1.00,-1.00
2024-11-10T18:06:44Z,"0002cc0100000ec3","36545bb8b4f9418a06159493a1000000000000000000fffffddaffffffffffff",2,4.10,,6,21.58,57.67,,0.00,,0,0,0,0,,,,-1.00,-1.00,-1.00,-0.73,-1.00
2024-11-10T18:12:40Z,"0002cc0100000ec3","36545bba18d9418a06159b93c5000000000000ffffffffffffffffffff",2,4.10,,6,21.60,57.72,,,,0,0,0,0,,,,-1.00,-1.00,-1.00,-1.00,-1.00
2024-11-10T18:18:36Z,"0002cc0100000ec3","36545bbb7cf9418a06159893da000000000000000000ffffffffffffffffffffffff",2,4.10,,6,21.59,57.76,,0.00,,0,0,0,0,,,-1.00,-1.00,-1.00,-1.00,-1.00,-1.00
2024-11-10T18:24:33Z,"0002cc0100000ec3","36545bbce1f9418a06159193c1000000000000000000ffffffffffffffffffff",2,4.10,,6,21.56,57.72,,0.00,,0,0,0,0,,,,-1.00,-1.00,-1.00,-1.00,-1.00
2024-11-10T18:30:29Z,"0002cc0100000ec3","36545bbe45f9418a06158293d1000000000000000000ffffffffffffffffffff",2,4.10,,6,21.51,57.74,,0.00,,0,0,0,0,,,,-1.00,-1.00,-1.00,-1.00,-1.00
2024-11-10T18:36:25Z,"0002cc0100000ec3","36545bbfa9f9418a06157e93b9000000000000000000ffffffffffffffffffff",2,4.10,,6,21.49,57.71,,0.00,,0,0,0,0,,,,-1.00,-1.00,-1.00,-1.00,-1.00
2024-11-10T18:42:21Z,"0002cc0100000ec3","36545bc10df9418a06157493bc000000000000000000ffffffffffffffffffff",2,4.10,,6,21.45,57.71,,0.00,,0,0,0,0,,,,-1.00,-1.00,-1.00,-1.00,-1.00
2024-11-10T18:48:17Z,"0002cc0100000ec3","36545bc271d9418a06157b93d6000000000000ffffffffffffffffffff",2,4.10,,6,21.48,57.75,,,,0,0,0,0,,,,-1.00,-1.00,-1.00,-1.00,-1.00
2024-11-10T18:54:13Z,"0002cc0100000ec3","36545bc3d5f9418a06157493eb000000000000000000ffffffffffffffffffffffff",2,4.10,,6,21.45,57.78,,0.00,,0,0,0,0,,,-1.00,-1.00,-1.00,-1.00,-1.00,-1.00
2024-11-10T19:00:09Z,"0002cc0100000ec3","36545bc539d9418a06156c93d0000000000000ffffffffffffffffffff",2,4.10,,6,21.42,57.74,,,,0,0,0,0,,,,-1.00,-1.00,-1.00,-1.00,-1.00
2024-11-10T19:06:05Z,"0002cc0100000ec3","36545bc69df9418a06157493f4000000000000000000ffffffffffffffffffff",2,4.10,,6,21.45,57.80,,0.00,,0,0,0,0,,,,-1.00,-1.00,-1.00,-1.00,-1.00
2024-11-10T19:12:01Z,"0002cc0100000ec3","36545bc801f9418a06157093da000000000000000000ffffffffffffffffffff",2,4.10,,6,21.44,57.76,,0.00,,0,0,0,0,,,,-1.00,-1.00,-1.00,-1.00,-1.00
2024-11-10T19:17:58Z,"0002cc0100000ec3","36545bc966f9418a0615699377000000000000000000ffffffffffffffffffffffff",2,4.10,,6,21.41,57.60,,0.00,,0,0,0,0,,,-1.00,-1.00,-1.00,-1.00,-1.00,-1.00
2024-11-10T19:23:54Z,"0002cc0100000ec3","36545bcacaf9418a061565935e000000000000000000ffffffffffffffffffff",2,4.10,,6,21.39,57.57,,0.00,,0,0,0,0,,,,-1.00,-1.00,-1.00,-1.00,-1.00
2024-11-10T19:29:50Z,"0002cc0100000ec3","36545bcc2ef9418a06155e935b000000000000000000ffffffffffffffffffff",2,4.10,,6,21.37,57.56,,0.00,,0,0,0,0,,,,-1.00,-1.00,-1.00,-1.00,-1.00
2024-11-10T19:35:46Z,"0002cc0100000ec3","36545bcd92f9418a0615579358000000000000000000ffffffffffffffffffffffff",2,4.10,,6,21.34,57.56,,0.00,,0,0,0,0,,,-1.00,-1.00,-1.00,-1.00,-1.00,-1.00
2024-11-10T19:41:42Z,"0002cc0100000ec3","36545bcef6f94196061557934f000000000000000000ffffffffffffffffffff",2,4.10,,6,21.34,57.54,,0.00,,0,0,0,0,,,,-1.00,-1.00,-1.00,-1.00,-1.00
2024-11-10T19:47:38Z,"0002cc0100000ec3","36545bd05af9417d061550934c000000000000000000ffffffffffffffffffff",2,4.09,,6,21.31,57.54,,0.00,,0,0,0,0,,,,-1.00,-1.00,-1.00,-1.00,-1.00
2024-11-10T19:53:34Z,"0002cc0100000ec3","36545bd1bef9418a0615539346000000000000000000ffffffffffffffffffffffff",2,4.10,,6,21.32,57.53,,0.00,,0,0,0,0,,,-1.00,-1.00,-1.00,-1.00,-1.00,-1.00
2024-11-10T19:59:30Z,"0002cc0100000ec3","36545bd322f9418a0615509344000000000000000000ffffffffffffffffffff",2,4.10,,6,21.31,57.53,,0.00,,0,0,0,0,,,,-1.00,-1.00,-1.00,-1.00,-1.00
2024-11-10T20:05:26Z,"0002cc0100000ec3","36545bd486f9418a06154c931c000000000000000000ffffffffffffffffffff",2,4.10,,6,21.30,57.47,,0.00,,0,0,0,0,,,,-1.00,-1.00,-1.00,-1.00,-1.00
2024-11-10T20:11:22Z,"0002cc0100000ec3","36545bd5eaf9418a0615489319000000000000000000ffffffffffffffffffffffff",2,4.10,,6,21.28,57.46,,0.00,,0,0,0,0,,,-1.00,-1.00,-1.00,-1.00,-1.00,-1.00
2024-11-10T20:17:19Z,"0002cc0100000ec3","36545bd74ff9418a0615459317000000000000000000ffffffffffffffffffff",2,4.10,,6,21.27,57.46,,0.00,,0,0,0,0,,,,-1.00,-1.00,-1.00,-1.00,-1.00
2024-11-10T20:23:15Z,"0002cc0100000ec3","36545bd8b3f9418a06154592ff000000000000000000ffffffffffffffffffff",2,4.10,,6,21.27,57.42,,0.00,,0,0,0,0,,,,-1.00,-1.00,-1.00,-1.00,-1.00
2024-11-10T20:29:11Z,"0002cc0100000ec3","36545bda17f9418a06154592f8000000000000000000ffffffffffffffffffff",2,4.10,,6,21.27,57.41,,0.00,,0,0,0,0,,,,-1.00,-1.00,-1.00,-1.00,-1.00
2024-11-10T20:35:07Z,"0002cc0100000ec3","36545bdb7bf9418a0615419307000000000000000000ffffffffffffffffffffffff",2,4.10,,6,21.25,57.43,,0.00,,0,0,0,0,,,-1.00,-1.00,-1.00,-1.00,-1.00,-1.00
2024-11-10T20:41:03Z,"0002cc0100000ec3","36545bdcdff9418a06153e931d000000000000000000ffffffffffffffffffff",2,4.10,,6,21.24,57.47,,0.00,,0,0,0,0,,,,-1.00,-1.00,-1.00,-1.00,-1.00
2024-11-10T20:46:59Z,"0002cc0100000ec3","36545bde43f9417d0615419337000000000000000000ffffffffffffffffffff",2,4.09,,6,21.25,57.51,,0.00,,0,0,0,0,,,,-1.00,-1.00,-1.00,-1.00,-1.00
2024-11-10T20:52:55Z,"0002cc0100000ec3","36545bdfa7f20205000015489341000000000000000000ffffffffffffffffffff",2,,2.5.0.0,,21.28,57.52,,0.00,,0,0,0,0,,,,-1.00,-1.00,-1.00,-1.00,-1.00
2024-11-10T20:58:51Z,"0002cc0100000ec3","36545be10bf9417d0615489361000000000000000000ffffffffffffffffffff",2,4.09,,6,21.28,57.57,,0.00,,0,0,0,0,,,,-1.00,-1.00,-1.00,-1.00,-1.00
2024-11-10T21:04:47Z,"0002cc0100000ec3","36545be26ff9418a061550937c000000000000000000ffffffffffffffffffffffff",2,4.10,,6,21.31,57.61,,0.00,,0,0,0,0,,,-1.00,-1.00,-1.00,-1.00,-1.00,-1.00
2024-11-10T21:10:43Z,"0002cc0100000ec3","36545be3d3f941820615489359000000000000000000ffffffffffffffffffff",2,4.09,,6,21.28,57.56,,0.00,,0,0,0,0,,,,-1.00,-1.00,-1.00,-1.00,-1.00
2024-11-10T21:16:40Z,"0002cc0100000ec3","36545be538f9418a06154c934a000000000000000000ffffffffffffffffffffffff",2,4.10,,6,21.30,57.54,,0.00,,0,0,0,0,,,-1.00,-1.00,-1.00,-1.00,-1.00,-1.00
2024-11-10T21:22:36Z,"0002cc0100000ec3","36545be69cf94182061550936d000000000000000000ffffffffffffffffffff",2,4.09,,6,21.31,57.59,,0.00,,0,0,0,0,,,,-1.00,-1.00,-1.00,-1.00,-1.00
2024-11-10T21:28:32Z,"0002cc0100000ec3","36545be800f9418206154c938b000000000000000000ffffffffffffffffffffffff",2,4.09,,6,21.30,57.63,,0.00,,0,0,0,0,,,-1.00,-1.00,-1.00,-1.00,-1.00,-1.00
2024-11-10T21:34:28Z,"0002cc0100000ec3","36545be964f9418206154c938b000000000000000000ffffffffffffffffffff",2,4.09,,6,21.30,57.63,,0.00,,0,0,0,0,,,,-1.00,-1.00,-1.00,-1.00,-1.00
2024-11-10T21:40:24Z,"0002cc0100000ec3","36545beac8f94182061541938e000000000000000000ffffffffffffffffffffffff",2,4.09,,6,21.25,57.64,,0.00,,0,0,0,0,,,-1.00,-1.00,-1.00,-1.00,-1.00,-1.00
2024-11-10T21:46:20Z,"0002cc0100000ec3","36545bec2cf9418206154893b0000000000000000000ffffffffffffffffffff",2,4.09,,6,21.28,57.69,,0.00,,0,0,0,0,,,,-1.00,-1.00,-1.00,-1.00,-1.00
2024-11-10T21:52:17Z,"0002cc0100000ec3","36545bed91d9418206155393d6000000000000ffffffffffffffffffffffff",2,4.09,,6,21.32,57.75,,,,0,0,0,0,,,-1.00,-1.00,-1.00,-1.00,-1.00,-1.00
2024-11-10T21:58:12Z,"0002cc0100000ec3","36545beef4f94182061553940d000000000000000000ffffffffffffffffffff",2,4.09,,6,21.32,57.83,,0.00,,0,0,0,0,,,,-1.00,-1.00,-1.00,-1.00,-1.00
2024-11-10T22:04:08Z,"0002cc0100000ec3","36545bf058f94182061550940c000000000000000000ffffffffffffffffffff",2,4.09,,6,21.31,57.83,,0.00,,0,0,0,0,,,,-1.00,-1.00,-1.00,-1.00,-1.00
2024-11-10T22:10:04Z,"0002cc0100000ec3","36545bf1bcf9418206154c9403000000000000000000ffffffffffffffffffff",2,4.09,,6,21.30,57.82,,0.00,,0,0,0,0,,,,-1.00,-1.00,-1.00,-1.00,-1.00
2024-11-10T22:16:00Z,"0002cc0100000ec3","36545bf320f9418206155793f5000000000000000000ffffffffffffffffffff",2,4.09,,6,21.34,57.80,,0.00,,0,0,0,0,,,,-1.00,-1.00,-1.00,-1.00,-1.00
2024-11-10T22:21:57Z,"0002cc0100000ec3","36545bf485f9417d0615579446000000000000000000ffffffffffffffffffffffff",2,4.09,,6,21.34,57.92,,0.00,,0,0,0,0,,,-1.00,-1.00,-1.00,-1.00,-1.00,-1.00
2024-11-10T22:27:53Z,"0002cc0100000ec3","36545bf5e9d94182061565947c000000000000ffffffffffffffffffff",2,4.09,,6,21.39,58.00,,,,0,0,0,0,,,,-1.00,-1.00,-1.00,-1.00,-1.00
2024-11-10T22:33:49Z,"0002cc0100000ec3","36545bf74df941820615699467000000000000000000ffffffffffffffffffffffff",2,4.09,,6,21.41,57.97,,0.00,,0,0,0,0,,,-1.00,-1.00,-1.00,-1.00,-1.00,-1.00
2024-11-10T22:39:45Z,"0002cc0100000ec3","36545bf8b1f9418206156c9478000000000000000000ffffffffffffffffffff",2,4.09,,6,21.42,58.00,,0.00,,0,0,0,0,,,,-1.00,-1.00,-1.00,-1.00,-1.00
2024-11-10T22:45:41Z,"0002cc0100000ec3","36545bfa15f941820615709479000000000000000000ffffffffffffffffffff",2,4.09,,6,21.44,58.00,,0.00,,0,0,0,0,,,,-1.00,-1.00,-1.00,-1.00,-1.00
2024-11-10T22:51:38Z,"0002cc0100000ec3","36545bfb7ad9418206156c9457000000000000ffffffffffffffffffffffff",2,4.09,,6,21.42,57.95,,,,0,0,0,0,,,-1.00,-1.00,-1.00,-1.00,-1.00,-1.00
2024-11-10T22:57:33Z,"0002cc0100000ec3","36545bfcddf94182061569945d000000000000000000ffffffffffffffffffff",2,4.09,,6,21.41,57.96,,0.00,,0,0,0,0,,,,-1.00,-1.00,-1.00,-1.00,-1.00
2024-11-10T23:03:29Z,"0002cc0100000ec3","36545bfe41f9418206156c948e000000000000000000ffffffffffffffffffff",2,4.09,,6,21.42,58.03,,0.00,,0,0,0,0,,,,-1.00,-1.00,-1.00,-1.00,-1.00
2024-11-10T23:09:26Z,"0002cc0100000ec3","36545bffa6d9418206157e94c6000000000000ffffffffffffffffffffffff",2,4.09,,6,21.49,58.12,,,,0,0,0,0,,,-1.00,-1.00,-1.00,-1.00,-1.00,-1.00
2024-11-10T23:15:22Z,"0002cc0100000ec3","36545c010af9418206158294b1000000000000000000ffffffffffffffffffff",2,4.09,,6,21.51,58.08,,0.00,,0,0,0,0,,,,-1.00,-1.00,-1.00,-1.00,-1.00
2024-11-10T23:21:18Z,"0002cc0100000ec3","36545c026ed9418206158294c9000000000000ffffffffffffffffffff",2,4.09,,6,21.51,58.12,,,,0,0,0,0,,,,-1.00,-1.00,-1.00,-1.00,-1.00
2024-11-10T23:27:14Z,"0002cc0100000ec3","36545c03d2f9417d0615989521000000000000000000ffffffffffffffffffff",2,4.09,,6,21.59,58.25,,0.00,,0,0,0,0,,,,-1.00,-1.00,-1.00,-1.00,-1.00
2024-11-10T23:33:10Z,"0002cc0100000ec3","36545c0536f9417106159194e7000000000000000000ffffffffffffffffffffffff",2,4.09,,6,21.56,58.17,,0.00,,0,0,0,0,,,-1.00,-1.00,-1.00,-1.00,-1.00,-1.00
2024-11-10T23:39:06Z,"0002cc0100000ec3","36545c069af9418206158d94e5000000000000000000ffffffffffffffffffff",2,4.09,,6,21.55,58.16,,0.00,,0,0,0,0,,,,-1.00,-1.00,-1.00,-1.00,-1.00
2024-11-10T23:45:02Z,"0002cc0100000ec3","36545c07fef9417d06158694f1000000000000000000ffffffffffffffffffffffff",2,4.09,,6,21.52,58.18,,0.00,,0,0,0,0,,,-1.00,-1.00,-1.00,-1.00,-1.00,-1.00
2024-11-10T23:50:58Z,"0002cc0100000ec3","36545c0962f9417d06157b94f4000000000000000000ffffffffffffffffffff",2,4.09,,6,21.48,58.19,,0.00,,0,0,0,0,,,,-1.00,-1.00,-1.00,-1.00,-1.00
2024-11-10T23:56:55Z,"0002cc0100000ec3","36545c0ac7f9418206157b94ed000000000000000000ffffffffffffffffffffffff",2,4.09,,6,21.48,58.18,,0.00,,0,0,0,0,,,-1.00,-1.00,-1.00,-1.00,-1.00,-1.00
