Time,DevEUI,Raw,Port,Vbat,Version,BootCount,T,RH,P,Light,CO2,P[0].delta,P[0].total,P[1].delta,P[1].total,Act[7],Act[6],Act[5],Act[4],Act[3],Act[2],Act[1],Act[0]
2024-11-16T00:02:48Z,"0002cc0100000ec3","365462a3a8f9406b0615bc8eb8000000000000000000ffffff6dfffffff5fef6ffff",2,4.03,,6,21.73,55.75,,0.00,,0,0,0,0,,,-1.00,-0.87,-0.99,-1.00,-0.93,-1.00
2024-11-16T00:08:44Z,"0002cc0100000ec3","365462a50cf9406b0615bc8ec0000000000000000000ff82ff80fcb3f72cfeeafeb3",2,4.03,,6,21.73,55.76,,0.00,,0,0,0,0,,,-0.84,-0.86,-0.45,-0.59,-0.94,-0.94
2024-11-16T00:14:40Z,"0002cc0100000ec3","365462a670f9406b0615c08f81000000000000000000fcacfcf7fd71fdb1fe11",2,4.03,,6,21.75,56.06,,0.00,,0,0,0,0,,,,-0.76,-0.71,-0.68,-0.62,-0.58
2024-11-16T00:20:37Z,"0002cc0100000ec3","365462a7d5d9406b0615bc8e78000000000000ffa8ffddff4ffe54ffff",2,4.03,,6,21.73,55.65,,,,0,0,0,0,,,,-1.00,-0.79,-0.91,-0.98,-0.96
2024-11-16T00:26:33Z,"0002cc0100000ec3","365462a939f9406b0615bc8df8000000000000000000ff93fcb67c56ff0effff",2,4.03,,6,21.73,55.46,,0.00,,0,0,0,0,,,,-1.00,-0.88,0.54,-0.59,-0.95
2024-11-16T00:32:29Z,"0002cc0100000ec3","365462aa9df9406b0615bc8de0000000000000000000ffffffdafc2ffffffd6ffd4a",2,4.03,,6,21.73,55.42,,0.00,,0,0,0,0,,,-0.66,-0.68,-1.00,-0.52,-0.98,-1.00
2024-11-16T00:38:25Z,"0002cc0100000ec3","365462ac01f940630615b48dc5000000000000000000fed8ffffffffffffffff",2,4.02,,6,21.70,55.38,,0.00,,0,0,0,0,,,,-1.00,-1.00,-1.00,-1.00,-0.86
2024-11-16T00:44:21Z,"0002cc0100000ec3","365462ad65f9406b0615b98d7f000000000000000000ff0cffffffffffdcfee3",2,4.03,,6,21.72,55.27,,0.00,,0,0,0,0,,,,-0.86,-0.98,-1.00,-1.00,-0.88
2024-11-16T00:50:18Z,"0002cc0100000ec3","365462aecaf940630615b48dfd000000000000000000ff96ff5dfec1fe91ff13fed2",2,4.02,,6,21.70,55.47,,0.00,,0,0,0,0,,,-0.85,-0.88,-0.82,-0.84,-0.92,-0.95
2024-11-16T00:56:14Z,"0002cc0100000ec3","365462b02ef940630615b18d8c000000000000000000ffffffa9ffc4ffffffffffff",2,4.02,,6,21.69,55.29,,0.00,,0,0,0,0,,,-1.00,-1.00,-1.00,-0.97,-0.96,-1.00
2024-11-16T01:02:10Z,"0002cc0100000ec3","365462b192d940630615ad8d73000000000000fffffff6f5a974b6def5",2,4.02,,6,21.68,55.25,,,,0,0,0,0,,,,-0.05,0.29,-0.35,-1.00,-1.00
2024-11-16T01:08:06Z,"0002cc0100000ec3","365462b2f6f940630615b98d580000000000000000007db86410fc23e54ae7c9",2,4.02,,6,21.72,55.21,,0.00,,0,0,0,0,,,,-0.12,-0.08,-0.52,0.06,0.71
2024-11-16T01:14:02Z,"0002cc0100000ec3","365462b45af940630615b48cf6000000000000000000ffffffffffffffffffffffff",2,4.02,,6,21.70,55.06,,0.00,,0,0,0,0,,,-1.00,-1.00,-1.00,-1.00,-1.00,-1.00
2024-11-16T01:19:58Z,"0002cc0100000ec3","365462b5bef940630615a98cda000000000000000000ffffffffffffffffffff",2,4.02,,6,21.66,55.02,,0.00,,0,0,0,0,,,,-1.00,-1.00,-1.00,-1.00,-1.00
2024-11-16T01:25:55Z,"0002cc0100000ec3","365462b723f940630615a98c8a000000000000000000ffffffffffffffffffffffff",2,4.02,,6,21.66,54.90,,0.00,,0,0,0,0,,,-1.00,-1.00,-1.00,-1.00,-1.00,-1.00
2024-11-16T01:31:51Z,"0002cc0100000ec3","365462b887f9406b06159f8c6e000000000000000000ffffffffffffffffffff",2,4.03,,6,21.62,54.86,,0.00,,0,0,0,0,,,,-1.00,-1.00,-1.00,-1.00,-1.00
2024-11-16T01:37:47Z,"0002cc0100000ec3","365462b9ebf940630615a28c57000000000000000000ffffffffffffffffffffffff",2,4.02,,6,21.63,54.82,,0.00,,0,0,0,0,,,-1.00,-1.00,-1.00,-1.00,-1.00,-1.00
2024-11-16T01:43:43Z,"0002cc0100000ec3","365462bb4ff9406306159b8c7d000000000000000000ffffffffffffffffffff",2,4.02,,6,21.60,54.88,,0.00,,0,0,0,0,,,,-1.00,-1.00,-1.00,-1.00,-1.00
2024-11-16T01:49:39Z,"0002cc0100000ec3","365462bcb3f940630615988c83000000000000000000ffffffffffffffffffffffff",2,4.02,,6,21.59,54.89,,0.00,,0,0,0,0,,,-1.00,-1.00,-1.00,-1.00,-1.00,-1.00
2024-11-16T01:55:35Z,"0002cc0100000ec3","365462be17f940630615948c7a000000000000000000ffffffffffffffffffff",2,4.02,,6,21.58,54.87,,0.00,,0,0,0,0,,,,-1.00,-1.00,-1.00,-1.00,-1.00
2024-11-16T02:01:31Z,"0002cc0100000ec3","365462bf7bf9406306158d8c6e000000000000000000ffffffffffffffffffff",2,4.02,,6,21.55,54.86,,0.00,,0,0,0,0,,,,-1.00,-1.00,-1.00,-1.00,-1.00
2024-11-16T02:07:27Z,"0002cc0100000ec3","365462c0dff940630615918c68000000000000000000ffffffffffffffffffffffff",2,4.02,,6,21.56,54.85,,0.00,,0,0,0,0,,,-1.00,-1.00,-1.00,-1.00,-1.00,-1.00
2024-11-16T02:13:23Z,"0002cc0100000ec3","365462c243f940630615918c784307aa000000000000ffffffffffffffffffff",2,4.02,,6,21.56,54.87,,16.48,,0,0,0,0,,,,-1.00,-1.00,-1.00,-1.00,-1.00
2024-11-16T02:19:19Z,"0002cc0100000ec3","365462c3a7f9406306158d8cce4329b6000000000000ffffffffffffffffffffffff",2,4.02,,6,21.55,55.00,,18.61,,0,0,0,0,,,-1.00,-1.00,-1.00,-1.00,-1.00,-1.00
2024-11-16T02:25:15Z,"0002cc0100000ec3","365462c50bf940630615988c6b432a3d000000000000ffffffffffffffffffff",2,4.02,,6,21.59,54.85,,18.64,,0,0,0,0,,,,-1.00,-1.00,-1.00,-1.00,-1.00
2024-11-16T02:31:11Z,"0002cc0100000ec3","365462c66ff940630615a68bf94329ba000000000000ffffffffffffffffffff",2,4.02,,6,21.65,54.68,,18.61,,0,0,0,0,,,,-1.00,-1.00,-1.00,-1.00,-1.00
2024-11-16T02:37:08Z,"0002cc0100000ec3","365462c7d4f20205000015ad8ba543299b000000000000ffffffffffffffffffffffff",2,,2.5.0.0,,21.68,54.55,,18.60,,0,0,0,0,,,-1.00,-1.00,-1.00,-1.00,-1.00,-1.00
2024-11-16T02:43:04Z,"0002cc0100000ec3","365462c938f9405b0615c08b15432787000000000000ffffffffffffffffffff",2,4.02,,6,21.75,54.33,,18.47,,0,0,0,0,,,,-1.00,-1.00,-1.00,-1.00,-1.00
2024-11-16T02:49:00Z,"0002cc0100000ec3","365462ca9cf940630615c78aa043282e000000000000ffffffffffffffffffff",2,4.02,,6,21.78,54.15,,18.51,,0,0,0,0,,,,-1.00,-1.00,-1.00,-1.00,-1.00
2024-11-16T02:54:56Z,"0002cc0100000ec3","365462cc00f940630615ce8a3443298b000000000000ffffffffffffffffffffffff",2,4.02,,6,21.80,53.99,,18.60,,0,0,0,0,,,-1.00,-1.00,-1.00,-1.00,-1.00,-1.00
2024-11-16T03:00:52Z,"0002cc0100000ec3","365462cd64f9405b0615d689d7432af8000000000000ffffffffffffffffffffffff",2,4.02,,6,21.83,53.84,,18.69,,0,0,0,0,,,-1.00,-1.00,-1.00,-1.00,-1.00,-1.00
2024-11-16T03:06:48Z,"0002cc0100000ec3","365462cec8f9405b0615dd89c243281e000000000000ffffffffffffffffffff",2,4.02,,6,21.86,53.81,,18.51,,0,0,0,0,,,,-1.00,-1.00,-1.00,-1.00,-1.00
2024-11-16T03:12:44Z,"0002cc0100000ec3","365462d02cf9405b0615e48a5343280e000000000000ffffffffffffffffffffffff",2,4.02,,6,21.89,54.03,,18.50,,0,0,0,0,,,-1.00,-1.00,-1.00,-1.00,-1.00,-1.00
2024-11-16T03:18:40Z,"0002cc0100000ec3","365462d190f9405b0615f28a68432758000000000000ffffffffffffffffffff",2,4.02,,6,21.95,54.07,,18.46,,0,0,0,0,,,,-1.00,-1.00,-1.00,-1.00,-1.00
2024-11-16T03:24:36Z,"0002cc0100000ec3","365462d2f4f9405b0615f98a6b432524000000000000ffffffffffffffffffffffff",2,4.02,,6,21.97,54.07,,18.32,,0,0,0,0,,,-1.00,-1.00,-1.00,-1.00,-1.00,-1.00
2024-11-16T03:30:32Z,"0002cc0100000ec3","365462d458f9405b0616088a52432524000000000000ffffffffffffffffffff",2,4.02,,6,22.03,54.03,,18.32,,0,0,0,0,,,,-1.00,-1.00,-1.00,-1.00,-1.00
2024-11-16T03:36:29Z,"0002cc0100000ec3","365462d5bdf9405b06160c8a55432748000000000000ffffffffffffffffffffffff",2,4.02,,6,22.04,54.04,,18.46,,0,0,0,0,,,-1.00,-1.00,-1.00,-1.00,-1.00,-1.00
2024-11-16T03:42:25Z,"0002cc0100000ec3","365462d721f9406306160f8a74432691000000000000ffffffffffffffffffff",2,4.02,,6,22.06,54.08,,18.41,,0,0,0,0,,,,-1.00,-1.00,-1.00,-1.00,-1.00
2024-11-16T03:48:21Z,"0002cc0100000ec3","365462d885f9406306161a8a714326d5000000000000ffffffffffffffffffffffff",2,4.02,,6,22.10,54.08,,18.43,,0,0,0,0,,,-1.00,-1.00,-1.00,-1.00,-1.00,-1.00
2024-11-16T03:54:17Z,"0002cc0100000ec3","365462d9e9f9406306160f8a654321a3000000000000ffffffffffffffffffff",2,4.02,,6,22.06,54.06,,18.10,,0,0,0,0,,,,-1.00,-1.00,-1.00,-1.00,-1.00
2024-11-16T04:00:13Z,"0002cc0100000ec3","365462db4df940630616138a07432505000000000000ffffffffffffffffffffffff",2,4.02,,6,22.07,53.92,,18.31,,0,0,0,0,,,-1.00,-1.00,-1.00,-1.00,-1.00,-1.00
2024-11-16T04:06:09Z,"0002cc0100000ec3","365462dcb1f9405b06161a8a11432728000000000000ffffffffffffffffffff",2,4.02,,6,22.10,53.93,,18.45,,0,0,0,0,,,,-1.00,-1.00,-1.00,-1.00,-1.00
2024-11-16T04:12:05Z,"0002cc0100000ec3","365462de15f9405b06161a8a324326d5000000000000ffffffffffffffffffff",2,4.02,,6,22.10,53.98,,18.43,,0,0,0,0,,,,-1.00,-1.00,-1.00,-1.00,-1.00
2024-11-16T04:18:01Z,"0002cc0100000ec3","365462df79f9405b0616168a774322ad000000000000ffffffffffffffffffffffff",2,4.02,,6,22.08,54.09,,18.17,,0,0,0,0,,,-1.00,-1.00,-1.00,-1.00,-1.00,-1.00
2024-11-16T04:23:57Z,"0002cc0100000ec3","365462e0ddf9405b0616218c62432515000000000000ffffffffffffffffffff",2,4.02,,6,22.13,54.84,,18.32,,0,0,0,0,,,,-1.00,-1.00,-1.00,-1.00,-1.00
2024-11-16T04:29:54Z,"0002cc0100000ec3","365462e242f9405b0616218bac432719000000000000ffffffffffffffffffffffff",2,4.02,,6,22.13,54.56,,18.44,,0,0,0,0,,,-1.00,-1.00,-1.00,-1.00,-1.00,-1.00
2024-11-16T04:35:50Z,"0002cc0100000ec3","365462e3a6f9405b06162c8b10432719000000000000ffffffffffffffffffff",2,4.02,,6,22.17,54.32,,18.44,,0,0,0,0,,,,-1.00,-1.00,-1.00,-1.00,-1.00
2024-11-16T04:41:46Z,"0002cc0100000ec3","365462e50af9405b06162c8af1432568000000000000ffffffffffffffffffff",2,4.02,,6,22.17,54.27,,18.34,,0,0,0,0,,,,-1.00,-1.00,-1.00,-1.00,-1.00
2024-11-16T04:47:42Z,"0002cc0100000ec3","365462e66ef9405b06162f8b09432672000000000000ffffffffffffffffffffffff",2,4.02,,6,22.18,54.31,,18.40,,0,0,0,0,,,-1.00,-1.00,-1.00,-1.00,-1.00,-1.00
2024-11-16T04:53:38Z,"0002cc0100000ec3","365462e7d2f9405b06162f8aaa43260f000000000000ffffffffffffffffffff",2,4.02,,6,22.18,54.17,,18.38,,0,0,0,0,,,,-1.00,-1.00,-1.00,-1.00,-1.00
2024-11-16T04:59:34Z,"0002cc0100000ec3","365462e936f9405b0616288b37431fa4000000000000ffffffffffffffffffff",2,4.02,,6,22.16,54.38,,17.98,,0,0,0,0,,,,-1.00,-1.00,-1.00,-1.00,-1.00
2024-11-16T05:05:30Z,"0002cc0100000ec3","365462ea9af9405b0616378dac432548000000000000ffffffffffffffffffffffff",2,4.02,,6,22.21,55.34,,18.33,,0,0,0,0,,,-1.00,-1.00,-1.00,-1.00,-1.00,-1.00
2024-11-16T05:11:26Z,"0002cc0100000ec3","365462ebfef9405b06163e8b584324f5000000000000ffffffffffffffffffffffff",2,4.02,,6,22.24,54.43,,18.31,,0,0,0,0,,,-1.00,-1.00,-1.00,-1.00,-1.00,-1.00
2024-11-16T05:17:22Z,"0002cc0100000ec3","365462ed62f9405b0616518a7f4324f5000000000000ffffffffffffffffffff",2,4.02,,6,22.31,54.10,,18.31,,0,0,0,0,,,,-1.00,-1.00,-1.00,-1.00,-1.00
2024-11-16T05:23:18Z,"0002cc0100000ec3","365462eec6f9405b06165b89ab4324f5000000000000ffffffffffffffffffff",2,4.02,,6,22.35,53.78,,18.31,,0,0,0,0,,,,-1.00,-1.00,-1.00,-1.00,-1.00
2024-11-16T05:29:15Z,"0002cc0100000ec3","365462f02bf9405b06165888d24324a2000000000000ffffffffffffffffffffffff",2,4.02,,6,22.34,53.45,,18.29,,0,0,0,0,,,-1.00,-1.00,-1.00,-1.00,-1.00,-1.00
2024-11-16T05:35:11Z,"0002cc0100000ec3","365462f18ff9406706165b886c432558000000000000ffffffffffffffffffff",2,4.03,,6,22.35,53.29,,18.33,,0,0,0,0,,,,-1.00,-1.00,-1.00,-1.00,-1.00
2024-11-16T05:41:07Z,"0002cc0100000ec3","365462f2f3f9405b06165b8864432568000000000000ffffffffffffffffffffffff",2,4.02,,6,22.35,53.28,,18.34,,0,0,0,0,,,-1.00,-1.00,-1.00,-1.00,-1.00,-1.00
2024-11-16T05:47:03Z,"0002cc0100000ec3","365462f457f9405b06165b881c43276c000000000000fe62fffffffffffffc0f",2,4.02,,6,22.35,53.17,,18.46,,0,0,0,0,,,,-0.51,-1.00,-1.00,-1.00,-0.80
2024-11-16T05:52:59Z,"0002cc0100000ec3","365462f5bbf9405706165f87fe43207f00000000000056a0f542f788feb7ffff",2,4.02,,6,22.37,53.12,,18.03,,0,0,0,0,,,,-1.00,-0.84,-0.47,-0.33,0.03
2024-11-16T05:58:55Z,"0002cc0100000ec3","365462f71ff9405706165887d3432145000000000000fffffe5dff8fffffffd1",2,4.02,,6,22.34,53.06,,18.08,,0,0,0,0,,,,-0.98,-1.00,-0.94,-0.80,-1.00
2024-11-16T06:04:52Z,"0002cc0100000ec3","365462f884f9404a06165487a14320d2000000000000f5c1fc64fcc4ffffffffff54",2,4.02,,6,22.33,52.98,,18.05,,0,0,0,0,,,-0.92,-1.00,-1.00,-0.60,-0.55,-0.36
2024-11-16T06:10:48Z,"0002cc0100000ec3","365462f9e8f9405b06165487794321fb000000000000fffffffffe65ffffffff",2,4.02,,6,22.33,52.92,,18.12,,0,0,0,0,,,,-1.00,-1.00,-0.80,-1.00,-1.00
2024-11-16T06:16:44Z,"0002cc0100000ec3","365462fb4cf9405b061649874d4321fb000000000000ffffffffffffffffffffffff",2,4.02,,6,22.28,52.85,,18.12,,0,0,0,0,,,-1.00,-1.00,-1.00,-1.00,-1.00,-1.00
2024-11-16T06:22:40Z,"0002cc0100000ec3","365462fcb0f940570616468704431b3d000000000000ffffffffffffffffffff",2,4.02,,6,22.27,52.74,,17.70,,0,0,0,0,,,,-1.00,-1.00,-1.00,-1.00,-1.00
2024-11-16T06:28:36Z,"0002cc0100000ec3","365462fe14f9405706163a86bf43224f000000000000ffffffffffffffffffff",2,4.02,,6,22.23,52.64,,18.14,,0,0,0,0,,,,-1.00,-1.00,-1.00,-1.00,-1.00
2024-11-16T06:34:32Z,"0002cc0100000ec3","365462ff78f9404a06163786ae4321fb000000000000ffffffffffffffffffffffff",2,4.02,,6,22.21,52.61,,18.12,,0,0,0,0,,,-1.00,-1.00,-1.00,-1.00,-1.00,-1.00
2024-11-16T06:40:28Z,"0002cc0100000ec3","36546300dcf2020500001646869343224f000000000000ffffffffffffffffffff",2,,2.5.0.0,,22.27,52.57,,18.14,,0,0,0,0,,,,-1.00,-1.00,-1.00,-1.00,-1.00
2024-11-16T06:46:24Z,"0002cc0100000ec3","3654630240f9405706164d8666431be4000000000000ffffffffffffffffffffffff",2,4.02,,6,22.30,52.50,,17.74,,0,0,0,0,,,-1.00,-1.00,-1.00,-1.00,-1.00,-1.00
2024-11-16T06:52:20Z,"0002cc0100000ec3","36546303a4f940570616588633432135000000000000ffffffffffffffffffff",2,4.02,,6,22.34,52.42,,18.08,,0,0,0,0,,,,-1.00,-1.00,-1.00,-1.00,-1.00
2024-11-16T06:58:17Z,"0002cc0100000ec3","3654630509f9405706165b85fd4320e2000000000000ffffffffffffffffffffffff",2,4.02,,6,22.35,52.34,,18.06,,0,0,0,0,,,-1.00,-1.00,-1.00,-1.00,-1.00,-1.00
2024-11-16T07:04:13Z,"0002cc0100000ec3","365463066df9405706166685ba432198000000000000ffffffffffffffffffff",2,4.02,,6,22.40,52.24,,18.10,,0,0,0,0,,,,-1.00,-1.00,-1.00,-1.00,-1.00
2024-11-16T07:10:09Z,"0002cc0100000ec3","36546307d1f9405706165f857e4320e2000000000000ffffffffffffffffffffffff",2,4.02,,6,22.37,52.15,,18.06,,0,0,0,0,,,-1.00,-1.00,-1.00,-1.00,-1.00,-1.00
2024-11-16T07:16:05Z,"0002cc0100000ec3","3654630935f9405706165f852e432198000000000000ffffffffffffffffffff",2,4.02,,6,22.37,52.02,,18.10,,0,0,0,0,,,,-1.00,-1.00,-1.00,-1.00,-1.00
2024-11-16T07:22:01Z,"0002cc0100000ec3","3654630a99f9406306165f85164319c0000000000000ffffffffffffffffffffffff",2,4.02,,6,22.37,51.99,,17.61,,0,0,0,0,,,-1.00,-1.00,-1.00,-1.00,-1.00,-1.00
2024-11-16T07:27:57Z,"0002cc0100000ec3","3654630bfdf9405706165484da4322b2000000000000ffffffffffffffffffff",2,4.02,,6,22.33,51.90,,18.17,,0,0,0,0,,,,-1.00,-1.00,-1.00,-1.00,-1.00
2024-11-16T07:33:53Z,"0002cc0100000ec3","3654630d61f9405706165484c24321fb000000000000ffffffffffffffffffff",2,4.02,,6,22.33,51.86,,18.12,,0,0,0,0,,,,-1.00,-1.00,-1.00,-1.00,-1.00
2024-11-16T07:39:49Z,"0002cc0100000ec3","3654630ec5f9404a06164d84c14321fb000000000000ffffffffffffffffffff",2,4.02,,6,22.30,51.86,,18.12,,0,0,0,0,,,,-1.00,-1.00,-1.00,-1.00,-1.00
2024-11-16T07:45:45Z,"0002cc0100000ec3","3654631029f94057061641848343224f000000000000ffffffffffffffffffff",2,4.02,,6,22.25,51.76,,18.14,,0,0,0,0,,,,-1.00,-1.00,-1.00,-1.00,-1.00
2024-11-16T07:51:41Z,"0002cc0100000ec3","365463118df9405706164184944322b2000000000000ffffffffffffffffffff",2,4.02,,6,22.25,51.79,,18.17,,0,0,0,0,,,,-1.00,-1.00,-1.00,-1.00,-1.00
2024-11-16T07:57:37Z,"0002cc0100000ec3","36546312f1f9405706163784684321a8000000000000ffffffffffffffffffff",2,4.02,,6,22.21,51.72,,18.10,,0,0,0,0,,,,-1.00,-1.00,-1.00,-1.00,-1.00
2024-11-16T08:03:34Z,"0002cc0100000ec3","3654631456f9405706163384564322b2000000000000ffffffffffffffffffff",2,4.02,,6,22.20,51.69,,18.17,,0,0,0,0,,,,-1.00,-1.00,-1.00,-1.00,-1.00
2024-11-16T08:09:30Z,"0002cc0100000ec3","36546315baf9404e06162f84554322b2000000000000ffffffffffffffffffffffff",2,4.02,,6,22.18,51.69,,18.17,,0,0,0,0,,,-1.00,-1.00,-1.00,-1.00,-1.00,-1.00
2024-11-16T08:15:26Z,"0002cc0100000ec3","365463171ef94057061633847d431be4000000000000ffffffffffffffffffff",2,4.02,,6,22.20,51.75,,17.74,,0,0,0,0,,,,-1.00,-1.00,-1.00,-1.00,-1.00
2024-11-16T08:21:22Z,"0002cc0100000ec3","3654631882f9405706163a84914321fb000000000000ffffffffffffffffffffffff",2,4.02,,6,22.23,51.78,,18.12,,0,0,0,0,,,-1.00,-1.00,-1.00,-1.00,-1.00,-1.00
2024-11-16T08:27:18Z,"0002cc0100000ec3","36546319e6f94057061649844f4320d2000000000000ffffffffffffffffffff",2,4.02,,6,22.28,51.68,,18.05,,0,0,0,0,,,,-1.00,-1.00,-1.00,-1.00,-1.00
2024-11-16T08:33:14Z,"0002cc0100000ec3","3654631b4af9404e06165184384321ec000000000000fffffffffffffffffcecfe75",2,4.02,,6,22.31,51.65,,18.12,,0,0,0,0,,,-0.81,-0.62,-1.00,-1.00,-1.00,-1.00
2024-11-16T08:39:10Z,"0002cc0100000ec3","3654631caef9405706165b83dd432539000000000000fffffe69ffffff9effff",2,4.02,,6,22.35,51.51,,18.33,,0,0,0,0,,,,-1.00,-0.95,-1.00,-0.80,-1.00
2024-11-16T08:45:06Z,"0002cc0100000ec3","3654631e12f9404a06165f836e4324e5000000000000ffffffffffffffffffffffff",2,4.02,,6,22.37,51.34,,18.31,,0,0,0,0,,,-1.00,-1.00,-1.00,-1.00,-1.00,-1.00
2024-11-16T08:51:03Z,"0002cc0100000ec3","3654631f77f940570616588327432539000000000000ffffffffffffffffffff",2,4.02,,6,22.34,51.23,,18.33,,0,0,0,0,,,,-1.00,-1.00,-1.00,-1.00,-1.00
2024-11-16T08:56:58Z,"0002cc0100000ec3","36546320daf9405706165b830543274d000000000000ffffffffffffffffffff",2,4.02,,6,22.35,51.18,,18.46,,0,0,0,0,,,,-1.00,-1.00,-1.00,-1.00,-1.00
2024-11-16T09:02:55Z,"0002cc0100000ec3","365463223ff9404606165183d8432696000000000000ffffffffffffffffffffffff",2,4.02,,6,22.31,51.50,,18.41,,0,0,0,0,,,-1.00,-1.00,-1.00,-1.00,-1.00,-1.00
2024-11-16T09:08:51Z,"0002cc0100000ec3","36546323a3f9404e06165184a1432539000000000000ffffffffffffffffffff",2,4.02,,6,22.31,51.81,,18.33,,0,0,0,0,,,,-1.00,-1.00,-1.00,-1.00,-1.00
2024-11-16T09:14:47Z,"0002cc0100000ec3","3654632507f9405706165185014325ef000000000000ffffffffffffffffffffffff",2,4.02,,6,22.31,51.96,,18.37,,0,0,0,0,,,-1.00,-1.00,-1.00,-1.00,-1.00,-1.00
2024-11-16T09:20:43Z,"0002cc0100000ec3","365463266bf9405706164d851f4324e5000000000000ffffffffffffffffffff",2,4.02,,6,22.30,52.00,,18.31,,0,0,0,0,,,,-1.00,-1.00,-1.00,-1.00,-1.00
2024-11-16T09:26:39Z,"0002cc0100000ec3","36546327cff9405706164d85374326f9000000000000ffffffffffffffffffff",2,4.02,,6,22.30,52.04,,18.44,,0,0,0,0,,,,-1.00,-1.00,-1.00,-1.00,-1.00
2024-11-16T09:32:35Z,"0002cc0100000ec3","3654632933f94057061646853c431e7a000000000000ffffffffffffffffffffffff",2,4.02,,6,22.27,52.05,,17.90,,0,0,0,0,,,-1.00,-1.00,-1.00,-1.00,-1.00,-1.00
2024-11-16T09:38:31Z,"0002cc0100000ec3","3654632a97f9404e061649852e4324e5000000000000ffffffffffffffffffff",2,4.02,,6,22.28,52.02,,18.31,,0,0,0,0,,,,-1.00,-1.00,-1.00,-1.00,-1.00
2024-11-16T09:44:27Z,"0002cc0100000ec3","3654632bfbf94057061641854c4324e5000000000000ffffffffffffffffffff",2,4.02,,6,22.25,52.07,,18.31,,0,0,0,0,,,,-1.00,-1.00,-1.00,-1.00,-1.00
2024-11-16T09:50:23Z,"0002cc0100000ec3","3654632d5ff9404e06163e855a4324e5000000000000ffffffffffffffffffff",2,4.02,,6,22.24,52.09,,18.31,,0,0,0,0,,,,-1.00,-1.00,-1.00,-1.00,-1.00
2024-11-16T09:56:20Z,"0002cc0100000ec3","3654632ec4f9404e06164185e443242f000000000000ffffffffffffffffffffffff",2,4.02,,6,22.25,52.30,,18.26,,0,0,0,0,,,-1.00,-1.00,-1.00,-1.00,-1.00,-1.00
2024-11-16T10:02:16Z,"0002cc0100000ec3","3654633028f9404e06164686034323bc000000000000ffffffffffffffffffff",2,4.02,,6,22.27,52.35,,18.23,,0,0,0,0,,,,-1.00,-1.00,-1.00,-1.00,-1.00
2024-11-16T10:08:12Z,"0002cc0100000ec3","365463318cf9404e06164d85d643224f000000000000ffffffffffffffffffffffff",2,4.02,,6,22.30,52.28,,18.14,,0,0,0,0,,,-1.00,-1.00,-1.00,-1.00,-1.00,-1.00
2024-11-16T10:14:08Z,"0002cc0100000ec3","36546332f0f9404e06165485a24321fb000000000000ffffffffffffffffffff",2,4.02,,6,22.33,52.20,,18.12,,0,0,0,0,,,,-1.00,-1.00,-1.00,-1.00,-1.00
2024-11-16T10:20:04Z,"0002cc0100000ec3","3654633454f9404e0616548542432198000000000000ffffffffffffffffffffffff",2,4.02,,6,22.33,52.05,,18.10,,0,0,0,0,,,-1.00,-1.00,-1.00,-1.00,-1.00,-1.00
2024-11-16T10:26:00Z,"0002cc0100000ec3","36546335b8f9404e06165f85274321fb000000000000ffffffffffffffffffff",2,4.02,,6,22.37,52.01,,18.12,,0,0,0,0,,,,-1.00,-1.00,-1.00,-1.00,-1.00
2024-11-16T10:31:56Z,"0002cc0100000ec3","365463371cf9404e0616588504431b90000000000000ffffffffffffffffffffffff",2,4.02,,6,22.34,51.96,,17.72,,0,0,0,0,,,-1.00,-1.00,-1.00,-1.00,-1.00,-1.00
2024-11-16T10:37:52Z,"0002cc0100000ec3","3654633880f9404e06165b84dd4322b2000000000000ffffffffffffffffffff",2,4.02,,6,22.35,51.90,,18.17,,0,0,0,0,,,,-1.00,-1.00,-1.00,-1.00,-1.00
2024-11-16T10:43:48Z,"0002cc0100000ec3","36546339e4f202050000165884cb4322b2000000000000ffffffffffffffffffffffff",2,,2.5.0.0,,22.34,51.87,,18.17,,0,0,0,0,,,-1.00,-1.00,-1.00,-1.00,-1.00,-1.00
2024-11-16T10:49:45Z,"0002cc0100000ec3","3654633b49f9404e061651849a432359000000000000ffffffffffffffffffff",2,4.02,,6,22.31,51.80,,18.21,,0,0,0,0,,,,-1.00,-1.00,-1.00,-1.00,-1.00
2024-11-16T10:55:40Z,"0002cc0100000ec3","3654633cacf9404e061654847a4324c6000000000000ffffffffffffffffffff",2,4.02,,6,22.33,51.75,,18.30,,0,0,0,0,,,,-1.00,-1.00,-1.00,-1.00,-1.00
2024-11-16T11:01:37Z,"0002cc0100000ec3","3654633e11f9404606164984674322b2000000000000ffffffffffffffffffffffff",2,4.02,,6,22.28,51.72,,18.17,,0,0,0,0,,,-1.00,-1.00,-1.00,-1.00,-1.00,-1.00
2024-11-16T11:07:33Z,"0002cc0100000ec3","3654633f75f9404e06163e845b4321fb000000000000ffffffffffffffffffff",2,4.02,,6,22.24,51.70,,18.12,,0,0,0,0,,,,-1.00,-1.00,-1.00,-1.00,-1.00
2024-11-16T11:13:29Z,"0002cc0100000ec3","36546340d9f9404e061641846b4327b0000000000000ffffffffffffffffffffffff",2,4.02,,6,22.25,51.73,,18.48,,0,0,0,0,,,-1.00,-1.00,-1.00,-1.00,-1.00,-1.00
2024-11-16T11:19:25Z,"0002cc0100000ec3","365463423df9404e06163a846a4324e5000000000000ffffffffffffffffffff",2,4.02,,6,22.23,51.73,,18.31,,0,0,0,0,,,,-1.00,-1.00,-1.00,-1.00,-1.00
2024-11-16T11:25:21Z,"0002cc0100000ec3","36546343a1f9404e06163e84aa43207f000000000000fffffffffffffe9bffff",2,4.02,,6,22.24,51.82,,18.03,,0,0,0,0,,,,-1.00,-0.83,-1.00,-1.00,-1.00
2024-11-16T11:31:17Z,"0002cc0100000ec3","3654634505f9404e06164184cb4321ec000000000000ffffffffffffffffffffffe4",2,4.02,,6,22.25,51.87,,18.12,,0,0,0,0,,,-0.99,-1.00,-1.00,-1.00,-1.00,-1.00
2024-11-16T11:37:13Z,"0002cc0100000ec3","3654634669f9404e06164184ec43224f000000000000fe04ffffffffffffffffffff",2,4.02,,6,22.25,51.92,,18.14,,0,0,0,0,,,-1.00,-1.00,-1.00,-1.00,-1.00,-0.75
2024-11-16T11:43:09Z,"0002cc0100000ec3","36546347cdf9404e06164d8530432135000000000000ffffffffffffffffffff",2,4.02,,6,22.30,52.03,,18.08,,0,0,0,0,,,,-1.00,-1.00,-1.00,-1.00,-1.00
2024-11-16T11:49:06Z,"0002cc0100000ec3","3654634932f9404e0616548522432189000000000000ffffffffffffffffffffffff",2,4.02,,6,22.33,52.01,,18.10,,0,0,0,0,,,-1.00,-1.00,-1.00,-1.00,-1.00,-1.00
2024-11-16T11:55:02Z,"0002cc0100000ec3","3654634a96f9404e06165b84fd43223f000000000000ffffffffffffffffffff",2,4.02,,6,22.35,51.95,,18.14,,0,0,0,0,,,,-1.00,-1.00,-1.00,-1.00,-1.00
2024-11-16T12:00:58Z,"0002cc0100000ec3","3654634bfaf9404e06166384ef431c8b000000000000ffffffffffffffffffffffff",2,4.02,,6,22.38,51.93,,17.78,,0,0,0,0,,,-1.00,-1.00,-1.00,-1.00,-1.00,-1.00
2024-11-16T12:06:54Z,"0002cc0100000ec3","3654634d5ef9404a06165f84be432189000000000000ffffffffffffffffffff",2,4.02,,6,22.37,51.85,,18.10,,0,0,0,0,,,,-1.00,-1.00,-1.00,-1.00,-1.00
2024-11-16T12:12:50Z,"0002cc0100000ec3","3654634ec2f9404e061663849843223f000000000000ffffffffffffffffffff",2,4.02,,6,22.38,51.80,,18.14,,0,0,0,0,,,,-1.00,-1.00,-1.00,-1.00,-1.00
2024-11-16T12:18:46Z,"0002cc0100000ec3","3654635026f9403e061666846a43223f000000000000ffffffffffffffffffffffff",2,4.01,,6,22.40,51.73,,18.14,,0,0,0,0,,,-1.00,-1.00,-1.00,-1.00,-1.00,-1.00
2024-11-16T12:24:42Z,"0002cc0100000ec3","365463518af9404a061663845843224f000000000000ffffffffffffffffffffffff",2,4.02,,6,22.38,51.70,,18.14,,0,0,0,0,,,-1.00,-1.00,-1.00,-1.00,-1.00,-1.00
2024-11-16T12:30:38Z,"0002cc0100000ec3","36546352eef9404a06165b845c432198000000000000ffffffffffffffffffff",2,4.02,,6,22.35,51.70,,18.10,,0,0,0,0,,,,-1.00,-1.00,-1.00,-1.00,-1.00
2024-11-16T12:36:34Z,"0002cc0100000ec3","3654635452f9404a06165f84864320e2000000000000ffffffffffffffffffffffff",2,4.02,,6,22.37,51.77,,18.06,,0,0,0,0,,,-1.00,-1.00,-1.00,-1.00,-1.00,-1.00
2024-11-16T12:42:30Z,"0002cc0100000ec3","36546355b6f9404a0616588483432135000000000000ffffffffffffffffffff",2,4.02,,6,22.34,51.76,,18.08,,0,0,0,0,,,,-1.00,-1.00,-1.00,-1.00,-1.00
2024-11-16T12:48:27Z,"0002cc0100000ec3","365463571bf9404a06165884a44321ec000000000000ffffffffffffffffffffffff",2,4.02,,6,22.34,51.81,,18.12,,0,0,0,0,,,-1.00,-1.00,-1.00,-1.00,-1.00,-1.00
2024-11-16T12:54:23Z,"0002cc0100000ec3","365463587ff9404a06165f852e4320e2000000000000ffffffffffffffffffff",2,4.02,,6,22.37,52.02,,18.06,,0,0,0,0,,,,-1.00,-1.00,-1.00,-1.00,-1.00
2024-11-16T13:00:19Z,"0002cc0100000ec3","36546359e3f9404a06165b8585432198000000000000ffffffffffffffffffff",2,4.02,,6,22.35,52.16,,18.10,,0,0,0,0,,,,-1.00,-1.00,-1.00,-1.00,-1.00
2024-11-16T13:06:15Z,"0002cc0100000ec3","3654635b47f9404e06166385d84321ec000000000000ffffffffffffffffffffffff",2,4.02,,6,22.38,52.28,,18.12,,0,0,0,0,,,-1.00,-1.00,-1.00,-1.00,-1.00,-1.00
2024-11-16T13:12:11Z,"0002cc0100000ec3","3654635cabf9404a06165f865f43224f000000000000ffffffffffffffffffff",2,4.02,,6,22.37,52.49,,18.14,,0,0,0,0,,,,-1.00,-1.00,-1.00,-1.00,-1.00
2024-11-16T13:18:07Z,"0002cc0100000ec3","3654635e0ff9404a06166686e143223f000000000000ffffffffffffffffffff",2,4.02,,6,22.40,52.69,,18.14,,0,0,0,0,,,,-1.00,-1.00,-1.00,-1.00,-1.00
2024-11-16T13:24:03Z,"0002cc0100000ec3","3654635f73f9404a06166987894320d2000000000000ffffffffffffffffffffffff",2,4.02,,6,22.41,52.94,,18.05,,0,0,0,0,,,-1.00,-1.00,-1.00,-1.00,-1.00,-1.00
2024-11-16T13:29:59Z,"0002cc0100000ec3","36546360d7f9404a06167187dd4321ec000000000000ffffffffffffffffffffffff",2,4.02,,6,22.44,53.07,,18.12,,0,0,0,0,,,-1.00,-1.00,-1.00,-1.00,-1.00,-1.00
2024-11-16T13:35:55Z,"0002cc0100000ec3","365463623bf9404a061674886f431f26000000000000ffffffffffffffffffff",2,4.02,,6,22.45,53.30,,17.95,,0,0,0,0,,,,-1.00,-1.00,-1.00,-1.00,-1.00
2024-11-16T13:41:51Z,"0002cc0100000ec3","365463639ff9404a0616748906432857000000000000ffffffffffffffffffff",2,4.02,,6,22.45,53.53,,18.52,,0,0,0,0,,,,-1.00,-1.00,-1.00,-1.00,-1.00
2024-11-16T13:47:47Z,"0002cc0100000ec3","3654636503f9404a06167c89b943241f000000000000ffffffffffffffffffffffff",2,4.02,,6,22.48,53.80,,18.26,,0,0,0,0,,,-1.00,-1.00,-1.00,-1.00,-1.00,-1.00
2024-11-16T13:53:43Z,"0002cc0100000ec3","3654636667f9405206167c8a5043241f000000000000ffffffffffffffffffff",2,4.02,,6,22.48,54.03,,18.26,,0,0,0,0,,,,-1.00,-1.00,-1.00,-1.00,-1.00
2024-11-16T13:59:40Z,"0002cc0100000ec3","36546367ccf9404a06167f8ae94322b2000000000000ffffffffffffffffffffffff",2,4.02,,6,22.50,54.26,,18.17,,0,0,0,0,,,-1.00,-1.00,-1.00,-1.00,-1.00,-1.00
2024-11-16T14:05:36Z,"0002cc0100000ec3","3654636930f9404a0616838af243224f000000000000ffffffffffffffffffff",2,4.02,,6,22.51,54.28,,18.14,,0,0,0,0,,,,-1.00,-1.00,-1.00,-1.00,-1.00
2024-11-16T14:11:32Z,"0002cc0100000ec3","3654636a94f9404a06167c89e9392ed0000000000000ffffffffffffffffffffffff",2,4.02,,6,22.48,53.87,,0.02,,0,0,0,0,,,-1.00,-1.00,-1.00,-1.00,-1.00,-1.00
2024-11-16T14:17:28Z,"0002cc0100000ec3","3654636bf8f9404a061674896e000000000000000000ff89ffffffffffffffff",2,4.02,,6,22.45,53.68,,0.00,,0,0,0,0,,,,-1.00,-1.00,-1.00,-1.00,-0.94
2024-11-16T14:23:24Z,"0002cc0100000ec3","3654636d5cf9404a0616698981000000000000000000fffffffffffffe10f6bb",2,4.02,,6,22.41,53.71,,0.00,,0,0,0,0,,,,-0.42,-0.76,-1.00,-1.00,-1.00
2024-11-16T14:29:20Z,"0002cc0100000ec3","3654636ec0f9404a0616668b180000000000000000006585ff3cfc46fc43f636",2,4.02,,6,22.40,54.33,,0.00,,0,0,0,0,,,,-0.39,-0.53,-0.53,-0.90,0.09
2024-11-16T14:35:16Z,"0002cc0100000ec3","3654637024f9404a06165f8ca4000000000000000000ffffffffff85fe19ff06",2,4.02,,6,22.37,54.94,,0.00,,0,0,0,0,,,,-0.88,-0.76,-0.94,-1.00,-1.00
2024-11-16T14:41:13Z,"0002cc0100000ec3","3654637189f9404a0616518c9e000000000000000000ff05ffaeff2efeb4fffffeec",2,4.02,,6,22.31,54.93,,0.00,,0,0,0,0,,,-0.87,-1.00,-0.84,-0.90,-0.96,-0.88
2024-11-16T14:47:09Z,"0002cc0100000ec3","36546372edd20205000016498cb4000000000000fdc7ffe1ff19fdbafeaa",2,,2.5.0.0,,22.28,54.96,,,,0,0,0,0,,,,-0.83,-0.72,-0.89,-0.98,-0.72
2024-11-16T14:53:05Z,"0002cc0100000ec3","3654637451f9404206163e8c06000000000000000000fe3efea3fefaffffff6a",2,4.02,,6,22.24,54.70,,0.00,,0,0,0,0,,,,-0.93,-1.00,-0.87,-0.83,-0.78
2024-11-16T14:59:01Z,"0002cc0100000ec3","36546375b5f9404a06163e8c8f000000000000000000ff7dfeb4ff3dfef9ff35",2,4.02,,6,22.24,54.91,,0.00,,0,0,0,0,,,,-0.90,-0.87,-0.90,-0.84,-0.94
2024-11-16T15:04:58Z,"0002cc0100000ec3","365463771af9404a06163e8ce7000000000000000000fe67fff3fdd4ff38ff5c",2,4.02,,6,22.24,55.04,,0.00,,0,0,0,0,,,,-0.92,-0.90,-0.73,-0.99,-0.80
2024-11-16T15:10:54Z,"0002cc0100000ec3","365463787ef940420616378b55000000000000000000f778ff4dff55ffffffff",2,4.02,,6,22.21,54.43,,0.00,,0,0,0,0,,,,-1.00,-1.00,-0.92,-0.91,-0.47
2024-11-16T15:16:50Z,"0002cc0100000ec3","36546379e2d9404a06163789fe000000000000ff98ffffff03fe9cffffff6b",2,4.02,,6,22.21,53.90,,,,0,0,0,0,,,-0.93,-1.00,-0.83,-0.88,-1.00,-0.95
2024-11-16T15:22:46Z,"0002cc0100000ec3","3654637b46f9404206162f883a000000000000000000ff7cfe80fe48fe87fffd",2,4.02,,6,22.18,53.21,,0.00,,0,0,0,0,,,,-1.00,-0.82,-0.79,-0.81,-0.94
2024-11-16T15:28:43Z,"0002cc0100000ec3","3654637cabf9404a06162c87eb392ed0000000000000ffffffb1fed1ffb7ff0bfdd4",2,4.02,,6,22.17,53.09,,0.02,,0,0,0,0,,,-0.73,-0.88,-0.96,-0.85,-0.96,-1.00
2024-11-16T15:34:39Z,"0002cc0100000ec3","3654637e0ff9404a0616218735000000000000000000ffd7fdbbfe71ff64ff96",2,4.02,,6,22.13,52.82,,0.00,,0,0,0,0,,,,-0.95,-0.92,-0.81,-0.72,-0.98
2024-11-16T15:40:35Z,"0002cc0100000ec3","3654637f73f9404a06161a8653000000000000000000fff6ff4ffe6effeeffff",2,4.02,,6,22.10,52.47,,0.00,,0,0,0,0,,,,-1.00,-0.99,-0.80,-0.91,-1.00
2024-11-16T15:46:31Z,"0002cc0100000ec3","36546380d7f940420616168681000000000000000000fd40ffc4ff91ff94ffe2fe54",2,4.02,,6,22.08,52.54,,0.00,,0,0,0,0,,,-0.79,-0.99,-0.95,-0.95,-0.97,-0.66
2024-11-16T15:52:27Z,"0002cc0100000ec3","365463823bf9404206160f85f9000000000000000000fff8ff93ffcdffd5fff6",2,4.02,,6,22.06,52.33,,0.00,,0,0,0,0,,,,-1.00,-0.98,-0.97,-0.95,-1.00
2024-11-16T15:58:23Z,"0002cc0100000ec3","365463839ff9404206160f87c7000000000000000000fee3fdf5ff6cfec8fff8",2,4.02,,6,22.06,53.04,,0.00,,0,0,0,0,,,,-1.00,-0.85,-0.93,-0.74,-0.86
2024-11-16T16:04:20Z,"0002cc0100000ec3","3654638504f9404206160c890c000000000000000000ffcfffffff5dfff4fdc6ff8e",2,4.02,,6,22.04,53.53,,0.00,,0,0,0,0,,,-0.94,-0.72,-0.99,-0.92,-1.00,-0.98
2024-11-16T16:10:16Z,"0002cc0100000ec3","3654638668f940420616138938000000000000000000ffffff1affb6fe92feb6",2,4.02,,6,22.07,53.60,,0.00,,0,0,0,0,,,,-0.84,-0.82,-0.96,-0.89,-1.00
2024-11-16T16:16:12Z,"0002cc0100000ec3","36546387ccf9404a06161689f8392ed0000000000000fe0efeb1fea4ff01fdf6",2,4.02,,6,22.08,53.89,,0.02,,0,0,0,0,,,,-0.75,-0.88,-0.83,-0.84,-0.76
2024-11-16T16:22:09Z,"0002cc0100000ec3","3654638931f9404206161e89ab000000000000000000ff40fff0ffdbffffff4fffff",2,4.02,,6,22.11,53.78,,0.00,,0,0,0,0,,,-1.00,-0.91,-1.00,-0.98,-0.99,-0.91
2024-11-16T16:28:05Z,"0002cc0100000ec3","3654638a95f9404206162189ec000000000000000000fffffffffe0dfdbbff61",2,4.02,,6,22.13,53.88,,0.00,,0,0,0,0,,,,-0.92,-0.72,-0.76,-1.00,-1.00
2024-11-16T16:34:01Z,"0002cc0100000ec3","3654638bf9f9404206161a89cb000000000000000000ff71ffffff1dffffff34",2,4.02,,6,22.10,53.83,,0.00,,0,0,0,0,,,,-0.90,-1.00,-0.89,-1.00,-0.93
2024-11-16T16:39:57Z,"0002cc0100000ec3","3654638d5df9404a06160f889f000000000000000000ffcffc76fe36fe75feef",2,4.02,,6,22.06,53.37,,0.00,,0,0,0,0,,,,-0.87,-0.81,-0.78,-0.56,-0.98
2024-11-16T16:45:53Z,"0002cc0100000ec3","3654638ec1f9404e06160488fa000000000000000000fffffffffccf74f1ff37",2,4.02,,6,22.01,53.51,,0.00,,0,0,0,0,,,,-0.90,0.31,-0.60,-1.00,-1.00
2024-11-16T16:51:49Z,"0002cc0100000ec3","3654639025f9404206160488a9000000000000000000feccffffffb0ffbffe68",2,4.02,,6,22.01,53.38,,0.00,,0,0,0,0,,,,-0.80,-0.97,-0.96,-1.00,-0.85
2024-11-16T16:57:46Z,"0002cc0100000ec3","365463918af940420615fd88d6000000000000000000ffffffffffffff81fea3",2,4.02,,6,21.99,53.45,,0.00,,0,0,0,0,,,,-0.83,-0.94,-1.00,-1.00,-1.00
2024-11-16T17:03:42Z,"0002cc0100000ec3","36546392eef940420615f98876000000000000000000fffffec9fec9fe80fec4",2,4.02,,6,21.97,53.31,,0.00,,0,0,0,0,,,,-0.85,-0.81,-0.85,-0.85,-1.00
2024-11-16T17:09:38Z,"0002cc0100000ec3","3654639452f9403a0615f6896b000000000000000000fffffe4affdfffffffff",2,4.01,,6,21.96,53.68,,0.00,,0,0,0,0,,,,-1.00,-1.00,-0.98,-0.79,-1.00
2024-11-16T17:15:34Z,"0002cc0100000ec3","36546395b6f940420615fd8a9d000000000000000000fffffe1affffff80fffdff81",2,4.02,,6,21.99,54.15,,0.00,,0,0,0,0,,,-0.94,-1.00,-0.94,-1.00,-0.76,-1.00
2024-11-16T17:21:30Z,"0002cc0100000ec3","365463971af9404206160889ea000000000000000000ff03ffa1fee3ffefffca",2,4.02,,6,22.03,53.87,,0.00,,0,0,0,0,,,,-0.97,-0.99,-0.86,-0.95,-0.88
2024-11-16T17:27:27Z,"0002cc0100000ec3","365463987ff9404a0616048932000000000000000000fffffe4cfe64ffa7ffdc",2,4.02,,6,22.01,53.59,,0.00,,0,0,0,0,,,,-0.98,-0.96,-0.80,-0.79,-1.00
2024-11-16T17:33:23Z,"0002cc0100000ec3","36546399e3f9404206160c89f5000000000000000000ff54ff58ffcefffffffffeac",2,4.02,,6,22.04,53.89,,0.00,,0,0,0,0,,,-0.83,-1.00,-1.00,-0.98,-0.92,-0.92
2024-11-16T17:39:19Z,"0002cc0100000ec3","3654639b47f9403a06160f8975000000000000000000fffffffffffffd456c78",2,4.01,,6,22.06,53.69,,0.00,,0,0,0,0,,,,0.14,-0.66,-1.00,-1.00,-1.00
2024-11-16T17:45:15Z,"0002cc0100000ec3","3654639cabf9403a06160f8945000000000000000000fe45ff2fffcdff57ff56ff04",2,4.01,,6,22.06,53.62,,0.00,,0,0,0,0,,,-0.88,-0.92,-0.92,-0.97,-0.90,-0.78
2024-11-16T17:51:11Z,"0002cc0100000ec3","3654639e0ff9403a06160889bc000000000000000000ffffffffff92ffedffff",2,4.01,,6,22.03,53.80,,0.00,,0,0,0,0,,,,-1.00,-0.99,-0.95,-1.00,-1.00
2024-11-16T17:57:08Z,"0002cc0100000ec3","3654639f74f9403a0616048902000000000000000000ffffffffff96ffffffc5",2,4.01,,6,22.01,53.52,,0.00,,0,0,0,0,,,,-0.97,-1.00,-0.95,-1.00,-1.00
2024-11-16T18:03:04Z,"0002cc0100000ec3","365463a0d8f9403a06160888bb000000000000000000ff1aff41ffebffffffffff9e",2,4.01,,6,22.03,53.41,,0.00,,0,0,0,0,,,-0.95,-1.00,-1.00,-0.99,-0.91,-0.89
2024-11-16T18:09:00Z,"0002cc0100000ec3","365463a23cf9403a06160c8894000000000000000000ffffffb6ffeaffffffff",2,4.01,,6,22.04,53.35,,0.00,,0,0,0,0,,,,-1.00,-1.00,-0.99,-0.96,-1.00
2024-11-16T18:14:56Z,"0002cc0100000ec3","365463a3a0f9404206160f89ce000000000000000000f5b8ffe2fe40fefffe56",2,4.02,,6,22.06,53.83,,0.00,,0,0,0,0,,,,-0.79,-0.87,-0.78,-0.99,-0.36
2024-11-16T18:20:53Z,"0002cc0100000ec3","365463a505f9403a0616168a10000000000000000000ff42fe38ffffff8aff19ffff",2,4.01,,6,22.08,53.93,,0.00,,0,0,0,0,,,-1.00,-0.89,-0.94,-1.00,-0.78,-0.91
2024-11-16T18:26:49Z,"0002cc0100000ec3","365463a669f9403a06161a89da000000000000000000ffffff8eff76fffbffff",2,4.01,,6,22.10,53.85,,0.00,,0,0,0,0,,,,-1.00,-1.00,-0.93,-0.94,-1.00
2024-11-16T18:32:45Z,"0002cc0100000ec3","365463a7cdf9403a06161e89ea000000000000000000fffffffffd7fff84ff0a",2,4.01,,6,22.11,53.87,,0.00,,0,0,0,0,,,,-0.88,-0.94,-0.69,-1.00,-1.00
2024-11-16T18:38:41Z,"0002cc0100000ec3","365463a931d9403a06161689c0000000000000fe79fdeefffffe68ffe7fe30",2,4.01,,6,22.08,53.81,,,,0,0,0,0,,,-0.77,-0.99,-0.80,-1.00,-0.74,-0.81
2024-11-16T18:44:37Z,"0002cc0100000ec3","365463aa95f9403a0616168971000000000000000000ffffff59ffffffffff52",2,4.01,,6,22.08,53.69,,0.00,,0,0,0,0,,,,-0.91,-1.00,-1.00,-0.92,-1.00
2024-11-16T18:50:33Z,"0002cc0100000ec3","365463abf9f202050000160c8825000000000000000000f535ffffffffff76f72a",2,,2.5.0.0,,22.04,53.18,,0.00,,0,0,0,0,,,,-0.45,-0.93,-1.00,-1.00,-0.33
2024-11-16T18:56:30Z,"0002cc0100000ec3","365463ad5ef940320615fd88e7000000000000000000fe5bfdd6ff39ff48ffc8ff7d",2,4.01,,6,21.99,53.48,,0.00,,0,0,0,0,,,-0.94,-0.97,-0.91,-0.90,-0.73,-0.79
2024-11-16T19:02:26Z,"0002cc0100000ec3","365463aec2f9403a0615f68884000000000000000000ffffffffff94ffffffaf",2,4.01,,6,21.96,53.33,,0.00,,0,0,0,0,,,,-0.96,-1.00,-0.95,-1.00,-1.00
2024-11-16T19:08:22Z,"0002cc0100000ec3","365463b026f9403a0615f2885a000000000000000000fd8bfff4ff5dffb3fccf",2,4.01,,6,21.95,53.26,,0.00,,0,0,0,0,,,,-0.60,-0.96,-0.92,-0.99,-0.69
2024-11-16T19:14:19Z,"0002cc0100000ec3","365463b18bd9403a0615ee89cf000000000000ffffff57ff8bfeb7feecfdc8",2,4.01,,6,21.93,53.83,,,,0,0,0,0,,,-0.72,-0.87,-0.84,-0.94,-0.92,-1.00
2024-11-16T19:20:15Z,"0002cc0100000ec3","365463b2eff9403a0615ee89b9000000000000000000ffcbffecffffffffffce",2,4.01,,6,21.93,53.80,,0.00,,0,0,0,0,,,,-0.98,-1.00,-1.00,-0.99,-0.97
2024-11-16T19:26:11Z,"0002cc0100000ec3","365463b453f9403a0615f28ab9000000000000000000ffd7fef8feb1ff53ffa4",2,4.01,,6,21.95,54.19,,0.00,,0,0,0,0,,,,-0.95,-0.92,-0.84,-0.87,-0.98
2024-11-16T19:32:07Z,"0002cc0100000ec3","365463b5b7f9403a0615f28a29000000000000000000ff70ffb0ff74ffffff35ffcc",2,4.01,,6,21.95,53.97,,0.00,,0,0,0,0,,,-0.97,-0.90,-1.00,-0.93,-0.96,-0.93
2024-11-16T19:38:03Z,"0002cc0100000ec3","365463b71bf9403a0615f28b42000000000000000000773e7c28ffc3fe8cfe1b",2,4.01,,6,21.95,54.40,,0.00,,0,0,0,0,,,,-0.76,-0.82,-0.97,0.52,0.45
2024-11-16T19:43:59Z,"0002cc0100000ec3","365463b87ff9403a0615ee8978000000000000000000fe32ffdaff09ffffffff",2,4.01,,6,21.93,53.70,,0.00,,0,0,0,0,,,,-1.00,-1.00,-0.88,-0.98,-0.77
2024-11-16T19:49:56Z,"0002cc0100000ec3","365463b9e4f9403e0615ee8a20000000000000000000feeaff5ffe17fea3ffffffff",2,4.01,,6,21.93,53.96,,0.00,,0,0,0,0,,,-1.00,-1.00,-0.83,-0.76,-0.92,-0.86
2024-11-16T19:55:52Z,"0002cc0100000ec3","365463bb48d940360615ee8959000000000000ff82feb5ff3dffffffd7",2,4.01,,6,21.93,53.65,,,,0,0,0,0,,,,-0.98,-1.00,-0.90,-0.84,-0.94
2024-11-16T20:01:48Z,"0002cc0100000ec3","365463bcacf9403a0615ee8921000000000000000000ff0bffffffffffd2feb2ff19",2,4.01,,6,21.93,53.57,,0.00,,0,0,0,0,,,-0.89,-0.84,-0.98,-1.00,-1.00,-0.88
2024-11-16T20:07:45Z,"0002cc0100000ec3","365463be11d9403a0615e489e4000000000000fffffffffffffc5aff4c",2,4.01,,6,21.89,53.86,,,,0,0,0,0,,,,-0.91,-0.54,-1.00,-1.00,-1.00
2024-11-16T20:13:40Z,"0002cc0100000ec3","365463bf74f9403a0615e08a7a000000000000000000f631feabff5bff3efe1b",2,4.01,,6,21.87,54.09,,0.00,,0,0,0,0,,,,-0.76,-0.91,-0.92,-0.83,-0.39
2024-11-16T20:19:37Z,"0002cc0100000ec3","365463c0d9f9403a0615e8899e000000000000000000fffffffffe73ff87ffffffff",2,4.01,,6,21.90,53.76,,0.00,,0,0,0,0,,,-1.00,-1.00,-0.94,-0.81,-1.00,-1.00
2024-11-16T20:25:33Z,"0002cc0100000ec3","365463c23df9403a0615e88a1d392ed0000000000000ff47ffffffdcffbbffff",2,4.01,,6,21.90,53.95,,0.02,,0,0,0,0,,,,-1.00,-0.97,-0.98,-1.00,-0.91
2024-11-16T20:31:29Z,"0002cc0100000ec3","365463c3a1f9403a0615e889de000000000000000000ffccfffffef5ffffffff",2,4.01,,6,21.90,53.86,,0.00,,0,0,0,0,,,,-1.00,-1.00,-0.87,-1.00,-0.97
2024-11-16T20:37:25Z,"0002cc0100000ec3","365463c505f9403a0615eb8a77392ed0000000000000fecfe7ecfe82fe12ffa3fc7d",2,4.01,,6,21.92,54.09,,0.02,,0,0,0,0,,,-0.56,-0.95,-0.76,-0.81,-0.12,-0.85
2024-11-16T20:43:22Z,"0002cc0100000ec3","365463c66af9403a0615eb8ae6000000000000000000fffffe6affb1f757fd78",2,4.01,,6,21.92,54.26,,0.00,,0,0,0,0,,,,-0.68,-0.46,-0.96,-0.80,-1.00
2024-11-16T20:49:18Z,"0002cc0100000ec3","365463c7cef940360615f28b39000000000000000000fc79fef2ffe6fecdffff",2,4.01,,6,21.95,54.38,,0.00,,0,0,0,0,,,,-1.00,-0.85,-0.99,-0.87,-0.56
2024-11-16T20:55:14Z,"0002cc0100000ec3","365463c932f940360615eb8aa7000000000000000000ff37fffffe3dfe80fffffed8",2,4.01,,6,21.92,54.16,,0.00,,0,0,0,0,,,-0.86,-1.00,-0.81,-0.78,-1.00,-0.90
2024-11-16T21:01:10Z,"0002cc0100000ec3","365463ca96f9403a0615e48a04392ed0000000000000fe0afffffffffd30ffff",2,4.01,,6,21.89,53.91,,0.02,,0,0,0,0,,,,-1.00,-0.65,-1.00,-1.00,-0.75
2024-11-16T21:07:06Z,"0002cc0100000ec3","365463cbfaf940360615e88a85000000000000000000ff9efe76ffffff35ffff",2,4.01,,6,21.90,54.11,,0.00,,0,0,0,0,,,,-1.00,-0.90,-1.00,-0.81,-0.95
2024-11-16T21:13:03Z,"0002cc0100000ec3","365463cd5ff940360615e88a46000000000000000000ffd2fffffffffea1ff29fe15",2,4.01,,6,21.90,54.01,,0.00,,0,0,0,0,,,-0.76,-0.90,-0.83,-1.00,-1.00,-0.98
2024-11-16T21:18:59Z,"0002cc0100000ec3","365463cec3f940360615e88a7d000000000000000000fd35fcd3fefaffaffdef",2,4.01,,6,21.90,54.10,,0.00,,0,0,0,0,,,,-0.74,-0.96,-0.87,-0.60,-0.65
2024-11-16T21:24:55Z,"0002cc0100000ec3","365463d027f940360615e489d4000000000000000000fe35ffffff93ffffffd1ffff",2,4.01,,6,21.89,53.84,,0.00,,0,0,0,0,,,-1.00,-0.98,-1.00,-0.95,-1.00,-0.78
2024-11-16T21:30:51Z,"0002cc0100000ec3","365463d18bf9403a0615eb8957000000000000000000ffe1ffffffa3ffffff8f",2,4.01,,6,21.92,53.65,,0.00,,0,0,0,0,,,,-0.94,-1.00,-0.95,-1.00,-0.98
2024-11-16T21:36:47Z,"0002cc0100000ec3","365463d2eff9403e0615f28992000000000000000000fffff5dd75e2e536ec0a",2,4.01,,6,21.95,53.74,,0.00,,0,0,0,0,,,,-0.13,-0.08,0.37,-0.37,-1.00
2024-11-16T21:42:44Z,"0002cc0100000ec3","365463d454f940290615e88a2c000000000000000000fd8fff36fd98fe75ff52fe73",2,4.01,,6,21.90,53.97,,0.00,,0,0,0,0,,,-0.81,-0.91,-0.81,-0.70,-0.90,-0.69
2024-11-16T21:48:40Z,"0002cc0100000ec3","365463d5b8f9403a0615e88ad6000000000000000000ff52ff98fd8dff0ef597",2,4.01,,6,21.90,54.23,,0.00,,0,0,0,0,,,,-0.35,-0.88,-0.69,-0.95,-0.92
2024-11-16T21:54:36Z,"0002cc0100000ec3","365463d71cd940360615eb8b6d000000000000fef4f47afe43fd27ff23",2,4.01,,6,21.92,54.46,,,,0,0,0,0,,,,-0.89,-0.64,-0.78,-0.28,-0.87
2024-11-16T22:00:32Z,"0002cc0100000ec3","365463d880f9403e0615eb8b5d000000000000000000fecbff2ffdc9fe3effffffff",2,4.01,,6,21.92,54.44,,0.00,,0,0,0,0,,,-1.00,-1.00,-0.78,-0.72,-0.90,-0.85
2024-11-16T22:06:29Z,"0002cc0100000ec3","365463d9e5f940360615e48b8a000000000000000000fffffffffff3ffffff2f",2,4.01,,6,21.89,54.51,,0.00,,0,0,0,0,,,,-0.90,-1.00,-0.99,-1.00,-1.00
2024-11-16T22:12:25Z,"0002cc0100000ec3","365463db49f940360615e48bab000000000000000000fe64fcab6c516f4af616",2,4.01,,6,21.89,54.56,,0.00,,0,0,0,0,,,,-0.38,0.23,0.13,-0.58,-0.80
2024-11-16T22:18:21Z,"0002cc0100000ec3","365463dcadf940360615d98c5d000000000000000000fffffffffffffc65fcd6",2,4.01,,6,21.85,54.83,,0.00,,0,0,0,0,,,,-0.60,-0.55,-1.00,-1.00,-1.00
2024-11-16T22:24:17Z,"0002cc0100000ec3","365463de11f940360615e48d52000000000000000000f795f794fcf6fec3f697fc75",2,4.01,,6,21.89,55.20,,0.00,,0,0,0,0,,,-0.56,-0.41,-0.85,-0.62,-0.47,-0.47
2024-11-16T22:30:13Z,"0002cc0100000ec3","365463df75f9403e0615e48d4a000000000000000000fccbfcbafec1ffb5ffef",2,4.01,,6,21.89,55.19,,0.00,,0,0,0,0,,,,-0.99,-0.96,-0.84,-0.59,-0.60
2024-11-16T22:36:10Z,"0002cc0100000ec3","365463e0daf940360615e88d3a000000000000000000ffefffa7ff5effebfe6a",2,4.01,,6,21.90,55.17,,0.00,,0,0,0,0,,,,-0.80,-0.99,-0.92,-0.96,-0.99
2024-11-16T22:42:06Z,"0002cc0100000ec3","365463e23ef940360615e08dd0000000000000000000fda3fe38fe81fe75fe0bfd9f",2,4.01,,6,21.87,55.40,,0.00,,0,0,0,0,,,-0.70,-0.76,-0.81,-0.81,-0.78,-0.70
2024-11-16T22:48:02Z,"0002cc0100000ec3","365463e3a2f9403a0615eb8dbc000000000000000000fe04ffffffffff21fec2",2,4.01,,6,21.92,55.37,,0.00,,0,0,0,0,,,,-0.84,-0.89,-1.00,-1.00,-0.75
2024-11-16T22:53:58Z,"0002cc0100000ec3","365463e506f20205000015e88da3000000000000000000ff82fda7ff69fe16f403",2,,2.5.0.0,,21.90,55.33,,0.00,,0,0,0,0,,,,-0.25,-0.76,-0.93,-0.71,-0.94
2024-11-16T22:59:55Z,"0002cc0100000ec3","365463e66bf940360615e48dd1000000000000000000fffffd2fffdbfee8ffffff05",2,4.01,,6,21.89,55.40,,0.00,,0,0,0,0,,,-0.88,-1.00,-0.86,-0.98,-0.65,-1.00
2024-11-16T23:05:51Z,"0002cc0100000ec3","365463e7cff940360615e48e19000000000000000000fd6cfcccfd69fdbcffeb",2,4.01,,6,21.89,55.51,,0.00,,0,0,0,0,,,,-0.99,-0.72,-0.68,-0.60,-0.68
2024-11-16T23:11:47Z,"0002cc0100000ec3","365463e933f940360615e88e03000000000000000000ffa2feebff5aff45ffff",2,4.01,,6,21.90,55.47,,0.00,,0,0,0,0,,,,-1.00,-0.91,-0.92,-0.86,-0.95
2024-11-16T23:17:43Z,"0002cc0100000ec3","365463ea97f940290615e08d77000000000000000000ffffffdffffffed5ffffff74",2,4.01,,6,21.87,55.26,,0.00,,0,0,0,0,,,-0.93,-1.00,-0.85,-1.00,-0.98,-1.00
2024-11-16T23:23:39Z,"0002cc0100000ec3","365463ebfbf940360615dd8d95000000000000000000ffffffffffdafffffcf2",2,4.01,,6,21.86,55.31,,0.00,,0,0,0,0,,,,-0.62,-1.00,-0.98,-1.00,-1.00
2024-11-16T23:29:35Z,"0002cc0100000ec3","365463ed5ff940360615d98e04000000000000000000ff62feadffffffffffff",2,4.01,,6,21.85,55.48,,0.00,,0,0,0,0,,,,-1.00,-1.00,-1.00,-0.83,-0.92
2024-11-16T23:35:32Z,"0002cc0100000ec3","365463eec4f940360615d98e9c000000000000000000ff9dfe62ff08ff3cfffbfe5d",2,4.01,,6,21.85,55.71,,0.00,,0,0,0,0,,,-0.80,-1.00,-0.90,-0.88,-0.80,-0.95
2024-11-16T23:41:28Z,"0002cc0100000ec3","365463f028f9402e0615d68ef3392ed0000000000000fd5cff9bff99ffffffff",2,4.01,,6,21.83,55.84,,0.02,,0,0,0,0,,,,-1.00,-1.00,-0.95,-0.95,-0.67
2024-11-16T23:47:24Z,"0002cc0100000ec3","365463f18cf9402e0615d68f53000000000000000000fffffffffffff5bafcef",2,4.01,,6,21.83,55.99,,0.00,,0,0,0,0,,,,-0.62,-0.36,-1.00,-1.00,-1.00
2024-11-16T23:53:21Z,"0002cc0100000ec3","365463f2f1d940360615d68f7a0000000000006d24feaaffd2ffdeff6bfef5",2,4.01,,6,21.83,56.05,,,,0,0,0,0,,,-0.87,-0.93,-0.98,-0.98,-0.83,0.16
2024-11-16T23:59:17Z,"0002cc0100000ec3","365463f455f9402e0615d98ecc000000000000000000fdceff50fe6affa3fc21",2,4.01,,6,21.85,55.78,,0.00,,0,0,0,0,,,,-0.52,-0.95,-0.80,-0.91,-0.73
