Time,DevEUI,Raw,Port,Vbat,Version,BootCount,T,RH,P,Light,CO2,P[0].delta,P[0].total,P[1].delta,P[1].total,Act[7],Act[6],Act[5],Act[4],Act[3],Act[2],Act[1],Act[0]
2024-11-15T00:00:21Z,"0002cc0100000ec3","3654615195f940a006157b91b8000000000000000000ffffffffffffffc0fde5",2,4.04,,6,21.48,56.92,,0.00,,0,0,0,0,,,,-0.74,-0.97,-1.00,-1.00,-1.00
2024-11-15T00:06:18Z,"0002cc0100000ec3","36546152faf940a006157491d6000000000000000000ffffffffffe7ff0effffff87",2,4.04,,6,21.45,56.97,,0.00,,0,0,0,0,,,-0.94,-1.00,-0.88,-0.99,-1.00,-1.00
2024-11-15T00:12:14Z,"0002cc0100000ec3","365461545ef940a006157491f6000000000000000000f627e52efcc4fe5ffe67",2,4.04,,6,21.45,57.02,,0.00,,0,0,0,0,,,,-0.80,-0.80,-0.60,-0.08,-0.38
2024-11-15T00:18:10Z,"0002cc0100000ec3","36546155c2d940a00615749206000000000000fd04fe6cffffffffffff",2,4.04,,6,21.45,57.04,,,,0,0,0,0,,,,-1.00,-1.00,-1.00,-0.80,-0.63
2024-11-15T00:24:06Z,"0002cc0100000ec3","3654615726f940a006156c9359000000000000000000fd88ff0afefaff25ffff",2,4.04,,6,21.42,57.56,,0.00,,0,0,0,0,,,,-1.00,-0.89,-0.87,-0.88,-0.69
2024-11-15T00:30:02Z,"0002cc0100000ec3","365461588af940a006156c9340000000000000000000fc2ffc05fc44fdd5fd05",2,4.04,,6,21.42,57.52,,0.00,,0,0,0,0,,,,-0.63,-0.73,-0.53,-0.50,-0.52
2024-11-15T00:35:59Z,"0002cc0100000ec3","36546159eff940a00615699298000000000000000000fdc0f7bafff0ffffffff",2,4.04,,6,21.41,57.26,,0.00,,0,0,0,0,,,,-1.00,-1.00,-0.99,-0.48,-0.72
2024-11-15T00:41:55Z,"0002cc0100000ec3","3654615b53f940a006155e930a000000000000000000fffffe3cfd42fdfcfeef",2,4.04,,6,21.37,57.44,,0.00,,0,0,0,0,,,,-0.87,-0.75,-0.66,-0.78,-1.00
2024-11-15T00:47:51Z,"0002cc0100000ec3","3654615cb7f94098061562931d000000000000000000fe7dfff9ffffff3effff",2,4.04,,6,21.38,57.47,,0.00,,0,0,0,0,,,,-1.00,-0.91,-1.00,-1.00,-0.81
2024-11-15T00:53:47Z,"0002cc0100000ec3","3654615e1bf940a00615629256000000000000000000ffddff61ff42ffc0ffff",2,4.04,,6,21.38,57.16,,0.00,,0,0,0,0,,,,-1.00,-0.97,-0.91,-0.92,-0.98
2024-11-15T00:59:43Z,"0002cc0100000ec3","3654615f7ff940980615579181000000000000000000fda3ffffffffffffffff",2,4.04,,6,21.34,56.84,,0.00,,0,0,0,0,,,,-1.00,-1.00,-1.00,-1.00,-0.70
2024-11-15T01:05:40Z,"0002cc0100000ec3","36546160e4f940a006155090e8000000000000000000ffffffffff18fd1bfc77",2,4.04,,6,21.31,56.60,,0.00,,0,0,0,0,,,,-0.56,-0.64,-0.89,-1.00,-1.00
2024-11-15T01:11:36Z,"0002cc0100000ec3","3654616248f940a006155790b3000000000000000000ef4e7d68ee26f5cbfd39ffff",2,4.04,,6,21.34,56.52,,0.00,,0,0,0,0,,,-1.00,-0.65,-0.36,-0.19,0.68,-0.23
2024-11-15T01:17:32Z,"0002cc0100000ec3","36546163acf94098061553906a000000000000000000ffffff38ff2cffaefda8fdd5",2,4.04,,6,21.32,56.41,,0.00,,0,0,0,0,,,-0.73,-0.71,-0.96,-0.90,-0.90,-1.00
2024-11-15T01:23:28Z,"0002cc0100000ec3","3654616510f9409806155390f1000000000000000000e7b1ffffffffff34ff33",2,4.04,,6,21.32,56.62,,0.00,,0,0,0,0,,,,-0.90,-0.90,-1.00,-1.00,-0.12
2024-11-15T01:29:24Z,"0002cc0100000ec3","3654616674f9409806155b9194000000000000000000ff80ff8fff45fd55dd24",2,4.04,,6,21.35,56.87,,0.00,,0,0,0,0,,,,-0.04,-0.67,-0.91,-0.94,-0.94
2024-11-15T01:35:21Z,"0002cc0100000ec3","36546167d9d940a006155790eb000000000000ffffffffffffffffffffffff",2,4.04,,6,21.34,56.61,,,,0,0,0,0,,,-1.00,-1.00,-1.00,-1.00,-1.00,-1.00
2024-11-15T01:41:17Z,"0002cc0100000ec3","365461693df940ad06155e91a5000000000000000000ff82ff8beda4f5f8f5a2",2,4.04,,6,21.37,56.89,,0.00,,0,0,0,0,,,,-0.35,-0.37,-0.18,-0.94,-0.94
2024-11-15T01:47:13Z,"0002cc0100000ec3","3654616aa1f940980615629265000000000000000000fe5afe3bfd52fe36ff58",2,4.04,,6,21.38,57.19,,0.00,,0,0,0,0,,,,-0.92,-0.78,-0.67,-0.78,-0.79
2024-11-15T01:53:10Z,"0002cc0100000ec3","3654616c06d940980615699535000000000000ff61ffe4ffd2f778f4d5ff25",2,4.04,,6,21.41,58.28,,,,0,0,0,0,,,-0.89,-0.30,-0.47,-0.98,-0.99,-0.92
2024-11-15T01:59:05Z,"0002cc0100000ec3","3654616d69f940980615779742000000000000000000ff1bff03fe10ff94fe1f",2,4.04,,6,21.46,59.09,,0.00,,0,0,0,0,,,,-0.77,-0.95,-0.76,-0.88,-0.89
2024-11-15T02:05:02Z,"0002cc0100000ec3","3654616ecef940980615779838000000000000000000f7f5fc93e7a5fef5fdc9ff96",2,4.04,,6,21.46,59.46,,0.00,,0,0,0,0,,,-0.95,-0.72,-0.87,-0.12,-0.57,-0.50
2024-11-15T02:10:58Z,"0002cc0100000ec3","3654617032f9409806157e993140b264000000000000ffffffffffffff18ed2a",2,4.04,,6,21.49,59.84,,3.39,,0,0,0,0,,,,-0.16,-0.89,-1.00,-1.00,-1.00
2024-11-15T02:16:54Z,"0002cc0100000ec3","3654617196f20205000015829a4c427273000000000000f77beda7f571f484fffeffff",2,,2.5.0.0,,21.51,60.27,,11.58,,0,0,0,0,,,-1.00,-1.00,-0.28,-0.34,-0.18,-0.47
2024-11-15T02:22:50Z,"0002cc0100000ec3","36546172faf940980615899bb4427468000000000000ffffffd4ff8cffffffffffff",2,4.04,,6,21.53,60.82,,11.64,,0,0,0,0,,,-1.00,-1.00,-1.00,-0.94,-0.98,-1.00
2024-11-15T02:28:46Z,"0002cc0100000ec3","365461745ef940980615919b6f4277c9000000000000ffffffffffffffffffff",2,4.04,,6,21.56,60.72,,11.74,,0,0,0,0,,,,-1.00,-1.00,-1.00,-1.00,-1.00
2024-11-15T02:34:43Z,"0002cc0100000ec3","36546175c3f940980615919b7d4272bc000000000000ffffffffffffffffffffffff",2,4.04,,6,21.56,60.74,,11.59,,0,0,0,0,,,-1.00,-1.00,-1.00,-1.00,-1.00,-1.00
2024-11-15T02:40:39Z,"0002cc0100000ec3","3654617727f940980615949b60427429000000000000ffffffffffffffffffff",2,4.04,,6,21.58,60.69,,11.63,,0,0,0,0,,,,-1.00,-1.00,-1.00,-1.00,-1.00
2024-11-15T02:46:35Z,"0002cc0100000ec3","365461788bf9409806159b9a8b427409000000000000ffffffffffffffffffff",2,4.04,,6,21.60,60.37,,11.63,,0,0,0,0,,,,-1.00,-1.00,-1.00,-1.00,-1.00
2024-11-15T02:52:31Z,"0002cc0100000ec3","36546179eff9409806159498ef427429000000000000ffffffffffffffffffff",2,4.04,,6,21.58,59.74,,11.63,,0,0,0,0,,,,-1.00,-1.00,-1.00,-1.00,-1.00
2024-11-15T02:58:27Z,"0002cc0100000ec3","3654617b53f9409406158d945542729c000000000000ffffffffffffffffffff",2,4.04,,6,21.55,57.94,,11.58,,0,0,0,0,,,,-1.00,-1.00,-1.00,-1.00,-1.00
2024-11-15T03:04:23Z,"0002cc0100000ec3","3654617cb7f9409806158d91994271d6000000000000ffffffffffffffffffffffff",2,4.04,,6,21.55,56.87,,11.56,,0,0,0,0,,,-1.00,-1.00,-1.00,-1.00,-1.00,-1.00
2024-11-15T03:10:19Z,"0002cc0100000ec3","3654617e1bf94098061582900e4276c4000000000000ffffffffffffffffffff",2,4.04,,6,21.51,56.27,,11.71,,0,0,0,0,,,,-1.00,-1.00,-1.00,-1.00,-1.00
2024-11-15T03:16:15Z,"0002cc0100000ec3","3654617f7ff9409406158d8fba4275fe000000000000ffffffffffffffffffffffff",2,4.04,,6,21.55,56.14,,11.69,,0,0,0,0,,,-1.00,-1.00,-1.00,-1.00,-1.00,-1.00
2024-11-15T03:22:11Z,"0002cc0100000ec3","36546180e3f940980615828f7e42776b000000000000ffffffffffffffffffff",2,4.04,,6,21.51,56.05,,11.73,,0,0,0,0,,,,-1.00,-1.00,-1.00,-1.00,-1.00
2024-11-15T03:28:07Z,"0002cc0100000ec3","3654618247f940980615778f92426edc000000000000ffffffffffffffffffff",2,4.04,,6,21.46,56.08,,11.46,,0,0,0,0,,,,-1.00,-1.00,-1.00,-1.00,-1.00
2024-11-15T03:34:03Z,"0002cc0100000ec3","36546183abf9409406157b8fb3426c22000000000000ffffffffffffffffffffffff",2,4.04,,6,21.48,56.13,,11.38,,0,0,0,0,,,-1.00,-1.00,-1.00,-1.00,-1.00,-1.00
2024-11-15T03:40:00Z,"0002cc0100000ec3","3654618510f9409c061582900e426d8f000000000000ffffffffffffffffffff",2,4.04,,6,21.51,56.27,,11.42,,0,0,0,0,,,,-1.00,-1.00,-1.00,-1.00,-1.00
2024-11-15T03:45:56Z,"0002cc0100000ec3","3654618674f940880615779041426edc000000000000ffffffffffffffffffffffff",2,4.03,,6,21.46,56.35,,11.46,,0,0,0,0,,,-1.00,-1.00,-1.00,-1.00,-1.00,-1.00
2024-11-15T03:51:52Z,"0002cc0100000ec3","36546187d8f9409806157e908c426947000000000000ffffffffffffffffffff",2,4.04,,6,21.49,56.46,,11.29,,0,0,0,0,,,,-1.00,-1.00,-1.00,-1.00,-1.00
2024-11-15T03:57:48Z,"0002cc0100000ec3","365461893cf9409806157e90c4425f4c000000000000ffffffffffffffffffffffff",2,4.04,,6,21.49,56.55,,10.98,,0,0,0,0,,,-1.00,-1.00,-1.00,-1.00,-1.00,-1.00
2024-11-15T04:03:44Z,"0002cc0100000ec3","3654618aa0f940940615869136426be3000000000000ffffffffffffffffffbbffff",2,4.04,,6,21.52,56.72,,11.37,,0,0,0,0,,,-1.00,-0.97,-1.00,-1.00,-1.00,-1.00
2024-11-15T04:09:40Z,"0002cc0100000ec3","3654618c04f9409406158991df4259aa000000000000ffffe770eea96c66ed4f",2,4.04,,6,21.53,56.98,,10.80,,0,0,0,0,,,,-0.17,0.14,-0.21,-0.12,-1.00
2024-11-15T04:15:36Z,"0002cc0100000ec3","3654618d68f9409406159191fa4249e4000000000000fdf2fd6d3ee9fc5efc36",2,4.04,,6,21.56,57.02,,10.31,,0,0,0,0,,,,-0.53,-0.55,0.00,-0.68,-0.74
2024-11-15T04:21:33Z,"0002cc0100000ec3","3654618ecdf9409406159491e44258c4000000000000f653ffe2f5cbff6afd1066c5",2,4.04,,6,21.58,56.99,,10.77,,0,0,0,0,,,0.11,-0.63,-0.93,-0.36,-0.99,-0.40
2024-11-15T04:27:29Z,"0002cc0100000ec3","3654619031f9409406158d9218425af8000000000000ffafffffff9affffffff",2,4.04,,6,21.55,57.07,,10.84,,0,0,0,0,,,,-1.00,-1.00,-0.95,-1.00,-0.96
2024-11-15T04:33:25Z,"0002cc0100000ec3","3654619195f94094061594926c425777000000000000ffffffffffffffffffff",2,4.04,,6,21.58,57.20,,10.73,,0,0,0,0,,,,-1.00,-1.00,-1.00,-1.00,-1.00
2024-11-15T04:39:21Z,"0002cc0100000ec3","36546192f9f94094061594927b42598b000000000000ffffffffffffffffffffffff",2,4.04,,6,21.58,57.22,,10.80,,0,0,0,0,,,-1.00,-1.00,-1.00,-1.00,-1.00,-1.00
2024-11-15T04:45:17Z,"0002cc0100000ec3","365461945df9409406158d92874256b0000000000000ffffffffffffffffffff",2,4.04,,6,21.55,57.24,,10.71,,0,0,0,0,,,,-1.00,-1.00,-1.00,-1.00,-1.00
2024-11-15T04:51:13Z,"0002cc0100000ec3","36546195c1f94094061594927b4258c4000000000000ffffffffffffffffffffffff",2,4.04,,6,21.58,57.22,,10.77,,0,0,0,0,,,-1.00,-1.00,-1.00,-1.00,-1.00,-1.00
2024-11-15T04:57:09Z,"0002cc0100000ec3","3654619725f9409406158d92b04258c4000000000000ffffffffffffffffffffffff",2,4.04,,6,21.55,57.30,,10.77,,0,0,0,0,,,-1.00,-1.00,-1.00,-1.00,-1.00,-1.00
2024-11-15T05:03:05Z,"0002cc0100000ec3","3654619889f9409406158d92d7425b9f000000000000ffffffffffffffffffff",2,4.04,,6,21.55,57.36,,10.86,,0,0,0,0,,,,-1.00,-1.00,-1.00,-1.00,-1.00
2024-11-15T05:09:01Z,"0002cc0100000ec3","36546199edf9409c06158d92e7425b9f000000000000ffffffffffffffffffff",2,4.04,,6,21.55,57.38,,10.86,,0,0,0,0,,,,-1.00,-1.00,-1.00,-1.00,-1.00
2024-11-15T05:14:58Z,"0002cc0100000ec3","3654619b52f9409406159192e9425b9f000000000000ffffffffffffffffffff",2,4.04,,6,21.56,57.39,,10.86,,0,0,0,0,,,,-1.00,-1.00,-1.00,-1.00,-1.00
2024-11-15T05:20:54Z,"0002cc0100000ec3","3654619cb6f9409406158992de4258c4000000000000ffffffffffffffffffffffff",2,4.04,,6,21.53,57.37,,10.77,,0,0,0,0,,,-1.00,-1.00,-1.00,-1.00,-1.00,-1.00
2024-11-15T05:26:50Z,"0002cc0100000ec3","3654619e1af94094061591926b4258c4000000000000ffffffffffffffffffff",2,4.04,,6,21.56,57.20,,10.77,,0,0,0,0,,,,-1.00,-1.00,-1.00,-1.00,-1.00
2024-11-15T05:32:46Z,"0002cc0100000ec3","3654619f7ef9409406158d91e142598b000000000000ffffffffffffffffffffffff",2,4.04,,6,21.55,56.98,,10.80,,0,0,0,0,,,-1.00,-1.00,-1.00,-1.00,-1.00,-1.00
2024-11-15T05:38:42Z,"0002cc0100000ec3","365461a0e2f9409406159191c3425b9f000000000000ffffffffffffffffffff",2,4.04,,6,21.56,56.94,,10.86,,0,0,0,0,,,,-1.00,-1.00,-1.00,-1.00,-1.00
2024-11-15T05:44:38Z,"0002cc0100000ec3","365461a246f9408c06158d91e842598b000000000000ffffffffffffffffffffffff",2,4.03,,6,21.55,57.00,,10.80,,0,0,0,0,,,-1.00,-1.00,-1.00,-1.00,-1.00,-1.00
2024-11-15T05:50:34Z,"0002cc0100000ec3","365461a3aaf9409406158991f7425b9f000000000000ffffffffffffffffffff",2,4.04,,6,21.53,57.02,,10.86,,0,0,0,0,,,,-1.00,-1.00,-1.00,-1.00,-1.00
2024-11-15T05:56:30Z,"0002cc0100000ec3","365461a50ef9409406158991d0425b9f000000000000ffffffffffffffffffffffff",2,4.04,,6,21.53,56.96,,10.86,,0,0,0,0,,,-1.00,-1.00,-1.00,-1.00,-1.00,-1.00
2024-11-15T06:02:27Z,"0002cc0100000ec3","365461a673f94094061586915e425b9f000000000000ffffffffffffffffffffffff",2,4.04,,6,21.52,56.78,,10.86,,0,0,0,0,,,-1.00,-1.00,-1.00,-1.00,-1.00,-1.00
2024-11-15T06:08:22Z,"0002cc0100000ec3","365461a7d6f94094061586911f425b9f000000000000ffffffffffffffffffff",2,4.04,,6,21.52,56.69,,10.86,,0,0,0,0,,,,-1.00,-1.00,-1.00,-1.00,-1.00
2024-11-15T06:14:19Z,"0002cc0100000ec3","365461a93bf9409406158690c7425b9f000000000000ffffffffffffffffffff",2,4.04,,6,21.52,56.55,,10.86,,0,0,0,0,,,,-1.00,-1.00,-1.00,-1.00,-1.00
2024-11-15T06:20:15Z,"0002cc0100000ec3","365461aa9ff202050000158990b9425bbe000000000000ffffffffffffffffffff",2,,2.5.0.0,,21.53,56.53,,10.87,,0,0,0,0,,,,-1.00,-1.00,-1.00,-1.00,-1.00
2024-11-15T06:26:11Z,"0002cc0100000ec3","365461ac03f9409406158990f1424f8f000000000000ffffffffffffffffffffffff",2,4.04,,6,21.53,56.62,,10.49,,0,0,0,0,,,-1.00,-1.00,-1.00,-1.00,-1.00,-1.00
2024-11-15T06:32:07Z,"0002cc0100000ec3","365461ad67f9408c0615869077425af8000000000000ffffffffffffffffffffffff",2,4.03,,6,21.52,56.43,,10.84,,0,0,0,0,,,-1.00,-1.00,-1.00,-1.00,-1.00,-1.00
2024-11-15T06:38:03Z,"0002cc0100000ec3","365461aecbf940980615829035425777000000000000ffffffffffffffffffff",2,4.04,,6,21.51,56.33,,10.73,,0,0,0,0,,,,-1.00,-1.00,-1.00,-1.00,-1.00
2024-11-15T06:43:59Z,"0002cc0100000ec3","365461b02ff9408c0615899008425af8000000000000ffffffffffffffffffffffff",2,4.03,,6,21.53,56.26,,10.84,,0,0,0,0,,,-1.00,-1.00,-1.00,-1.00,-1.00,-1.00
2024-11-15T06:49:55Z,"0002cc0100000ec3","365461b193f940940615828fce42581e000000000000ffffffffffffffffffff",2,4.04,,6,21.51,56.17,,10.75,,0,0,0,0,,,,-1.00,-1.00,-1.00,-1.00,-1.00
2024-11-15T06:55:51Z,"0002cc0100000ec3","365461b2f7f9408c0615868ff0425af8000000000000ffffffffffffffffffffffff",2,4.03,,6,21.52,56.23,,10.84,,0,0,0,0,,,-1.00,-1.00,-1.00,-1.00,-1.00,-1.00
2024-11-15T07:01:47Z,"0002cc0100000ec3","365461b45bf940940615868fe7425af8000000000000ffffffffffffffffffff",2,4.04,,6,21.52,56.21,,10.84,,0,0,0,0,,,,-1.00,-1.00,-1.00,-1.00,-1.00
2024-11-15T07:07:44Z,"0002cc0100000ec3","365461b5c0f9408c06158d8fe34256b0000000000000ffffffffffffffffffffffff",2,4.03,,6,21.55,56.21,,10.71,,0,0,0,0,,,-1.00,-1.00,-1.00,-1.00,-1.00,-1.00
2024-11-15T07:13:40Z,"0002cc0100000ec3","365461b724f9408c0615868ff8425af8000000000000ffffffffffffffffffff",2,4.03,,6,21.52,56.24,,10.84,,0,0,0,0,,,,-1.00,-1.00,-1.00,-1.00,-1.00
2024-11-15T07:19:36Z,"0002cc0100000ec3","365461b888f9408c06158d8ffb42598b000000000000ffffffffffffffffffffffff",2,4.03,,6,21.55,56.24,,10.80,,0,0,0,0,,,-1.00,-1.00,-1.00,-1.00,-1.00,-1.00
2024-11-15T07:25:32Z,"0002cc0100000ec3","365461b9ecf9409406158d902342598b000000000000ffffffffffffffffffff",2,4.04,,6,21.55,56.30,,10.80,,0,0,0,0,,,,-1.00,-1.00,-1.00,-1.00,-1.00
2024-11-15T07:31:28Z,"0002cc0100000ec3","365461bb50f9408c06158d904a425af8000000000000ffffffffffffffffffff",2,4.03,,6,21.55,56.36,,10.84,,0,0,0,0,,,,-1.00,-1.00,-1.00,-1.00,-1.00
2024-11-15T07:37:24Z,"0002cc0100000ec3","365461bcb4f94094061591904c425a51000000000000ffffffffffffffb4ffffffff",2,4.04,,6,21.56,56.37,,10.82,,0,0,0,0,,,-1.00,-1.00,-0.96,-1.00,-1.00,-1.00
2024-11-15T07:43:20Z,"0002cc0100000ec3","365461be18f9408c061594903d425a51000000000000ffffffffffffffffffff",2,4.03,,6,21.58,56.34,,10.82,,0,0,0,0,,,,-1.00,-1.00,-1.00,-1.00,-1.00
2024-11-15T07:49:16Z,"0002cc0100000ec3","365461bf7cf9408c0615949016425c65000000000000ffffffffffffffffffff",2,4.03,,6,21.58,56.28,,10.89,,0,0,0,0,,,,-1.00,-1.00,-1.00,-1.00,-1.00
2024-11-15T07:55:13Z,"0002cc0100000ec3","365461c0e1f9408c06159b8fe9425777000000000000ffffffffffffffffffffffff",2,4.03,,6,21.60,56.22,,10.73,,0,0,0,0,,,-1.00,-1.00,-1.00,-1.00,-1.00,-1.00
2024-11-15T08:01:08Z,"0002cc0100000ec3","365461c244f9408c0615918fc5425bbe000000000000ffffffffffffffffffff",2,4.03,,6,21.56,56.16,,10.87,,0,0,0,0,,,,-1.00,-1.00,-1.00,-1.00,-1.00
2024-11-15T08:07:05Z,"0002cc0100000ec3","365461c3a9f9408c0615988fd7425a51000000000000ffffffffffffffffffffffff",2,4.03,,6,21.59,56.19,,10.82,,0,0,0,0,,,-1.00,-1.00,-1.00,-1.00,-1.00,-1.00
2024-11-15T08:13:01Z,"0002cc0100000ec3","365461c50df9408c0615918ffc4258e4000000000000ffffffffffffffffffff",2,4.03,,6,21.56,56.24,,10.78,,0,0,0,0,,,,-1.00,-1.00,-1.00,-1.00,-1.00
2024-11-15T08:18:57Z,"0002cc0100000ec3","365461c671f9408c0615949026424c0e000000000000ffffffffffffffffffff",2,4.03,,6,21.58,56.31,,10.38,,0,0,0,0,,,,-1.00,-1.00,-1.00,-1.00,-1.00
2024-11-15T08:24:53Z,"0002cc0100000ec3","365461c7d5f9408c0615919014425a51000000000000ffffffffffffffffffffffff",2,4.03,,6,21.56,56.28,,10.82,,0,0,0,0,,,-1.00,-1.00,-1.00,-1.00,-1.00,-1.00
2024-11-15T08:30:49Z,"0002cc0100000ec3","365461c939f9408c06158d8fe3425a51000000000000ffffffffffffffffffff",2,4.03,,6,21.55,56.21,,10.82,,0,0,0,0,,,,-1.00,-1.00,-1.00,-1.00,-1.00
2024-11-15T08:36:45Z,"0002cc0100000ec3","365461ca9df9408c0615948fbd425af8000000000000ffffffffffffffffffff",2,4.03,,6,21.58,56.15,,10.84,,0,0,0,0,,,,-1.00,-1.00,-1.00,-1.00,-1.00
2024-11-15T08:42:41Z,"0002cc0100000ec3","365461cc01f9408c0615918fb4425a51000000000000ffffffffffffffffffff",2,4.03,,6,21.56,56.13,,10.82,,0,0,0,0,,,,-1.00,-1.00,-1.00,-1.00,-1.00
2024-11-15T08:48:37Z,"0002cc0100000ec3","365461cd65f9408c0615948fbd425777000000000000ffffffffffffffffffffffff",2,4.03,,6,21.58,56.15,,10.73,,0,0,0,0,,,-1.00,-1.00,-1.00,-1.00,-1.00,-1.00
2024-11-15T08:54:34Z,"0002cc0100000ec3","365461cecaf9408c06159490ac425af8000000000000ffffffffffffffffffff",2,4.03,,6,21.58,56.51,,10.84,,0,0,0,0,,,,-1.00,-1.00,-1.00,-1.00,-1.00
2024-11-15T09:00:29Z,"0002cc0100000ec3","365461d02df9408c06159f94b5425af8000000000000ffffffffffffffffffff",2,4.03,,6,21.62,58.09,,10.84,,0,0,0,0,,,,-1.00,-1.00,-1.00,-1.00,-1.00
2024-11-15T09:06:26Z,"0002cc0100000ec3","365461d192f9408c06159f964c425af8000000000000ffffffffffffffffffffffff",2,4.03,,6,21.62,58.71,,10.84,,0,0,0,0,,,-1.00,-1.00,-1.00,-1.00,-1.00,-1.00
2024-11-15T09:12:22Z,"0002cc0100000ec3","365461d2f6f9408c06159f9793424e22000000000000ffffffffffffffffffff",2,4.03,,6,21.62,59.21,,10.44,,0,0,0,0,,,,-1.00,-1.00,-1.00,-1.00,-1.00
2024-11-15T09:18:18Z,"0002cc0100000ec3","365461d45af9408c0615a6986c424cb5000000000000ffffffffffffffffffffffff",2,4.03,,6,21.65,59.54,,10.40,,0,0,0,0,,,-1.00,-1.00,-1.00,-1.00,-1.00,-1.00
2024-11-15T09:24:14Z,"0002cc0100000ec3","365461d5bef9408c0615a69950425b9f000000000000ffffffffffffffffffff",2,4.03,,6,21.65,59.89,,10.86,,0,0,0,0,,,,-1.00,-1.00,-1.00,-1.00,-1.00
2024-11-15T09:30:10Z,"0002cc0100000ec3","365461d722f940840615ad99eb425b9f000000000000ffffffffffffffffffff",2,4.03,,6,21.68,60.13,,10.86,,0,0,0,0,,,,-1.00,-1.00,-1.00,-1.00,-1.00
2024-11-15T09:36:06Z,"0002cc0100000ec3","365461d886f940900615ad9af6425af8000000000000ffffffffffffffffffffffff",2,4.03,,6,21.68,60.53,,10.84,,0,0,0,0,,,-1.00,-1.00,-1.00,-1.00,-1.00,-1.00
2024-11-15T09:42:02Z,"0002cc0100000ec3","365461d9eaf940980615a99b63425af8000000000000ffffffffffffffffffff",2,4.04,,6,21.66,60.70,,10.84,,0,0,0,0,,,,-1.00,-1.00,-1.00,-1.00,-1.00
2024-11-15T09:47:58Z,"0002cc0100000ec3","365461db4ef9408c0615ad9bc64256b0000000000000ffffffffffffffffffff",2,4.03,,6,21.68,60.85,,10.71,,0,0,0,0,,,,-1.00,-1.00,-1.00,-1.00,-1.00
2024-11-15T09:53:55Z,"0002cc0100000ec3","365461dcb3f9408c0615ad9c3742598b000000000000ffffffffffffffffffffffff",2,4.03,,6,21.68,61.02,,10.80,,0,0,0,0,,,-1.00,-1.00,-1.00,-1.00,-1.00,-1.00
2024-11-15T09:59:51Z,"0002cc0100000ec3","365461de17f940840615a69c8c425bbe000000000000ffffffffffffffffffff",2,4.03,,6,21.65,61.15,,10.87,,0,0,0,0,,,,-1.00,-1.00,-1.00,-1.00,-1.00
2024-11-15T10:05:47Z,"0002cc0100000ec3","365461df7bf940840615a69cf4425c65000000000000fffffffffffffe98fffffd97",2,4.03,,6,21.65,61.31,,10.89,,0,0,0,0,,,-0.70,-1.00,-0.82,-1.00,-1.00,-1.00
2024-11-15T10:11:43Z,"0002cc0100000ec3","365461e0dff940840615a99d31425af8000000000000ffffffffffffffffffff",2,4.03,,6,21.66,61.40,,10.84,,0,0,0,0,,,,-1.00,-1.00,-1.00,-1.00,-1.00
2024-11-15T10:17:39Z,"0002cc0100000ec3","365461e243f9408406159f9b92425af8000000000000fffffffffffffed1ffff",2,4.03,,6,21.62,60.77,,10.84,,0,0,0,0,,,,-1.00,-0.85,-1.00,-1.00,-1.00
2024-11-15T10:23:35Z,"0002cc0100000ec3","365461e3a7f20205000015a69934425fc6000000000000ff3ff6efed2ffcf4ec81ff12",2,,2.5.0.0,,21.65,59.85,,10.99,,0,0,0,0,,,-0.88,-0.14,-0.62,-0.16,-0.43,-0.91
2024-11-15T10:29:32Z,"0002cc0100000ec3","365461e50cf940840615b999ca425af8000000000000c677fc1ef79efee4e5a0",2,4.03,,6,21.72,60.07,,10.84,,0,0,0,0,,,,-0.09,-0.86,-0.48,-0.51,-0.01
2024-11-15T10:35:28Z,"0002cc0100000ec3","365461e670f940840615c79884425a51000000000000f616fc60f7ddffffffff",2,4.03,,6,21.78,59.58,,10.82,,0,0,0,0,,,,-1.00,-1.00,-0.49,-0.55,-0.38
2024-11-15T10:41:24Z,"0002cc0100000ec3","365461e7d4f940840615d99995425b17000000000000ffffffffffffffffffffffff",2,4.03,,6,21.85,59.99,,10.85,,0,0,0,0,,,-1.00,-1.00,-1.00,-1.00,-1.00,-1.00
2024-11-15T10:47:20Z,"0002cc0100000ec3","365461e938f940840615d997b4425b17000000000000ffffffffffffffffffff",2,4.03,,6,21.85,59.26,,10.85,,0,0,0,0,,,,-1.00,-1.00,-1.00,-1.00,-1.00
2024-11-15T10:53:16Z,"0002cc0100000ec3","365461ea9cf940840615d693474259aa000000000000ffffffffffffffffffffffff",2,4.03,,6,21.83,57.53,,10.80,,0,0,0,0,,,-1.00,-1.00,-1.00,-1.00,-1.00,-1.00
2024-11-15T10:59:12Z,"0002cc0100000ec3","365461ec00f940840615cb8fb6424e41000000000000ffffffffffffffffffff",2,4.03,,6,21.79,56.14,,10.45,,0,0,0,0,,,,-1.00,-1.00,-1.00,-1.00,-1.00
2024-11-15T11:05:08Z,"0002cc0100000ec3","365461ed64f940840615b48e06425df1000000000000ffffffffffffffffffff",2,4.03,,6,21.70,55.48,,10.94,,0,0,0,0,,,,-1.00,-1.00,-1.00,-1.00,-1.00
2024-11-15T11:11:04Z,"0002cc0100000ec3","365461eec8f940840615b48d55425df1000000000000ffffffffffffffffffffffff",2,4.03,,6,21.70,55.21,,10.94,,0,0,0,0,,,-1.00,-1.00,-1.00,-1.00,-1.00,-1.00
2024-11-15T11:17:00Z,"0002cc0100000ec3","365461f02cf940840615a98d19425075000000000000ffffffffffffffffffff",2,4.03,,6,21.66,55.12,,10.51,,0,0,0,0,,,,-1.00,-1.00,-1.00,-1.00,-1.00
2024-11-15T11:22:57Z,"0002cc0100000ec3","365461f191f9408406159b8dd3425d4b000000000000ffffffffffffffffffffffff",2,4.03,,6,21.60,55.40,,10.92,,0,0,0,0,,,-1.00,-1.00,-1.00,-1.00,-1.00,-1.00
2024-11-15T11:28:53Z,"0002cc0100000ec3","365461f2f5f9408406159f8f44425bde000000000000ffffffffffffffffffff",2,4.03,,6,21.62,55.96,,10.87,,0,0,0,0,,,,-1.00,-1.00,-1.00,-1.00,-1.00
2024-11-15T11:34:49Z,"0002cc0100000ec3","365461f459f9408406159f8ff2425bde000000000000ffffffffffffffffffffffff",2,4.03,,6,21.62,56.23,,10.87,,0,0,0,0,,,-1.00,-1.00,-1.00,-1.00,-1.00,-1.00
2024-11-15T11:40:45Z,"0002cc0100000ec3","365461f5bdf940840615b1900a425c84000000000000ffffffffffffffffffff",2,4.03,,6,21.69,56.27,,10.89,,0,0,0,0,,,,-1.00,-1.00,-1.00,-1.00,-1.00
2024-11-15T11:46:41Z,"0002cc0100000ec3","365461f721f940840615bc8ee8425c84000000000000ffffffffffffffffffff",2,4.03,,6,21.73,55.82,,10.89,,0,0,0,0,,,,-1.00,-1.00,-1.00,-1.00,-1.00
2024-11-15T11:52:37Z,"0002cc0100000ec3","365461f885f940840615c38e03425c84000000000000ffffffffffffffffffffffff",2,4.03,,6,21.76,55.47,,10.89,,0,0,0,0,,,-1.00,-1.00,-1.00,-1.00,-1.00,-1.00
2024-11-15T11:58:33Z,"0002cc0100000ec3","365461f9e9f940840615c38d23425c84000000000000ffffffffffffffffffff",2,4.03,,6,21.76,55.13,,10.89,,0,0,0,0,,,,-1.00,-1.00,-1.00,-1.00,-1.00
2024-11-15T12:04:29Z,"0002cc0100000ec3","365461fb4df940840615c38cfc425b17000000000000ffffffffffffffffffffffff",2,4.03,,6,21.76,55.07,,10.85,,0,0,0,0,,,-1.00,-1.00,-1.00,-1.00,-1.00,-1.00
2024-11-15T12:10:25Z,"0002cc0100000ec3","365461fcb1f940840615c08cb3425b17000000000000ffffffffffffffffffff",2,4.03,,6,21.75,54.96,,10.85,,0,0,0,0,,,,-1.00,-1.00,-1.00,-1.00,-1.00
2024-11-15T12:16:21Z,"0002cc0100000ec3","365461fe15f9407f0615b98c98425b17000000000000ffffffffffffffffffffffff",2,4.03,,6,21.72,54.92,,10.85,,0,0,0,0,,,-1.00,-1.00,-1.00,-1.00,-1.00,-1.00
2024-11-15T12:22:17Z,"0002cc0100000ec3","365461ff79f9407f0615ad8c9c4259aa000000000000ffffffffffffffffffff",2,4.03,,6,21.68,54.93,,10.80,,0,0,0,0,,,,-1.00,-1.00,-1.00,-1.00,-1.00
2024-11-15T12:28:14Z,"0002cc0100000ec3","36546200def9407f0615a98ccb425b17000000000000ffffffffffffffffffff",2,4.03,,6,21.66,55.00,,10.85,,0,0,0,0,,,,-1.00,-1.00,-1.00,-1.00,-1.00
2024-11-15T12:34:10Z,"0002cc0100000ec3","3654620242f9407b0615a68d10425ca4000000000000ffffffffffffffffffffffff",2,4.03,,6,21.65,55.10,,10.89,,0,0,0,0,,,-1.00,-1.00,-1.00,-1.00,-1.00,-1.00
2024-11-15T12:40:06Z,"0002cc0100000ec3","36546203a6f940840615a68d29425bde000000000000ffffffffffffffffffff",2,4.03,,6,21.65,55.14,,10.87,,0,0,0,0,,,,-1.00,-1.00,-1.00,-1.00,-1.00
2024-11-15T12:46:02Z,"0002cc0100000ec3","365462050af940840615a98db0425796000000000000ffffffffffffffffffff",2,4.03,,6,21.66,55.35,,10.74,,0,0,0,0,,,,-1.00,-1.00,-1.00,-1.00,-1.00
2024-11-15T12:51:58Z,"0002cc0100000ec3","365462066ef9407f0615a28e0d425bde000000000000ffffffffffffffffffffffff",2,4.03,,6,21.63,55.49,,10.87,,0,0,0,0,,,-1.00,-1.00,-1.00,-1.00,-1.00,-1.00
2024-11-15T12:57:54Z,"0002cc0100000ec3","36546207d2f940840615a68e4842d3b7000000000000ffffffffffffffffffff",2,4.03,,6,21.65,55.58,,14.62,,0,0,0,0,,,,-1.00,-1.00,-1.00,-1.00,-1.00
2024-11-15T13:03:50Z,"0002cc0100000ec3","3654620936f940840615b18ea34323db000000000000ffffffffffffffffffffffff",2,4.03,,6,21.69,55.72,,18.24,,0,0,0,0,,,-1.00,-1.00,-1.00,-1.00,-1.00,-1.00
2024-11-15T13:09:46Z,"0002cc0100000ec3","3654620a9af9407f0615bc8ec7431ca5000000000000ffffffffffffffffffff",2,4.03,,6,21.73,55.77,,17.79,,0,0,0,0,,,,-1.00,-1.00,-1.00,-1.00,-1.00
2024-11-15T13:15:43Z,"0002cc0100000ec3","3654620bfff940840615cb8e8e43225a000000000000ffffffffffffffffffffffff",2,4.03,,6,21.79,55.69,,18.15,,0,0,0,0,,,-1.00,-1.00,-1.00,-1.00,-1.00,-1.00
2024-11-15T13:21:38Z,"0002cc0100000ec3","3654620d62f9407f0615d28e61432578000000000000ffffffffffffffffffff",2,4.03,,6,21.82,55.62,,18.34,,0,0,0,0,,,,-1.00,-1.00,-1.00,-1.00,-1.00
2024-11-15T13:27:35Z,"0002cc0100000ec3","3654620ec7f9407f0615e08e0043225a000000000000ffffffffffffffffffffffff",2,4.03,,6,21.87,55.47,,18.15,,0,0,0,0,,,-1.00,-1.00,-1.00,-1.00,-1.00,-1.00
2024-11-15T13:33:31Z,"0002cc0100000ec3","365462102bf940880615eb8d8c432364000000000000ffffffffffffffffffff",2,4.03,,6,21.92,55.29,,18.21,,0,0,0,0,,,,-1.00,-1.00,-1.00,-1.00,-1.00
2024-11-15T13:39:27Z,"0002cc0100000ec3","365462118ff9407f0615fd8d434324c1000000000000ffffffffffffffffffffffff",2,4.03,,6,21.99,55.18,,18.30,,0,0,0,0,,,-1.00,-1.00,-1.00,-1.00,-1.00,-1.00
2024-11-15T13:45:23Z,"0002cc0100000ec3","36546212f3f9407f0616018d4d432515000000000000ffffffffffffffffffff",2,4.03,,6,22.00,55.20,,18.32,,0,0,0,0,,,,-1.00,-1.00,-1.00,-1.00,-1.00
2024-11-15T13:51:19Z,"0002cc0100000ec3","3654621457f9407f06160f8eea4325cb000000000000ffffffffffffffffffff",2,4.03,,6,22.06,55.83,,18.36,,0,0,0,0,,,,-1.00,-1.00,-1.00,-1.00,-1.00
2024-11-15T13:57:15Z,"0002cc0100000ec3","36546215bbf9407f0616168fe44324b1000000000000ffffffffffffffffffffffff",2,4.03,,6,22.08,56.21,,18.29,,0,0,0,0,,,-1.00,-1.00,-1.00,-1.00,-1.00,-1.00
2024-11-15T14:03:11Z,"0002cc0100000ec3","365462171ff9407f06161a8fc6432515000000000000ffffffffffffffffffffffff",2,4.03,,6,22.10,56.16,,18.32,,0,0,0,0,,,-1.00,-1.00,-1.00,-1.00,-1.00,-1.00
2024-11-15T14:09:07Z,"0002cc0100000ec3","3654621883f9407f06162c904d43206a000000000000ffffffffffffffffffff",2,4.03,,6,22.17,56.37,,18.03,,0,0,0,0,,,,-1.00,-1.00,-1.00,-1.00,-1.00
2024-11-15T14:15:03Z,"0002cc0100000ec3","36546219e7f9407f06162c9067000000000000000000ffffffffffffffffffff",2,4.03,,6,22.17,56.41,,0.00,,0,0,0,0,,,,-1.00,-1.00,-1.00,-1.00,-1.00
2024-11-15T14:21:00Z,"0002cc0100000ec3","3654621b4cf9407b061633908f000000000000000000ffffffffffffffffffffffff",2,4.03,,6,22.20,56.47,,0.00,,0,0,0,0,,,-1.00,-1.00,-1.00,-1.00,-1.00,-1.00
2024-11-15T14:26:56Z,"0002cc0100000ec3","3654621cb0f2020500001628913c000000000000000000ffffffffffffffffffff",2,,2.5.0.0,,22.16,56.73,,0.00,,0,0,0,0,,,,-1.00,-1.00,-1.00,-1.00,-1.00
2024-11-15T14:32:52Z,"0002cc0100000ec3","3654621e14f9407f06162891db000000000000000000ffffffffffffffffffff",2,4.03,,6,22.16,56.98,,0.00,,0,0,0,0,,,,-1.00,-1.00,-1.00,-1.00,-1.00
2024-11-15T14:38:48Z,"0002cc0100000ec3","3654621f78f9407f0616219238000000000000000000ffffffffffffffffffffffff",2,4.03,,6,22.13,57.12,,0.00,,0,0,0,0,,,-1.00,-1.00,-1.00,-1.00,-1.00,-1.00
2024-11-15T14:44:44Z,"0002cc0100000ec3","36546220dcf9407f06161a92ec000000000000000000fffffea6f681fe3eff92",2,4.03,,6,22.10,57.39,,0.00,,0,0,0,0,,,,-0.95,-0.78,-0.41,-0.83,-1.00
2024-11-15T14:50:40Z,"0002cc0100000ec3","3654622240f9407f06161694ba000000000000000000fffff7f4ffb9fd23fc50ff04",2,4.03,,6,22.08,58.10,,0.00,,0,0,0,0,,,-0.88,-0.54,-0.64,-0.97,-0.50,-1.00
2024-11-15T14:56:36Z,"0002cc0100000ec3","36546223a4f9407f06161a96b2000000000000000000fefaffb4ffcbfe05ff42",2,4.03,,6,22.10,58.87,,0.00,,0,0,0,0,,,,-0.91,-0.75,-0.97,-0.96,-0.87
2024-11-15T15:02:33Z,"0002cc0100000ec3","3654622509d9407f06160c9863000000000000ff81fe92fefcffd5fdd7",2,4.03,,6,22.04,59.53,,,,0,0,0,0,,,,-0.73,-0.98,-0.87,-0.82,-0.94
2024-11-15T15:08:29Z,"0002cc0100000ec3","365462266df940770616049820000000000000000000ffb1fedbffb5fe0fffffffff",2,4.03,,6,22.01,59.42,,0.00,,0,0,0,0,,,-1.00,-1.00,-0.76,-0.96,-0.86,-0.96
2024-11-15T15:14:25Z,"0002cc0100000ec3","36546227d1d9407f0616019737000000000000ffffffffffffffffffc9",2,4.03,,6,22.00,59.07,,,,0,0,0,0,,,,-0.97,-1.00,-1.00,-1.00,-1.00
2024-11-15T15:20:21Z,"0002cc0100000ec3","3654622935f9407f0615f69769000000000000000000fcc0fcd5ff3effc4ff12ffbf",2,4.03,,6,21.96,59.15,,0.00,,0,0,0,0,,,-0.97,-0.88,-0.97,-0.91,-0.60,-0.59
2024-11-15T15:26:17Z,"0002cc0100000ec3","3654622a99f9407f0615f69712000000000000000000fd82fdc3fffffeecfff0",2,4.03,,6,21.96,59.01,,0.00,,0,0,0,0,,,,-0.99,-0.87,-1.00,-0.72,-0.69
2024-11-15T15:32:14Z,"0002cc0100000ec3","3654622bfef9407f0615ee9607000000000000000000ff03ff30ffd1ff99ff68",2,4.03,,6,21.93,58.61,,0.00,,0,0,0,0,,,,-0.93,-0.95,-0.98,-0.90,-0.88
2024-11-15T15:38:10Z,"0002cc0100000ec3","3654622d62f940770615ee94f0000000000000000000f614ff3efdeffff3ff02ffd8",2,4.03,,6,21.93,58.18,,0.00,,0,0,0,0,,,-0.98,-0.88,-0.99,-0.74,-0.91,-0.38
2024-11-15T15:44:06Z,"0002cc0100000ec3","3654622ec6f9407f0615ee94f7000000000000000000fda7fdfaf7cdfefbfcf4",2,4.03,,6,21.93,58.19,,0.00,,0,0,0,0,,,,-0.62,-0.87,-0.49,-0.75,-0.71
2024-11-15T15:50:02Z,"0002cc0100000ec3","365462302af9407f0615eb9506000000000000000000fd3cff62fde2ff73fe1f",2,4.03,,6,21.92,58.21,,0.00,,0,0,0,0,,,,-0.77,-0.93,-0.74,-0.92,-0.65
2024-11-15T15:55:59Z,"0002cc0100000ec3","365462318ff940770615eb9437000000000000000000feabfef1fecbfff0ff24fef1",2,4.03,,6,21.92,57.90,,0.00,,0,0,0,0,,,-0.87,-0.89,-0.99,-0.85,-0.87,-0.83
2024-11-15T16:01:55Z,"0002cc0100000ec3","36546232f3f940770615e49395000000000000000000ffffffb1feb0ff2efff6",2,4.03,,6,21.89,57.65,,0.00,,0,0,0,0,,,,-0.99,-0.90,-0.84,-0.96,-1.00
2024-11-15T16:07:51Z,"0002cc0100000ec3","3654623457f940770615e892ff000000000000000000fe9ffdd9fde0ffb5fdb6ff35",2,4.03,,6,21.90,57.42,,0.00,,0,0,0,0,,,-0.90,-0.71,-0.96,-0.73,-0.73,-0.83
2024-11-15T16:13:47Z,"0002cc0100000ec3","36546235bbf940770615e4927d000000000000000000ffe9ff41fe9affffffde",2,4.03,,6,21.89,57.22,,0.00,,0,0,0,0,,,,-0.98,-1.00,-0.83,-0.91,-0.99
2024-11-15T16:19:43Z,"0002cc0100000ec3","365462371ff940770615e89230000000000000000000ffffff17ff88ff1efeab",2,4.03,,6,21.90,57.11,,0.00,,0,0,0,0,,,,-0.83,-0.89,-0.94,-0.89,-1.00
2024-11-15T16:25:40Z,"0002cc0100000ec3","3654623884f940770615eb913a000000000000000000ff4bff30ffe4ffc9fffffef9",2,4.03,,6,21.92,56.73,,0.00,,0,0,0,0,,,-0.87,-1.00,-0.97,-0.99,-0.90,-0.91
2024-11-15T16:31:36Z,"0002cc0100000ec3","36546239e8f940770615e0915d392ed0000000000000ffffffafffcaffecffff",2,4.03,,6,21.87,56.78,,0.02,,0,0,0,0,,,,-1.00,-0.99,-0.97,-0.96,-1.00
2024-11-15T16:37:32Z,"0002cc0100000ec3","3654623b4cf9407f0615e4910f000000000000000000ffffffffffffffffffff",2,4.03,,6,21.89,56.66,,0.00,,0,0,0,0,,,,-1.00,-1.00,-1.00,-1.00,-1.00
2024-11-15T16:43:28Z,"0002cc0100000ec3","3654623cb0f940770615e89160000000000000000000fe6effaefffffffffde2",2,4.03,,6,21.90,56.79,,0.00,,0,0,0,0,,,,-0.74,-1.00,-1.00,-0.96,-0.80
2024-11-15T16:49:25Z,"0002cc0100000ec3","3654623e15d9406b0615e4908f000000000000ff84feacff70ffbbffff",2,4.03,,6,21.89,56.47,,,,0,0,0,0,,,,-1.00,-0.97,-0.93,-0.83,-0.94
2024-11-15T16:55:21Z,"0002cc0100000ec3","3654623f79f940770615eb8fcb000000000000000000ffffffc2ff9fffaeffff",2,4.03,,6,21.92,56.17,,0.00,,0,0,0,0,,,,-1.00,-0.96,-0.95,-0.97,-1.00
2024-11-15T17:01:17Z,"0002cc0100000ec3","36546240ddf940770615e08f7d000000000000000000fff3ff24ff0fff1bfecf",2,4.03,,6,21.87,56.05,,0.00,,0,0,0,0,,,,-0.85,-0.89,-0.88,-0.89,-0.99
2024-11-15T17:07:13Z,"0002cc0100000ec3","3654624241f940770615e88ee1392ed0000000000000ff6cffa7ff3effffff9a",2,4.03,,6,21.90,55.81,,0.02,,0,0,0,0,,,,-0.95,-1.00,-0.91,-0.96,-0.93
2024-11-15T17:13:09Z,"0002cc0100000ec3","36546243a5d940770615e48e21000000000000ff86ff7afe85fff8ffcd",2,4.03,,6,21.89,55.52,,,,0,0,0,0,,,,-0.97,-1.00,-0.81,-0.93,-0.94
2024-11-15T17:19:05Z,"0002cc0100000ec3","3654624509f940770615e48d7a000000000000000000fffffe5cfd91fffffd3f",2,4.03,,6,21.89,55.27,,0.00,,0,0,0,0,,,,-0.66,-1.00,-0.70,-0.79,-1.00
2024-11-15T17:25:02Z,"0002cc0100000ec3","365462466ef940770615dd8cd7000000000000000000fffffffffc44ff36ffff",2,4.03,,6,21.86,55.02,,0.00,,0,0,0,0,,,,-1.00,-0.90,-0.53,-1.00,-1.00
2024-11-15T17:30:58Z,"0002cc0100000ec3","36546247d2f940770615d98d25000000000000000000fe96feb9ffaaff85ffff",2,4.03,,6,21.85,55.14,,0.00,,0,0,0,0,,,,-1.00,-0.94,-0.96,-0.84,-0.82
2024-11-15T17:36:54Z,"0002cc0100000ec3","3654624936f940770615dd8cef392ed0000000000000ffffffa5ffffffffffff",2,4.03,,6,21.86,55.05,,0.02,,0,0,0,0,,,,-1.00,-1.00,-1.00,-0.96,-1.00
2024-11-15T17:42:51Z,"0002cc0100000ec3","3654624a9bd940770615dd8d1f000000000000ffffffdffdcdffa9ff66ff1c",2,4.03,,6,21.86,55.13,,,,0,0,0,0,,,-0.89,-0.92,-0.96,-0.73,-0.98,-1.00
2024-11-15T17:48:46Z,"0002cc0100000ec3","3654624bfef940770615dd8de6000000000000000000f7b065046f5ef68efd01",2,4.03,,6,21.86,55.43,,0.00,,0,0,0,0,,,,-0.63,-0.41,0.23,0.08,-0.48
2024-11-15T17:54:43Z,"0002cc0100000ec3","3654624d63f940770615dd8d95000000000000000000fea0ff14ffffff46fde6",2,4.03,,6,21.86,55.31,,0.00,,0,0,0,0,,,,-0.74,-0.91,-1.00,-0.88,-0.83
2024-11-15T18:00:39Z,"0002cc0100000ec3","3654624ec7f940770615e08cff000000000000000000ffffffffffffff31fd05",2,4.03,,6,21.87,55.08,,0.00,,0,0,0,0,,,,-0.63,-0.90,-1.00,-1.00,-1.00
2024-11-15T18:06:35Z,"0002cc0100000ec3","365462502bf9406f0615e88d5b000000000000000000fe6dff05fdc3ffcbffa5fc30",2,4.03,,6,21.90,55.22,,0.00,,0,0,0,0,,,-0.52,-0.96,-0.97,-0.72,-0.88,-0.80
2024-11-15T18:12:31Z,"0002cc0100000ec3","365462518ff940770615e88d32000000000000000000ffafff8cffe0ffd0ff5d",2,4.03,,6,21.90,55.16,,0.00,,0,0,0,0,,,,-0.92,-0.98,-0.98,-0.94,-0.96
2024-11-15T18:18:28Z,"0002cc0100000ec3","36546252f4f940770615e08f2f000000000000000000fffffe50fdd0feabfce0",2,4.03,,6,21.87,55.93,,0.00,,0,0,0,0,,,,-0.61,-0.83,-0.73,-0.79,-1.00
2024-11-15T18:24:24Z,"0002cc0100000ec3","3654625458f940770615e88ee1000000000000000000fef8ffffffe3ffffffffffca",2,4.03,,6,21.90,55.81,,0.00,,0,0,0,0,,,-0.97,-1.00,-1.00,-0.99,-1.00,-0.87
2024-11-15T18:30:20Z,"0002cc0100000ec3","36546255bcf20205000015e48de9000000000000000000ffffffffffffff18fe65",2,,2.5.0.0,,21.89,55.43,,0.00,,0,0,0,0,,,,-0.80,-0.89,-1.00,-1.00,-1.00
2024-11-15T18:36:16Z,"0002cc0100000ec3","3654625720f9406f0615e08f57000000000000000000ff53fffffffffeaeff2efe86",2,4.03,,6,21.87,55.99,,0.00,,0,0,0,0,,,-0.82,-0.90,-0.83,-1.00,-1.00,-0.92
2024-11-15T18:42:13Z,"0002cc0100000ec3","3654625885d9406f0615e08f6e000000000000fefbfd36f6566c04f57f",2,4.03,,6,21.87,56.03,,,,0,0,0,0,,,,-0.34,0.13,-0.40,-0.65,-0.87
2024-11-15T18:48:09Z,"0002cc0100000ec3","36546259e9f940770615dd8ee5000000000000000000fee4fe8cff08fdb9ffbb",2,4.03,,6,21.86,55.82,,0.00,,0,0,0,0,,,,-0.97,-0.72,-0.88,-0.82,-0.86
2024-11-15T18:54:05Z,"0002cc0100000ec3","3654625b4df9406f0615d98edb000000000000000000fffffcfdf694fdeefd35",2,4.03,,6,21.85,55.80,,0.00,,0,0,0,0,,,,-0.65,-0.74,-0.41,-0.62,-1.00
2024-11-15T19:00:01Z,"0002cc0100000ec3","3654625cb1f9406f0615d68efa392ed0000000000000ff4fffcfff87fe43ff54ff3d",2,4.03,,6,21.83,55.85,,0.02,,0,0,0,0,,,-0.90,-0.92,-0.78,-0.94,-0.98,-0.91
2024-11-15T19:05:57Z,"0002cc0100000ec3","3654625e15f9406f0615d98e1c000000000000000000fefdffdefffffecbfef5",2,4.03,,6,21.85,55.51,,0.00,,0,0,0,0,,,,-0.87,-0.85,-1.00,-0.98,-0.87
2024-11-15T19:11:54Z,"0002cc0100000ec3","3654625f7af9406f0615d68d92000000000000000000ffaaff8afeb2ffb6ffffffa9",2,4.03,,6,21.83,55.30,,0.00,,0,0,0,0,,,-0.96,-1.00,-0.96,-0.84,-0.94,-0.96
2024-11-15T19:17:50Z,"0002cc0100000ec3","36546260def9406f0615d28ea8000000000000000000fe58f5f6fdd3ffa2fdf8",2,4.03,,6,21.82,55.73,,0.00,,0,0,0,0,,,,-0.75,-0.95,-0.73,-0.37,-0.79
2024-11-15T19:23:46Z,"0002cc0100000ec3","3654626242f9406f0615d68ee2000000000000000000fffffeabffaeff88fd32",2,4.03,,6,21.83,55.81,,0.00,,0,0,0,0,,,,-0.65,-0.94,-0.96,-0.83,-1.00
2024-11-15T19:29:42Z,"0002cc0100000ec3","36546263a6d9406f0615d98ee4000000000000ffd7ffccfd98feafffa7ffff",2,4.03,,6,21.85,55.82,,,,0,0,0,0,,,-1.00,-0.96,-0.84,-0.70,-0.97,-0.98
2024-11-15T19:35:38Z,"0002cc0100000ec3","365462650af9406f0615e08f27000000000000000000ffffffafffffff61ffff",2,4.03,,6,21.87,55.92,,0.00,,0,0,0,0,,,,-1.00,-0.92,-1.00,-0.96,-1.00
2024-11-15T19:41:35Z,"0002cc0100000ec3","365462666ff9406f0615e08e8e000000000000000000ffffffffffeffeadfe17ff76",2,4.03,,6,21.87,55.69,,0.00,,0,0,0,0,,,-0.93,-0.76,-0.83,-0.99,-1.00,-1.00
2024-11-15T19:47:31Z,"0002cc0100000ec3","36546267d3f9406f0615dd8fa4000000000000000000ffffff66fdceffffff7f",2,4.03,,6,21.86,56.11,,0.00,,0,0,0,0,,,,-0.94,-1.00,-0.73,-0.92,-1.00
2024-11-15T19:53:27Z,"0002cc0100000ec3","3654626937f9406f0615d98f84000000000000000000ff6dfffffffffffffe73",2,4.03,,6,21.85,56.06,,0.00,,0,0,0,0,,,,-0.81,-1.00,-1.00,-1.00,-0.93
2024-11-15T19:59:23Z,"0002cc0100000ec3","3654626a9bf9406f0615e08ffe000000000000000000ff67fea9fdc7ffffffda",2,4.03,,6,21.87,56.25,,0.00,,0,0,0,0,,,,-0.98,-1.00,-0.72,-0.83,-0.93
2024-11-15T20:05:19Z,"0002cc0100000ec3","3654626bfff9406f0615e4903e000000000000000000fffffffffffffffffffffda1",2,4.03,,6,21.89,56.35,,0.00,,0,0,0,0,,,-0.70,-1.00,-1.00,-1.00,-1.00,-1.00
2024-11-15T20:11:16Z,"0002cc0100000ec3","3654626d64d9406f0615e49077000000000000ffafffffff30ff44ffff",2,4.03,,6,21.89,56.43,,,,0,0,0,0,,,,-1.00,-0.91,-0.90,-1.00,-0.96
2024-11-15T20:17:12Z,"0002cc0100000ec3","3654626ec8f9406f0615dd90eb000000000000000000ff75fe22ff7bff65ff85",2,4.03,,6,21.86,56.61,,0.00,,0,0,0,0,,,,-0.94,-0.92,-0.93,-0.77,-0.93
2024-11-15T20:23:08Z,"0002cc0100000ec3","365462702cd940670615e4908f000000000000ffffffffffffffbbffffffb3",2,4.03,,6,21.89,56.47,,,,0,0,0,0,,,-0.96,-1.00,-0.97,-1.00,-1.00,-1.00
2024-11-15T20:29:04Z,"0002cc0100000ec3","3654627190f9406f0615e0902e000000000000000000fe00ff1bfffffffffe48",2,4.03,,6,21.87,56.32,,0.00,,0,0,0,0,,,,-0.79,-1.00,-1.00,-0.89,-0.75
2024-11-15T20:35:00Z,"0002cc0100000ec3","36546272f4f9406f0615dd9004000000000000000000ffb4ffe4fffffdd8fed7",2,4.03,,6,21.86,56.26,,0.00,,0,0,0,0,,,,-0.85,-0.73,-1.00,-0.99,-0.96
2024-11-15T20:40:56Z,"0002cc0100000ec3","3654627458f9406b0615d69068392ed0000000000000ffffff1bffffffffff54",2,4.03,,6,21.83,56.41,,0.02,,0,0,0,0,,,,-0.92,-1.00,-1.00,-0.89,-1.00
2024-11-15T20:46:53Z,"0002cc0100000ec3","36546275bdf9406f0615d99013000000000000000000ff63ff8cff1affffff20ffff",2,4.03,,6,21.85,56.28,,0.00,,0,0,0,0,,,-1.00,-0.89,-1.00,-0.89,-0.94,-0.92
2024-11-15T20:52:49Z,"0002cc0100000ec3","3654627721d9406f0615e08f6e000000000000fde3ff75ffaeffc7fff9",2,4.03,,6,21.87,56.03,,,,0,0,0,0,,,,-1.00,-0.97,-0.96,-0.93,-0.74
2024-11-15T20:58:45Z,"0002cc0100000ec3","3654627885f9406f0615d98eeb000000000000000000ffc5ffffffffff1eff92",2,4.03,,6,21.85,55.83,,0.00,,0,0,0,0,,,,-0.95,-0.89,-1.00,-1.00,-0.97
2024-11-15T21:04:41Z,"0002cc0100000ec3","36546279e9f9406b0615dd8fb4000000000000000000fe38fcecffa3fff3fdbf",2,4.03,,6,21.86,56.13,,0.00,,0,0,0,0,,,,-0.72,-0.99,-0.95,-0.62,-0.78
2024-11-15T21:10:38Z,"0002cc0100000ec3","3654627b4ef9406b0615d98eeb392ed0000000000000ffffffbdff2dffb5ffffffa4",2,4.03,,6,21.85,55.83,,0.02,,0,0,0,0,,,-0.95,-1.00,-0.96,-0.90,-0.97,-1.00
2024-11-15T21:16:34Z,"0002cc0100000ec3","3654627cb2d9406f0615d68f99000000000000fffffeadffffff45ff61",2,4.03,,6,21.83,56.09,,,,0,0,0,0,,,,-0.92,-0.91,-1.00,-0.83,-1.00
2024-11-15T21:22:30Z,"0002cc0100000ec3","3654627e16f9406b0615d68ec3000000000000000000fdc2ff7fffdaffffff16",2,4.03,,6,21.83,55.77,,0.00,,0,0,0,0,,,,-0.89,-1.00,-0.98,-0.94,-0.72
2024-11-15T21:28:26Z,"0002cc0100000ec3","3654627f7af9406b0615d28eb1000000000000000000fffffe87fca4fea2ffd4",2,4.03,,6,21.82,55.74,,0.00,,0,0,0,0,,,,-0.98,-0.83,-0.58,-0.82,-1.00
2024-11-15T21:34:23Z,"0002cc0100000ec3","36546280dff9406b0615d68e93000000000000000000ff59ffc7ffffff53ffffffff",2,4.03,,6,21.83,55.69,,0.00,,0,0,0,0,,,-1.00,-1.00,-0.92,-1.00,-0.97,-0.92
2024-11-15T21:40:19Z,"0002cc0100000ec3","3654628243f9406b0615cb8de6000000000000000000fd99fffbffffffffffcd",2,4.03,,6,21.79,55.43,,0.00,,0,0,0,0,,,,-0.98,-1.00,-1.00,-1.00,-0.70
2024-11-15T21:46:15Z,"0002cc0100000ec3","36546283a7f9406b0615cb8dee000000000000000000fffffe9bec317d68fee7",2,4.03,,6,21.79,55.44,,0.00,,0,0,0,0,,,,-0.86,0.68,-0.13,-0.83,-1.00
2024-11-15T21:52:11Z,"0002cc0100000ec3","365462850bf9406f0615cb8d2f000000000000000000feb8ff80ff2dfda9ff4aff91",2,4.03,,6,21.79,55.15,,0.00,,0,0,0,0,,,-0.95,-0.91,-0.71,-0.90,-0.94,-0.84
2024-11-15T21:58:07Z,"0002cc0100000ec3","365462866ff9406b0615cb8cd8000000000000000000fdd7ffffffd9fefaff2f",2,4.03,,6,21.79,55.02,,0.00,,0,0,0,0,,,,-0.90,-0.87,-0.98,-1.00,-0.73
2024-11-15T22:04:04Z,"0002cc0100000ec3","36546287d4f9406b0615ce8da9392ed0000000000000ff9cfe06ff45ff53fe63fe23",2,4.03,,6,21.80,55.34,,0.02,,0,0,0,0,,,-0.77,-0.80,-0.92,-0.91,-0.75,-0.95
2024-11-15T22:10:00Z,"0002cc0100000ec3","3654628938f9406b0615cb8dd7000000000000000000fdeffe72f4b5fe0ffec3",2,4.03,,6,21.79,55.41,,0.00,,0,0,0,0,,,,-0.85,-0.76,-0.29,-0.81,-0.74
2024-11-15T22:15:56Z,"0002cc0100000ec3","3654628a9cf9406b0615d28e21000000000000000000ff54fed4fec5ff15ff8f",2,4.03,,6,21.82,55.52,,0.00,,0,0,0,0,,,,-0.94,-0.89,-0.85,-0.85,-0.92
2024-11-15T22:21:52Z,"0002cc0100000ec3","3654628c00f9406b0615c38f12392ed0000000000000ffaafffffffff749fe30fe65",2,4.03,,6,21.76,55.89,,0.02,,0,0,0,0,,,-0.80,-0.77,-0.46,-1.00,-1.00,-0.96
2024-11-15T22:27:48Z,"0002cc0100000ec3","3654628d64f9406b0615ce8f50000000000000000000ff8cfe3bff4fff02fe54",2,4.03,,6,21.80,55.98,,0.00,,0,0,0,0,,,,-0.79,-0.88,-0.91,-0.78,-0.94
2024-11-15T22:33:45Z,"0002cc0100000ec3","3654628ec9f20205000015ce8f3e000000000000000000ffffff57fffffdeffe27",2,,2.5.0.0,,21.80,55.95,,0.00,,0,0,0,0,,,,-0.77,-0.74,-1.00,-0.92,-1.00
2024-11-15T22:39:41Z,"0002cc0100000ec3","365462902dd9406b0615c7901c000000000000ffffffa8ff34fed8fee6fdf6",2,4.03,,6,21.78,56.29,,,,0,0,0,0,,,-0.75,-0.86,-0.86,-0.90,-0.96,-1.00
2024-11-15T22:45:37Z,"0002cc0100000ec3","3654629191f9406b0615cb8fad000000000000000000ff9dff99fde4ff07ffb0",2,4.03,,6,21.79,56.12,,0.00,,0,0,0,0,,,,-0.96,-0.88,-0.74,-0.95,-0.95
2024-11-15T22:51:33Z,"0002cc0100000ec3","36546292f5f9406b0615d28f80000000000000000000fe9dfebaffd4feddff48",2,4.03,,6,21.82,56.06,,0.00,,0,0,0,0,,,,-0.91,-0.86,-0.98,-0.84,-0.83
2024-11-15T22:57:30Z,"0002cc0100000ec3","365462945af9406b0615d28f6f000000000000000000fc39ec3cfe5cff9affffffff",2,4.03,,6,21.82,56.03,,0.00,,0,0,0,0,,,-1.00,-1.00,-0.95,-0.80,-0.13,-0.53
2024-11-15T23:03:26Z,"0002cc0100000ec3","36546295bef9406b0615cb900d000000000000000000fe66fffafe19f761fd2f",2,4.03,,6,21.79,56.27,,0.00,,0,0,0,0,,,,-0.65,-0.46,-0.76,-1.00,-0.80
2024-11-15T23:09:22Z,"0002cc0100000ec3","3654629722f9406b0615ce8f8f000000000000000000fe04fea9fe24fdf1ff5e",2,4.03,,6,21.80,56.08,,0.00,,0,0,0,0,,,,-0.92,-0.74,-0.77,-0.83,-0.75
2024-11-15T23:15:18Z,"0002cc0100000ec3","3654629886f9406b0615d28f48000000000000000000fedcff1afe91fffaffffffff",2,4.03,,6,21.82,55.97,,0.00,,0,0,0,0,,,-1.00,-1.00,-1.00,-0.82,-0.89,-0.86
2024-11-15T23:21:14Z,"0002cc0100000ec3","36546299eaf9406b0615ce902e000000000000000000ffffff76ff99ff03fe83",2,4.03,,6,21.80,56.32,,0.00,,0,0,0,0,,,,-0.81,-0.88,-0.95,-0.93,-1.00
2024-11-15T23:27:10Z,"0002cc0100000ec3","3654629b4ef9406b0615ce8f9e000000000000000000fd7cfec2fd15fd68ffff",2,4.03,,6,21.80,56.10,,0.00,,0,0,0,0,,,,-1.00,-0.68,-0.64,-0.84,-0.69
2024-11-15T23:33:07Z,"0002cc0100000ec3","3654629cb3f9406b0615cb8ffc000000000000000000fffffffffffffc23fef8ff35",2,4.03,,6,21.79,56.24,,0.00,,0,0,0,0,,,-0.90,-0.87,-0.52,-1.00,-1.00,-1.00
2024-11-15T23:39:03Z,"0002cc0100000ec3","3654629e17f9406b0615cb902c000000000000000000fe43fde8fd87fdbefded",2,4.03,,6,21.79,56.32,,0.00,,0,0,0,0,,,,-0.74,-0.72,-0.69,-0.74,-0.78
2024-11-15T23:44:59Z,"0002cc0100000ec3","3654629f7bd9406b0615c78f5c000000000000fff3fc59fe81fe476c23ffcf",2,4.03,,6,21.78,56.00,,,,0,0,0,0,,,-0.98,0.13,-0.78,-0.81,-0.54,-0.99
2024-11-15T23:50:55Z,"0002cc0100000ec3","365462a0dff9406b0615ce8f17000000000000000000ffff6daff4cafc1dff26",2,4.03,,6,21.80,55.90,,0.00,,0,0,0,0,,,,-0.89,-0.51,-0.30,0.18,-1.00
2024-11-15T23:56:51Z,"0002cc0100000ec3","365462a243f9406b0615c38f02000000000000000000ffffffffffffffffffff",2,4.03,,6,21.76,55.86,,0.00,,0,0,0,0,,,,-1.00,-1.00,-1.00,-1.00,-1.00
