Time,DevEUI,Raw,Port,Vbat,Version,BootCount,T,RH,P,Light,CO2,P[0].delta,P[0].total,P[1].delta,P[1].total,Act[7],Act[6],Act[5],Act[4],Act[3],Act[2],Act[1],Act[0]
2024-11-12T00:05:08Z,"0002cc0100000ec3","36545d5e34f941480615459466000000000000000000ffffffffffffffffffff",2,4.08,,6,21.27,57.97,,0.00,,0,0,0,0,,,,-1.00,-1.00,-1.00,-1.00,-1.00
2024-11-12T00:11:04Z,"0002cc0100000ec3","36545d5f98f9414806154c9449000000000000000000ffffffffffffffffffff",2,4.08,,6,21.30,57.92,,0.00,,0,0,0,0,,,,-1.00,-1.00,-1.00,-1.00,-1.00
2024-11-12T00:17:00Z,"0002cc0100000ec3","36545d60fcf9414806154c9431000000000000000000ffffffffffffffffffff",2,4.08,,6,21.30,57.89,,0.00,,0,0,0,0,,,,-1.00,-1.00,-1.00,-1.00,-1.00
2024-11-12T00:22:56Z,"0002cc0100000ec3","36545d6260f94148061550941b000000000000000000ffffffffffffffffffff",2,4.08,,6,21.31,57.85,,0.00,,0,0,0,0,,,,-1.00,-1.00,-1.00,-1.00,-1.00
2024-11-12T00:28:52Z,"0002cc0100000ec3","36545d63c4f9414806155b941f000000000000000000ffffffffffffffffffffffff",2,4.08,,6,21.35,57.86,,0.00,,0,0,0,0,,,-1.00,-1.00,-1.00,-1.00,-1.00,-1.00
2024-11-12T00:34:48Z,"0002cc0100000ec3","36545d6528f9414806155b9418000000000000000000ffffffffffffffffffff",2,4.08,,6,21.35,57.85,,0.00,,0,0,0,0,,,,-1.00,-1.00,-1.00,-1.00,-1.00
2024-11-12T00:40:44Z,"0002cc0100000ec3","36545d668cf9414806157494b2000000000000000000ffffffffffffffffffff",2,4.08,,6,21.45,58.08,,0.00,,0,0,0,0,,,,-1.00,-1.00,-1.00,-1.00,-1.00
2024-11-12T00:46:41Z,"0002cc0100000ec3","36545d67f1f9414806157b945e000000000000000000ffffffffffffffffffffffff",2,4.08,,6,21.48,57.96,,0.00,,0,0,0,0,,,-1.00,-1.00,-1.00,-1.00,-1.00,-1.00
2024-11-12T00:52:37Z,"0002cc0100000ec3","36545d6955d941480615709442000000000000ffffffffffffffffffff",2,4.08,,6,21.44,57.91,,,,0,0,0,0,,,,-1.00,-1.00,-1.00,-1.00,-1.00
2024-11-12T00:58:33Z,"0002cc0100000ec3","36545d6ab9f941480615779454000000000000000000ffffffffffffffffffff",2,4.08,,6,21.46,57.94,,0.00,,0,0,0,0,,,,-1.00,-1.00,-1.00,-1.00,-1.00
2024-11-12T01:04:29Z,"0002cc0100000ec3","36545d6c1df941480615709449000000000000000000ffffffffffffffffffffffff",2,4.08,,6,21.44,57.92,,0.00,,0,0,0,0,,,-1.00,-1.00,-1.00,-1.00,-1.00,-1.00
2024-11-12T01:10:25Z,"0002cc0100000ec3","36545d6d81f941480615749473000000000000000000ffffffffffffffffffff",2,4.08,,6,21.45,57.99,,0.00,,0,0,0,0,,,,-1.00,-1.00,-1.00,-1.00,-1.00
2024-11-12T01:16:21Z,"0002cc0100000ec3","36545d6ee5f20205000015709472000000000000000000ffffffffffffffffffff",2,,2.5.0.0,,21.44,57.99,,0.00,,0,0,0,0,,,,-1.00,-1.00,-1.00,-1.00,-1.00
2024-11-12T01:22:17Z,"0002cc0100000ec3","36545d7049f941480615709472000000000000000000ffffffffffffffffffff",2,4.08,,6,21.44,57.99,,0.00,,0,0,0,0,,,,-1.00,-1.00,-1.00,-1.00,-1.00
2024-11-12T01:28:13Z,"0002cc0100000ec3","36545d71adf941480615779484000000000000000000ffffffffffffffffffff",2,4.08,,6,21.46,58.01,,0.00,,0,0,0,0,,,,-1.00,-1.00,-1.00,-1.00,-1.00
2024-11-12T01:34:10Z,"0002cc0100000ec3","36545d7312d941340615779494000000000000ffffffffffffffffffffffff",2,4.07,,6,21.46,58.04,,,,0,0,0,0,,,-1.00,-1.00,-1.00,-1.00,-1.00,-1.00
2024-11-12T01:40:06Z,"0002cc0100000ec3","36545d7476f941400615829511000000000000000000ffffffffffffff51fffd",2,4.08,,6,21.51,58.23,,0.00,,0,0,0,0,,,,-1.00,-0.91,-1.00,-1.00,-1.00
2024-11-12T01:46:02Z,"0002cc0100000ec3","36545d75dad941480615919556000000000000ffffffffffffffffffff",2,4.08,,6,21.56,58.34,,,,0,0,0,0,,,,-1.00,-1.00,-1.00,-1.00,-1.00
2024-11-12T01:51:58Z,"0002cc0100000ec3","36545d773ef941480615b19634000000000000000000ee41ff81ff72fffffdf2",2,4.08,,6,21.69,58.67,,0.00,,0,0,0,0,,,,-0.74,-1.00,-0.93,-0.94,-0.20
2024-11-12T01:57:54Z,"0002cc0100000ec3","36545d78a2f941400615ad95ba000000000000000000ffffffffffffffffffa5",2,4.08,,6,21.68,58.49,,0.00,,0,0,0,0,,,,-0.96,-1.00,-1.00,-1.00,-1.00
2024-11-12T02:03:50Z,"0002cc0100000ec3","36545d7a06f941480615ad956b000000000000000000fffffffffffffff4ffffffff",2,4.08,,6,21.68,58.37,,0.00,,0,0,0,0,,,-1.00,-1.00,-0.99,-1.00,-1.00,-1.00
2024-11-12T02:09:47Z,"0002cc0100000ec3","36545d7b6bf9414c0615a9951a3cef89000000000000ff4dffffffffffffffff",2,4.08,,6,21.66,58.24,,0.24,,0,0,0,0,,,,-1.00,-1.00,-1.00,-1.00,-0.91
2024-11-12T02:15:43Z,"0002cc0100000ec3","36545d7ccff9414c06159f94cd3a0540000000000000ffffffffffffffffffff",2,4.08,,6,21.62,58.13,,0.03,,0,0,0,0,,,,-1.00,-1.00,-1.00,-1.00,-1.00
2024-11-12T02:21:39Z,"0002cc0100000ec3","36545d7e33f9414006159f94963aac0f000000000000ffffffffffffffffffffffff",2,4.08,,6,21.62,58.04,,0.05,,0,0,0,0,,,-1.00,-1.00,-1.00,-1.00,-1.00,-1.00
2024-11-12T02:27:35Z,"0002cc0100000ec3","36545d7f97f94140061598943a3aac0f000000000000ffffffffffffffffffff",2,4.08,,6,21.59,57.90,,0.05,,0,0,0,0,,,,-1.00,-1.00,-1.00,-1.00,-1.00
2024-11-12T02:33:31Z,"0002cc0100000ec3","36545d80fbf9414006159493eb000000000000000000ffffffffffffffffffffffff",2,4.08,,6,21.58,57.78,,0.00,,0,0,0,0,,,-1.00,-1.00,-1.00,-1.00,-1.00,-1.00
2024-11-12T02:39:27Z,"0002cc0100000ec3","36545d825ff9414006158993ac391b2c000000000000ffffffffffffffffffff",2,4.08,,6,21.53,57.69,,0.02,,0,0,0,0,,,,-1.00,-1.00,-1.00,-1.00,-1.00
2024-11-12T02:45:23Z,"0002cc0100000ec3","36545d83c3f9414806158993653b296f000000000000ffffffffffffffffffff",2,4.08,,6,21.53,57.58,,0.07,,0,0,0,0,,,,-1.00,-1.00,-1.00,-1.00,-1.00
2024-11-12T02:51:19Z,"0002cc0100000ec3","36545d8527f9414006157e9311000000000000000000ffffffffffffffffffff",2,4.08,,6,21.49,57.45,,0.00,,0,0,0,0,,,,-1.00,-1.00,-1.00,-1.00,-1.00
2024-11-12T02:57:15Z,"0002cc0100000ec3","36545d868bf9414c06157492e4391b2c000000000000ffffffffffffffffffff",2,4.08,,6,21.45,57.38,,0.02,,0,0,0,0,,,,-1.00,-1.00,-1.00,-1.00,-1.00
2024-11-12T03:03:11Z,"0002cc0100000ec3","36545d87eff9414006157492bd000000000000000000ffffffffffffffffffff",2,4.08,,6,21.45,57.32,,0.00,,0,0,0,0,,,,-1.00,-1.00,-1.00,-1.00,-1.00
2024-11-12T03:09:07Z,"0002cc0100000ec3","36545d8953f9414006156c9269391b2c000000000000ffffffffffffffffffff",2,4.08,,6,21.42,57.19,,0.02,,0,0,0,0,,,,-1.00,-1.00,-1.00,-1.00,-1.00
2024-11-12T03:15:04Z,"0002cc0100000ec3","36545d8ab8f9414006156c9262000000000000000000ffffffffffffffffffff",2,4.08,,6,21.42,57.18,,0.00,,0,0,0,0,,,,-1.00,-1.00,-1.00,-1.00,-1.00
2024-11-12T03:21:00Z,"0002cc0100000ec3","36545d8c1cf9414006156992213b296f000000000000ffffffffffffffffffff",2,4.08,,6,21.41,57.08,,0.07,,0,0,0,0,,,,-1.00,-1.00,-1.00,-1.00,-1.00
2024-11-12T03:26:56Z,"0002cc0100000ec3","36545d8d80f941400615659208391b2c000000000000ffffffffffffffffffff",2,4.08,,6,21.39,57.04,,0.02,,0,0,0,0,,,,-1.00,-1.00,-1.00,-1.00,-1.00
2024-11-12T03:32:52Z,"0002cc0100000ec3","36545d8ee4f9414006155e91dc000000000000000000ffffffffffffffffffff",2,4.08,,6,21.37,56.98,,0.00,,0,0,0,0,,,,-1.00,-1.00,-1.00,-1.00,-1.00
2024-11-12T03:38:48Z,"0002cc0100000ec3","36545d9048f9414006156291f63b296f000000000000ffffffffffffffffffff",2,4.08,,6,21.38,57.02,,0.07,,0,0,0,0,,,,-1.00,-1.00,-1.00,-1.00,-1.00
2024-11-12T03:44:44Z,"0002cc0100000ec3","36545d91acf9414006155b91c3000000000000000000ffffffffffffffffffff",2,4.08,,6,21.35,56.94,,0.00,,0,0,0,0,,,,-1.00,-1.00,-1.00,-1.00,-1.00
2024-11-12T03:50:40Z,"0002cc0100000ec3","36545d9310f9414006155b91b2391b2c000000000000ffffffffffffffffffffffff",2,4.08,,6,21.35,56.91,,0.02,,0,0,0,0,,,-1.00,-1.00,-1.00,-1.00,-1.00,-1.00
2024-11-12T03:56:36Z,"0002cc0100000ec3","36545d9474f941400615539178391b2c000000000000ffffffffffffffffffff",2,4.08,,6,21.32,56.82,,0.02,,0,0,0,0,,,,-1.00,-1.00,-1.00,-1.00,-1.00
2024-11-12T04:02:33Z,"0002cc0100000ec3","36545d95d9f941400615579179000000000000000000ffffffffffffffffffffffff",2,4.08,,6,21.34,56.83,,0.00,,0,0,0,0,,,-1.00,-1.00,-1.00,-1.00,-1.00,-1.00
2024-11-12T04:08:28Z,"0002cc0100000ec3","36545d973cf941400615539158389484000000000000ffffffffffffffffffff",2,4.08,,6,21.32,56.78,,0.01,,0,0,0,0,,,,-1.00,-1.00,-1.00,-1.00,-1.00
2024-11-12T04:14:25Z,"0002cc0100000ec3","36545d98a1f9414006155b9154000000000000000000ffffffffffffffffffff",2,4.08,,6,21.35,56.77,,0.00,,0,0,0,0,,,,-1.00,-1.00,-1.00,-1.00,-1.00
2024-11-12T04:20:21Z,"0002cc0100000ec3","36545d9a05f94140061557913a391b2c000000000000ffffffffffffffffffffffff",2,4.08,,6,21.34,56.73,,0.02,,0,0,0,0,,,-1.00,-1.00,-1.00,-1.00,-1.00,-1.00
2024-11-12T04:26:17Z,"0002cc0100000ec3","36545d9b69f94140061557913a391b2c000000000000ffffffffffffffffffffffff",2,4.08,,6,21.34,56.73,,0.02,,0,0,0,0,,,-1.00,-1.00,-1.00,-1.00,-1.00,-1.00
2024-11-12T04:32:13Z,"0002cc0100000ec3","36545d9ccdf941400615579112000000000000000000ffffffffffffffffffff",2,4.08,,6,21.34,56.67,,0.00,,0,0,0,0,,,,-1.00,-1.00,-1.00,-1.00,-1.00
2024-11-12T04:38:09Z,"0002cc0100000ec3","36545d9e31f94140061550910f38439e000000000000ffffffffffffffffffff",2,4.08,,6,21.31,56.66,,0.01,,0,0,0,0,,,,-1.00,-1.00,-1.00,-1.00,-1.00
2024-11-12T04:44:05Z,"0002cc0100000ec3","36545d9f95f9414006155090f8389484000000000000ffffffffffffffffffff",2,4.08,,6,21.31,56.63,,0.01,,0,0,0,0,,,,-1.00,-1.00,-1.00,-1.00,-1.00
2024-11-12T04:50:01Z,"0002cc0100000ec3","36545da0f9f9414006155390f1389484000000000000ffffffffffffffffffff",2,4.08,,6,21.32,56.62,,0.01,,0,0,0,0,,,,-1.00,-1.00,-1.00,-1.00,-1.00
2024-11-12T04:55:57Z,"0002cc0100000ec3","36545da25df9414006155090d03b296f000000000000ffffffffffffffffffff",2,4.08,,6,21.31,56.57,,0.07,,0,0,0,0,,,,-1.00,-1.00,-1.00,-1.00,-1.00
2024-11-12T05:01:53Z,"0002cc0100000ec3","36545da3c1f9414006154c90d6391b2c000000000000ffffffffffffffffffff",2,4.08,,6,21.30,56.58,,0.02,,0,0,0,0,,,,-1.00,-1.00,-1.00,-1.00,-1.00
2024-11-12T05:07:49Z,"0002cc0100000ec3","36545da525f9414006155090a7000000000000000000ffffffffffffffffffff",2,4.08,,6,21.31,56.51,,0.00,,0,0,0,0,,,,-1.00,-1.00,-1.00,-1.00,-1.00
2024-11-12T05:13:46Z,"0002cc0100000ec3","36545da68af9414406154c90b63b296f000000000000ffffffffffffffffffff",2,4.08,,6,21.30,56.53,,0.07,,0,0,0,0,,,,-1.00,-1.00,-1.00,-1.00,-1.00
2024-11-12T05:19:42Z,"0002cc0100000ec3","36545da7eef202050000154c90b63b296f000000000000ffffffffffffffffffffffff",2,,2.5.0.0,,21.30,56.53,,0.07,,0,0,0,0,,,-1.00,-1.00,-1.00,-1.00,-1.00,-1.00
2024-11-12T05:25:38Z,"0002cc0100000ec3","36545da952f94138061550908f000000000000000000ffffffffffffffffffff",2,4.08,,6,21.31,56.47,,0.00,,0,0,0,0,,,,-1.00,-1.00,-1.00,-1.00,-1.00
2024-11-12T05:31:34Z,"0002cc0100000ec3","36545daab6f9414006155390b2000000000000000000ffffffffffffffffffff",2,4.08,,6,21.32,56.52,,0.00,,0,0,0,0,,,,-1.00,-1.00,-1.00,-1.00,-1.00
2024-11-12T05:37:30Z,"0002cc0100000ec3","36545dac1af9414006155790e23b296f000000000000fffffff4fee7ffffffff",2,4.08,,6,21.34,56.60,,0.07,,0,0,0,0,,,,-1.00,-1.00,-0.86,-0.99,-1.00
2024-11-12T05:43:26Z,"0002cc0100000ec3","36545dad7ef9413806155e90b63b296f000000000000ffffffffffffffffffff",2,4.08,,6,21.37,56.53,,0.07,,0,0,0,0,,,,-1.00,-1.00,-1.00,-1.00,-1.00
2024-11-12T05:49:22Z,"0002cc0100000ec3","36545daee2f9413806155790a339cb89000000000000ffffffffffffffffffffffff",2,4.08,,6,21.34,56.50,,0.03,,0,0,0,0,,,-1.00,-1.00,-1.00,-1.00,-1.00,-1.00
2024-11-12T05:55:19Z,"0002cc0100000ec3","36545db047f9413006155390a939cb89000000000000ffffffffffffffffffff",2,4.07,,6,21.32,56.51,,0.03,,0,0,0,0,,,,-1.00,-1.00,-1.00,-1.00,-1.00
2024-11-12T06:01:15Z,"0002cc0100000ec3","36545db1abf9414006155090a0389484000000000000ffffffffffffffffffffffff",2,4.08,,6,21.31,56.50,,0.01,,0,0,0,0,,,-1.00,-1.00,-1.00,-1.00,-1.00,-1.00
2024-11-12T06:07:11Z,"0002cc0100000ec3","36545db30ff9413806154c909739cb89000000000000ffffffffffffffffffff",2,4.08,,6,21.30,56.48,,0.03,,0,0,0,0,,,,-1.00,-1.00,-1.00,-1.00,-1.00
2024-11-12T06:13:07Z,"0002cc0100000ec3","36545db473f9413806154c907f389484000000000000ffffffffffffffffffff",2,4.08,,6,21.30,56.44,,0.01,,0,0,0,0,,,,-1.00,-1.00,-1.00,-1.00,-1.00
2024-11-12T06:19:03Z,"0002cc0100000ec3","36545db5d7f941380615459073000000000000000000ffffffffffffffffffffffff",2,4.08,,6,21.27,56.43,,0.00,,0,0,0,0,,,-1.00,-1.00,-1.00,-1.00,-1.00,-1.00
2024-11-12T06:24:59Z,"0002cc0100000ec3","36545db73bf941380615419059000000000000000000ffffffffffffffffffffffff",2,4.08,,6,21.25,56.39,,0.00,,0,0,0,0,,,-1.00,-1.00,-1.00,-1.00,-1.00,-1.00
2024-11-12T06:30:55Z,"0002cc0100000ec3","36545db89ff94138061541906a38439e000000000000ffffffffffffffffffff",2,4.08,,6,21.25,56.41,,0.01,,0,0,0,0,,,,-1.00,-1.00,-1.00,-1.00,-1.00
2024-11-12T06:36:51Z,"0002cc0100000ec3","36545dba03f94140061541904a389484000000000000ffffffffffffffffffff",2,4.08,,6,21.25,56.36,,0.01,,0,0,0,0,,,,-1.00,-1.00,-1.00,-1.00,-1.00
2024-11-12T06:42:47Z,"0002cc0100000ec3","36545dbb67f941380615419052000000000000000000ffffffffffffffffffffffff",2,4.08,,6,21.25,56.38,,0.00,,0,0,0,0,,,-1.00,-1.00,-1.00,-1.00,-1.00,-1.00
2024-11-12T06:48:43Z,"0002cc0100000ec3","36545dbccbf9413806153e906138439e000000000000ffffffffffffffffffff",2,4.08,,6,21.24,56.40,,0.01,,0,0,0,0,,,,-1.00,-1.00,-1.00,-1.00,-1.00
2024-11-12T06:54:40Z,"0002cc0100000ec3","36545dbe30f9413806153a904039cb89000000000000ffffffffffffffffffffffff",2,4.08,,6,21.22,56.35,,0.03,,0,0,0,0,,,-1.00,-1.00,-1.00,-1.00,-1.00,-1.00
2024-11-12T07:00:35Z,"0002cc0100000ec3","36545dbf93f9413806153690463b296f000000000000ffffffffffffffffffff",2,4.08,,6,21.21,56.36,,0.07,,0,0,0,0,,,,-1.00,-1.00,-1.00,-1.00,-1.00
2024-11-12T07:06:32Z,"0002cc0100000ec3","36545dc0f8f9413806153690463b296f000000000000ffffffffffffffffffff",2,4.08,,6,21.21,56.36,,0.07,,0,0,0,0,,,,-1.00,-1.00,-1.00,-1.00,-1.00
2024-11-12T07:12:28Z,"0002cc0100000ec3","36545dc25cf94138061536903539cb89000000000000ffffffffffffffffffff",2,4.08,,6,21.21,56.33,,0.03,,0,0,0,0,,,,-1.00,-1.00,-1.00,-1.00,-1.00
2024-11-12T07:18:24Z,"0002cc0100000ec3","36545dc3c0f94138061536903539cb89000000000000ffffffffffffffffffff",2,4.08,,6,21.21,56.33,,0.03,,0,0,0,0,,,,-1.00,-1.00,-1.00,-1.00,-1.00
2024-11-12T07:24:20Z,"0002cc0100000ec3","36545dc524f9413806153690353b296f000000000000ffffffffffffffffffffffff",2,4.08,,6,21.21,56.33,,0.07,,0,0,0,0,,,-1.00,-1.00,-1.00,-1.00,-1.00,-1.00
2024-11-12T07:30:16Z,"0002cc0100000ec3","36545dc688f9413806153a9040000000000000000000ffffffffffffffffffff",2,4.08,,6,21.22,56.35,,0.00,,0,0,0,0,,,,-1.00,-1.00,-1.00,-1.00,-1.00
2024-11-12T07:36:12Z,"0002cc0100000ec3","36545dc7ecf94134061536906d389484000000000000ffffffffffffffffffff",2,4.07,,6,21.21,56.42,,0.01,,0,0,0,0,,,,-1.00,-1.00,-1.00,-1.00,-1.00
2024-11-12T07:42:08Z,"0002cc0100000ec3","36545dc950f9413806153a908f389484000000000000ffffffffffffffffffffffff",2,4.08,,6,21.22,56.47,,0.01,,0,0,0,0,,,-1.00,-1.00,-1.00,-1.00,-1.00,-1.00
2024-11-12T07:48:04Z,"0002cc0100000ec3","36545dcab4f941340615419092000000000000000000ffffffffffffffffffff",2,4.07,,6,21.25,56.47,,0.00,,0,0,0,0,,,,-1.00,-1.00,-1.00,-1.00,-1.00
2024-11-12T07:54:00Z,"0002cc0100000ec3","36545dcc18f9413806154190c23b296f000000000000ffffffffffffffffffff",2,4.08,,6,21.25,56.55,,0.07,,0,0,0,0,,,,-1.00,-1.00,-1.00,-1.00,-1.00
2024-11-12T07:59:57Z,"0002cc0100000ec3","36545dcd7df9413006154190e93b296f000000000000ffffffffffffffffffffffff",2,4.07,,6,21.25,56.61,,0.07,,0,0,0,0,,,-1.00,-1.00,-1.00,-1.00,-1.00,-1.00
2024-11-12T08:05:53Z,"0002cc0100000ec3","36545dcee1f9413806154591123b296f000000000000ffffffffffffffffffff",2,4.08,,6,21.27,56.67,,0.07,,0,0,0,0,,,,-1.00,-1.00,-1.00,-1.00,-1.00
2024-11-12T08:11:49Z,"0002cc0100000ec3","36545dd045f94134061541910939cb89000000000000ffffffffffffffffffffffff",2,4.07,,6,21.25,56.66,,0.03,,0,0,0,0,,,-1.00,-1.00,-1.00,-1.00,-1.00,-1.00
2024-11-12T08:17:45Z,"0002cc0100000ec3","36545dd1a9f941380615489104000000000000000000ffffffffffffffffffff",2,4.08,,6,21.28,56.65,,0.00,,0,0,0,0,,,,-1.00,-1.00,-1.00,-1.00,-1.00
2024-11-12T08:23:41Z,"0002cc0100000ec3","36545dd30df94134061548910c389484000000000000ffffffffffffffffffffffff",2,4.07,,6,21.28,56.66,,0.01,,0,0,0,0,,,-1.00,-1.00,-1.00,-1.00,-1.00,-1.00
2024-11-12T08:29:37Z,"0002cc0100000ec3","36545dd471f9413406154c9136389484000000000000ffffffffffffffffffff",2,4.07,,6,21.30,56.72,,0.01,,0,0,0,0,,,,-1.00,-1.00,-1.00,-1.00,-1.00
2024-11-12T08:35:33Z,"0002cc0100000ec3","36545dd5d5f9413406154591243b296f000000000000ffffffffffffffffffffffff",2,4.07,,6,21.27,56.70,,0.07,,0,0,0,0,,,-1.00,-1.00,-1.00,-1.00,-1.00,-1.00
2024-11-12T08:41:29Z,"0002cc0100000ec3","36545dd739f94138061545912439cb89000000000000ffffffffffffffffffff",2,4.08,,6,21.27,56.70,,0.03,,0,0,0,0,,,,-1.00,-1.00,-1.00,-1.00,-1.00
2024-11-12T08:47:25Z,"0002cc0100000ec3","36545dd89df94134061541914039cb89000000000000ffffffffffffffffffff",2,4.07,,6,21.25,56.74,,0.03,,0,0,0,0,,,,-1.00,-1.00,-1.00,-1.00,-1.00
2024-11-12T08:53:22Z,"0002cc0100000ec3","36545dda02f941380615459149389484000000000000ffffffffffffffffffffffff",2,4.08,,6,21.27,56.75,,0.01,,0,0,0,0,,,-1.00,-1.00,-1.00,-1.00,-1.00,-1.00
2024-11-12T08:59:17Z,"0002cc0100000ec3","36545ddb65f941380615419148000000000000000000ffffffffffffffffffff",2,4.08,,6,21.25,56.75,,0.00,,0,0,0,0,,,,-1.00,-1.00,-1.00,-1.00,-1.00
2024-11-12T09:05:14Z,"0002cc0100000ec3","36545ddccaf941340615459149389484000000000000ffffffffffffffffffffffff",2,4.07,,6,21.27,56.75,,0.01,,0,0,0,0,,,-1.00,-1.00,-1.00,-1.00,-1.00,-1.00
2024-11-12T09:11:10Z,"0002cc0100000ec3","36545dde2ef9413406153e914f39cb89000000000000ffffffffffffffffffffffff",2,4.07,,6,21.24,56.76,,0.03,,0,0,0,0,,,-1.00,-1.00,-1.00,-1.00,-1.00,-1.00
2024-11-12T09:17:06Z,"0002cc0100000ec3","36545ddf92f941340615419161000000000000000000ffffffffffffffffffff",2,4.07,,6,21.25,56.79,,0.00,,0,0,0,0,,,,-1.00,-1.00,-1.00,-1.00,-1.00
2024-11-12T09:23:02Z,"0002cc0100000ec3","36545de0f6f2020500001548915d389484000000000000ffffffffffffffffffffffff",2,,2.5.0.0,,21.28,56.78,,0.01,,0,0,0,0,,,-1.00,-1.00,-1.00,-1.00,-1.00,-1.00
2024-11-12T09:28:58Z,"0002cc0100000ec3","36545de25af94134061545915b391b2c000000000000ffffffffffffffffffff",2,4.07,,6,21.27,56.78,,0.02,,0,0,0,0,,,,-1.00,-1.00,-1.00,-1.00,-1.00
2024-11-12T09:34:54Z,"0002cc0100000ec3","36545de3bef9413c061545915b3b296f000000000000ffffffffffffffffffff",2,4.08,,6,21.27,56.78,,0.07,,0,0,0,0,,,,-1.00,-1.00,-1.00,-1.00,-1.00
2024-11-12T09:40:50Z,"0002cc0100000ec3","36545de522f9413406154c9166389484000000000000ffffffffffffffffffffffff",2,4.07,,6,21.30,56.80,,0.01,,0,0,0,0,,,-1.00,-1.00,-1.00,-1.00,-1.00,-1.00
2024-11-12T09:46:47Z,"0002cc0100000ec3","36545de687f9413406154c915e000000000000000000ffffffffffffffffffffffff",2,4.07,,6,21.30,56.78,,0.00,,0,0,0,0,,,-1.00,-1.00,-1.00,-1.00,-1.00,-1.00
2024-11-12T09:52:43Z,"0002cc0100000ec3","36545de7ebf941340615419170389484000000000000ffffffffffffffffffff",2,4.07,,6,21.25,56.81,,0.01,,0,0,0,0,,,,-1.00,-1.00,-1.00,-1.00,-1.00
2024-11-12T09:58:39Z,"0002cc0100000ec3","36545de94ff941340615489164389484000000000000ffffffffffffffffffff",2,4.07,,6,21.28,56.79,,0.01,,0,0,0,0,,,,-1.00,-1.00,-1.00,-1.00,-1.00
2024-11-12T10:04:35Z,"0002cc0100000ec3","36545deab3f94134061545915b000000000000000000ffffffffffffffffffff",2,4.07,,6,21.27,56.78,,0.00,,0,0,0,0,,,,-1.00,-1.00,-1.00,-1.00,-1.00
2024-11-12T10:10:31Z,"0002cc0100000ec3","36545dec17f9413c061545914239cb89000000000000ffffffffffffffffffff",2,4.08,,6,21.27,56.74,,0.03,,0,0,0,0,,,,-1.00,-1.00,-1.00,-1.00,-1.00
2024-11-12T10:16:27Z,"0002cc0100000ec3","36545ded7bf9412706154191093b296f000000000000ffffffffffffffffffff",2,4.07,,6,21.25,56.66,,0.07,,0,0,0,0,,,,-1.00,-1.00,-1.00,-1.00,-1.00
2024-11-12T10:22:23Z,"0002cc0100000ec3","36545deedff9413406153e9107000000000000000000ffffffffffffffffffff",2,4.07,,6,21.24,56.65,,0.00,,0,0,0,0,,,,-1.00,-1.00,-1.00,-1.00,-1.00
2024-11-12T10:28:19Z,"0002cc0100000ec3","36545df043f9411f061541910939cb89000000000000ffffffffffffffffffff",2,4.07,,6,21.25,56.66,,0.03,,0,0,0,0,,,,-1.00,-1.00,-1.00,-1.00,-1.00
2024-11-12T10:34:15Z,"0002cc0100000ec3","36545df1a7f94134061545910a000000000000000000ffffffffffffffffffff",2,4.07,,6,21.27,56.66,,0.00,,0,0,0,0,,,,-1.00,-1.00,-1.00,-1.00,-1.00
2024-11-12T10:40:11Z,"0002cc0100000ec3","36545df30bf9413406153e90f839cb89000000000000ffffffffffffffffffffffff",2,4.07,,6,21.24,56.63,,0.03,,0,0,0,0,,,-1.00,-1.00,-1.00,-1.00,-1.00,-1.00
2024-11-12T10:46:07Z,"0002cc0100000ec3","36545df46ff9412c06153a90c738439e000000000000ffffffffffffffffffff",2,4.07,,6,21.22,56.55,,0.01,,0,0,0,0,,,,-1.00,-1.00,-1.00,-1.00,-1.00
2024-11-12T10:52:04Z,"0002cc0100000ec3","36545df5d4f941340615369076389484000000000000ffffffffffffffffffff",2,4.07,,6,21.21,56.43,,0.01,,0,0,0,0,,,,-1.00,-1.00,-1.00,-1.00,-1.00
2024-11-12T10:58:00Z,"0002cc0100000ec3","36545df738f9413406153a9047389484000000000000ffffffffffffffffffffffff",2,4.07,,6,21.22,56.36,,0.01,,0,0,0,0,,,-1.00,-1.00,-1.00,-1.00,-1.00,-1.00
2024-11-12T11:03:56Z,"0002cc0100000ec3","36545df89cf9413406153a9008000000000000000000ffffffffffffffffffff",2,4.07,,6,21.22,56.26,,0.00,,0,0,0,0,,,,-1.00,-1.00,-1.00,-1.00,-1.00
2024-11-12T11:09:52Z,"0002cc0100000ec3","36545dfa00f941340615368fe6389484000000000000ffffffffffffffffffff",2,4.07,,6,21.21,56.21,,0.01,,0,0,0,0,,,,-1.00,-1.00,-1.00,-1.00,-1.00
2024-11-12T11:15:48Z,"0002cc0100000ec3","36545dfb64f941340615338f9e3b296f000000000000ffffffffffffffffffff",2,4.07,,6,21.20,56.10,,0.07,,0,0,0,0,,,,-1.00,-1.00,-1.00,-1.00,-1.00
2024-11-12T11:21:44Z,"0002cc0100000ec3","36545dfcc8f9412c06153a8f903b296f000000000000ffffffffffffffffffff",2,4.07,,6,21.22,56.08,,0.07,,0,0,0,0,,,,-1.00,-1.00,-1.00,-1.00,-1.00
2024-11-12T11:27:40Z,"0002cc0100000ec3","36545dfe2cf9413406153e8f7239cb89000000000000ffffffffffffffffffffffff",2,4.07,,6,21.24,56.03,,0.03,,0,0,0,0,,,-1.00,-1.00,-1.00,-1.00,-1.00,-1.00
2024-11-12T11:33:36Z,"0002cc0100000ec3","36545dff90f9412c0615418f5c39cb89000000000000ffffffffffffff5bffff",2,4.07,,6,21.25,56.00,,0.03,,0,0,0,0,,,,-1.00,-0.92,-1.00,-1.00,-1.00
2024-11-12T11:39:33Z,"0002cc0100000ec3","36545e00f5f9412c0615418f3b000000000000000000ffffffffffffffffffffffff",2,4.07,,6,21.25,55.95,,0.00,,0,0,0,0,,,-1.00,-1.00,-1.00,-1.00,-1.00,-1.00
2024-11-12T11:45:29Z,"0002cc0100000ec3","36545e0259f9412c06153e8f1b000000000000000000ffffffffffffffffffffffff",2,4.07,,6,21.24,55.90,,0.00,,0,0,0,0,,,-1.00,-1.00,-1.00,-1.00,-1.00,-1.00
2024-11-12T11:51:25Z,"0002cc0100000ec3","36545e03bdf9412c06153a8ec1000000000000000000ffffffffffffffffffff",2,4.07,,6,21.22,55.76,,0.00,,0,0,0,0,,,,-1.00,-1.00,-1.00,-1.00,-1.00
2024-11-12T11:57:21Z,"0002cc0100000ec3","36545e0521f9412c06153a8e82000000000000000000ffffffffffffffffffffffff",2,4.07,,6,21.22,55.67,,0.00,,0,0,0,0,,,-1.00,-1.00,-1.00,-1.00,-1.00,-1.00
2024-11-12T12:03:17Z,"0002cc0100000ec3","36545e0685f9412c0615368e5839cb89000000000000ffffffffffffffffffffffff",2,4.07,,6,21.21,55.60,,0.03,,0,0,0,0,,,-1.00,-1.00,-1.00,-1.00,-1.00,-1.00
2024-11-12T12:09:13Z,"0002cc0100000ec3","36545e07e9f9412c06153e8e1339cb89000000000000ffffffffffffffffffff",2,4.07,,6,21.24,55.50,,0.03,,0,0,0,0,,,,-1.00,-1.00,-1.00,-1.00,-1.00
2024-11-12T12:15:09Z,"0002cc0100000ec3","36545e094df9412c0615418e45000000000000000000ffffffffffffffffffff",2,4.07,,6,21.25,55.57,,0.00,,0,0,0,0,,,,-1.00,-1.00,-1.00,-1.00,-1.00
2024-11-12T12:21:05Z,"0002cc0100000ec3","36545e0ab1f9412c06154c8e51000000000000000000ffffffffffffffffffff",2,4.07,,6,21.30,55.59,,0.00,,0,0,0,0,,,,-1.00,-1.00,-1.00,-1.00,-1.00
2024-11-12T12:27:01Z,"0002cc0100000ec3","36545e0c15f9412c06154c8e5a3b296f000000000000ffffffffffffffffffff",2,4.07,,6,21.30,55.61,,0.07,,0,0,0,0,,,,-1.00,-1.00,-1.00,-1.00,-1.00
2024-11-12T12:32:57Z,"0002cc0100000ec3","36545e0d79f9412c0615418e6c39cb89000000000000ffffffffffffffffffff",2,4.07,,6,21.25,55.63,,0.03,,0,0,0,0,,,,-1.00,-1.00,-1.00,-1.00,-1.00
2024-11-12T12:38:54Z,"0002cc0100000ec3","36545e0edef9412c06154c8e91389484000000000000ffffffffffffffffffffffff",2,4.07,,6,21.30,55.69,,0.01,,0,0,0,0,,,-1.00,-1.00,-1.00,-1.00,-1.00,-1.00
2024-11-12T12:44:49Z,"0002cc0100000ec3","36545e1041f9412c0615488e7f39cb89000000000000ffffffffffffffffffff",2,4.07,,6,21.28,55.66,,0.03,,0,0,0,0,,,,-1.00,-1.00,-1.00,-1.00,-1.00
2024-11-12T12:50:46Z,"0002cc0100000ec3","36545e11a6f9412c06154c8ea0000000000000000000ffffffffffffffffffff",2,4.07,,6,21.30,55.71,,0.00,,0,0,0,0,,,,-1.00,-1.00,-1.00,-1.00,-1.00
2024-11-12T12:56:42Z,"0002cc0100000ec3","36545e130af9412c06154c8ea939cb89000000000000ffffffffffffffffffffffff",2,4.07,,6,21.30,55.73,,0.03,,0,0,0,0,,,-1.00,-1.00,-1.00,-1.00,-1.00,-1.00
2024-11-12T13:02:38Z,"0002cc0100000ec3","36545e146ef9412c06154c8ec13b296f000000000000ffffffffffffffffffff",2,4.07,,6,21.30,55.76,,0.07,,0,0,0,0,,,,-1.00,-1.00,-1.00,-1.00,-1.00
2024-11-12T13:08:34Z,"0002cc0100000ec3","36545e15d2f9412c0615578ee43ac715000000000000ffffffffffffffffffff",2,4.07,,6,21.34,55.82,,0.06,,0,0,0,0,,,,-1.00,-1.00,-1.00,-1.00,-1.00
2024-11-12T13:14:30Z,"0002cc0100000ec3","36545e1736f941230615628f183ac715000000000000ffffffffffffffffffffffff",2,4.07,,6,21.38,55.90,,0.06,,0,0,0,0,,,-1.00,-1.00,-1.00,-1.00,-1.00,-1.00
2024-11-12T13:20:26Z,"0002cc0100000ec3","36545e189af9412c0615708f573ac715000000000000ffffffffffffffffffff",2,4.07,,6,21.44,55.99,,0.06,,0,0,0,0,,,,-1.00,-1.00,-1.00,-1.00,-1.00
2024-11-12T13:26:22Z,"0002cc0100000ec3","36545e19fef202050000157b8f4b3b161c000000000000ffffffffffffffffffffffff",2,,2.5.0.0,,21.48,55.97,,0.07,,0,0,0,0,,,-1.00,-1.00,-1.00,-1.00,-1.00,-1.00
2024-11-12T13:32:18Z,"0002cc0100000ec3","36545e1b62f9412c0615918f3e3ac715000000000000ffffffffffffffffffff",2,4.07,,6,21.56,55.95,,0.06,,0,0,0,0,,,,-1.00,-1.00,-1.00,-1.00,-1.00
2024-11-12T13:38:14Z,"0002cc0100000ec3","36545e1cc6f9411f0615948ecf3ac715000000000000ffffffffffffffffffff",2,4.07,,6,21.58,55.79,,0.06,,0,0,0,0,,,,-1.00,-1.00,-1.00,-1.00,-1.00
2024-11-12T13:44:11Z,"0002cc0100000ec3","36545e1e2bf941230615a28e9d3ac715000000000000ffffffffffffffffffffffff",2,4.07,,6,21.63,55.71,,0.06,,0,0,0,0,,,-1.00,-1.00,-1.00,-1.00,-1.00,-1.00
2024-11-12T13:50:07Z,"0002cc0100000ec3","36545e1f8fd9412c0615ad8e72000000000000ffffffffffffffffffff",2,4.07,,6,21.68,55.64,,,,0,0,0,0,,,,-1.00,-1.00,-1.00,-1.00,-1.00
2024-11-12T13:56:03Z,"0002cc0100000ec3","36545e20f3f941230615c08e3a000000000000000000ffffffffffffffffffffffff",2,4.07,,6,21.75,55.56,,0.00,,0,0,0,0,,,-1.00,-1.00,-1.00,-1.00,-1.00,-1.00
2024-11-12T14:01:59Z,"0002cc0100000ec3","36545e2257f9412c0615bc8dca3b161c000000000000ffffffffffffffffffff",2,4.07,,6,21.73,55.39,,0.07,,0,0,0,0,,,,-1.00,-1.00,-1.00,-1.00,-1.00
2024-11-12T14:07:55Z,"0002cc0100000ec3","36545e23bbf9412c0615cb8d563b0bff000000000000ffffffffffffffffffffffff",2,4.07,,6,21.79,55.21,,0.07,,0,0,0,0,,,-1.00,-1.00,-1.00,-1.00,-1.00,-1.00
2024-11-12T14:13:51Z,"0002cc0100000ec3","36545e251ff941230615c78cae000000000000000000ffffffffffffffffffff",2,4.07,,6,21.78,54.95,,0.00,,0,0,0,0,,,,-1.00,-1.00,-1.00,-1.00,-1.00
2024-11-12T14:19:47Z,"0002cc0100000ec3","36545e2683f9412c0615bc8c09000000000000000000ffffffffffffffffffffffff",2,4.07,,6,21.73,54.70,,0.00,,0,0,0,0,,,-1.00,-1.00,-1.00,-1.00,-1.00,-1.00
2024-11-12T14:25:43Z,"0002cc0100000ec3","36545e27e7f941230615c38bcd000000000000000000fdd3fd35ff85ffffffff",2,4.07,,6,21.76,54.61,,0.00,,0,0,0,0,,,,-1.00,-1.00,-0.94,-0.65,-0.73
2024-11-12T14:31:40Z,"0002cc0100000ec3","36545e294cf941230615b98b52000000000000000000fffffffffea4ffffff29",2,4.07,,6,21.72,54.42,,0.00,,0,0,0,0,,,,-0.89,-1.00,-0.83,-1.00,-1.00
2024-11-12T14:37:36Z,"0002cc0100000ec3","36545e2ab0f941230615b18b1f000000000000000000fefcffffffffffffff66ffff",2,4.07,,6,21.69,54.35,,0.00,,0,0,0,0,,,-1.00,-0.92,-1.00,-1.00,-1.00,-0.87
2024-11-12T14:43:32Z,"0002cc0100000ec3","36545e2c14f941230615a98af4000000000000000000ffffffffffffffffff96",2,4.07,,6,21.66,54.28,,0.00,,0,0,0,0,,,,-0.95,-1.00,-1.00,-1.00,-1.00
2024-11-12T14:49:28Z,"0002cc0100000ec3","36545e2d78f941230615a28ae9000000000000000000fffffef1ffffffffffffffff",2,4.07,,6,21.63,54.26,,0.00,,0,0,0,0,,,-1.00,-1.00,-1.00,-1.00,-0.87,-1.00
2024-11-12T14:55:24Z,"0002cc0100000ec3","36545e2edcf9412306159b8afe000000000000000000ffffffa8fe14ff3effc2",2,4.07,,6,21.60,54.29,,0.00,,0,0,0,0,,,,-0.97,-0.91,-0.76,-0.96,-1.00
2024-11-12T15:01:21Z,"0002cc0100000ec3","36545e3041f941230615948b13000000000000000000fffffedffed8ffffffffffff",2,4.07,,6,21.58,54.33,,0.00,,0,0,0,0,,,-1.00,-1.00,-1.00,-0.86,-0.86,-1.00
2024-11-12T15:07:17Z,"0002cc0100000ec3","36545e31a5d941230615988b7c000000000000fffffffffffffffffffffe86",2,4.07,,6,21.59,54.49,,,,0,0,0,0,,,-0.82,-1.00,-1.00,-1.00,-1.00,-1.00
2024-11-12T15:13:13Z,"0002cc0100000ec3","36545e3309f9412c0615918b81000000000000000000ffffffffffffffffffff",2,4.07,,6,21.56,54.49,,0.00,,0,0,0,0,,,,-1.00,-1.00,-1.00,-1.00,-1.00
2024-11-12T15:19:09Z,"0002cc0100000ec3","36545e346df941230615898ba6000000000000000000ffffff3dfffffeb1ffff",2,4.07,,6,21.53,54.55,,0.00,,0,0,0,0,,,,-1.00,-0.84,-1.00,-0.91,-1.00
2024-11-12T15:25:05Z,"0002cc0100000ec3","36545e35d1f941230615868c3c000000000000000000ff8cffdbff72ffffff2c",2,4.07,,6,21.52,54.78,,0.00,,0,0,0,0,,,,-0.90,-1.00,-0.93,-0.98,-0.94
2024-11-12T15:31:01Z,"0002cc0100000ec3","36545e3735f941230615868c5c000000000000000000ffffff95ffffff91ffffffad",2,4.07,,6,21.52,54.83,,0.00,,0,0,0,0,,,-0.96,-1.00,-0.95,-1.00,-0.95,-1.00
2024-11-12T15:36:58Z,"0002cc0100000ec3","36545e389ad9412306157b8c47000000000000ffffffffffffffffffff",2,4.07,,6,21.48,54.80,,,,0,0,0,0,,,,-1.00,-1.00,-1.00,-1.00,-1.00
2024-11-12T15:42:54Z,"0002cc0100000ec3","36545e39fef941230615778c27000000000000000000ff28ffffffffffd2ffffffff",2,4.07,,6,21.46,54.75,,0.00,,0,0,0,0,,,-1.00,-1.00,-0.98,-1.00,-1.00,-0.89
2024-11-12T15:48:50Z,"0002cc0100000ec3","36545e3b62f941230615748c35000000000000000000ffffffffffbcffd2ffff",2,4.07,,6,21.45,54.77,,0.00,,0,0,0,0,,,,-1.00,-0.98,-0.97,-1.00,-1.00
2024-11-12T15:54:46Z,"0002cc0100000ec3","36545e3cc6f941230615698be1000000000000000000ffffffffffffffffffffffff",2,4.07,,6,21.41,54.64,,0.00,,0,0,0,0,,,-1.00,-1.00,-1.00,-1.00,-1.00,-1.00
2024-11-12T16:00:42Z,"0002cc0100000ec3","36545e3e2ad941230615658b9f000000000000ffffffffffffffffffff",2,4.07,,6,21.39,54.54,,,,0,0,0,0,,,,-1.00,-1.00,-1.00,-1.00,-1.00
2024-11-12T16:06:38Z,"0002cc0100000ec3","36545e3f8ef9411b0615628b25000000000000000000ffffffffffffffffffff",2,4.07,,6,21.38,54.35,,0.00,,0,0,0,0,,,,-1.00,-1.00,-1.00,-1.00,-1.00
2024-11-12T16:12:34Z,"0002cc0100000ec3","36545e40f2f941230615578ad3000000000000000000ffffffffffffffffffff",2,4.07,,6,21.34,54.23,,0.00,,0,0,0,0,,,,-1.00,-1.00,-1.00,-1.00,-1.00
2024-11-12T16:18:31Z,"0002cc0100000ec3","36545e4257d941230615508a68000000000000ffffffffffffffffffff",2,4.07,,6,21.31,54.07,,,,0,0,0,0,,,,-1.00,-1.00,-1.00,-1.00,-1.00
2024-11-12T16:24:26Z,"0002cc0100000ec3","36545e43baf9412306154c89d8000000000000000000ffffffffffffffffffff",2,4.07,,6,21.30,53.85,,0.00,,0,0,0,0,,,,-1.00,-1.00,-1.00,-1.00,-1.00
2024-11-12T16:30:23Z,"0002cc0100000ec3","36545e451ff9411f0615458926000000000000000000ffffffffffffffffffff",2,4.07,,6,21.27,53.57,,0.00,,0,0,0,0,,,,-1.00,-1.00,-1.00,-1.00,-1.00
2024-11-12T16:36:19Z,"0002cc0100000ec3","36545e4683f9411f06153688b1000000000000000000ffffffffffffffffffffffff",2,4.07,,6,21.21,53.40,,0.00,,0,0,0,0,,,-1.00,-1.00,-1.00,-1.00,-1.00,-1.00
2024-11-12T16:42:15Z,"0002cc0100000ec3","36545e47e7f9411f061541884e000000000000000000ffffffffffffffffffff",2,4.07,,6,21.25,53.24,,0.00,,0,0,0,0,,,,-1.00,-1.00,-1.00,-1.00,-1.00
2024-11-12T16:48:11Z,"0002cc0100000ec3","36545e494bf9412306153687e9000000000000000000ffffffffffffffffffff",2,4.07,,6,21.21,53.09,,0.00,,0,0,0,0,,,,-1.00,-1.00,-1.00,-1.00,-1.00
2024-11-12T16:54:07Z,"0002cc0100000ec3","36545e4aaff9412306153a8794000000000000000000ffffffffffffffffffff",2,4.07,,6,21.22,52.96,,0.00,,0,0,0,0,,,,-1.00,-1.00,-1.00,-1.00,-1.00
2024-11-12T17:00:03Z,"0002cc0100000ec3","36545e4c13f94113061536875b000000000000000000ffffffffffffffffffffffff",2,4.07,,6,21.21,52.87,,0.00,,0,0,0,0,,,-1.00,-1.00,-1.00,-1.00,-1.00,-1.00
2024-11-12T17:05:59Z,"0002cc0100000ec3","36545e4d77f9411f06153e872e000000000000000000ffffffffffffffffffff",2,4.07,,6,21.24,52.81,,0.00,,0,0,0,0,,,,-1.00,-1.00,-1.00,-1.00,-1.00
2024-11-12T17:11:55Z,"0002cc0100000ec3","36545e4edbd9412306153a86bc000000000000ffffffffffffffffffff",2,4.07,,6,21.22,52.63,,,,0,0,0,0,,,,-1.00,-1.00,-1.00,-1.00,-1.00
2024-11-12T17:17:51Z,"0002cc0100000ec3","36545e503ff9411f06152786c6000000000000000000ffffffffffffffffffff",2,4.07,,6,21.15,52.65,,0.00,,0,0,0,0,,,,-1.00,-1.00,-1.00,-1.00,-1.00
2024-11-12T17:23:47Z,"0002cc0100000ec3","36545e51a3f94123061524872c000000000000000000ffffffffffffffffffff",2,4.07,,6,21.14,52.80,,0.00,,0,0,0,0,,,,-1.00,-1.00,-1.00,-1.00,-1.00
2024-11-12T17:29:44Z,"0002cc0100000ec3","36545e5308d202050000152787bc000000000000ffffffffffffffffffffffff",2,,2.5.0.0,,21.15,53.02,,,,0,0,0,0,,,-1.00,-1.00,-1.00,-1.00,-1.00,-1.00
2024-11-12T17:35:40Z,"0002cc0100000ec3","36545e546cf9412306152087e2000000000000000000ffffffffffffffffffff",2,4.07,,6,21.12,53.08,,0.00,,0,0,0,0,,,,-1.00,-1.00,-1.00,-1.00,-1.00
2024-11-12T17:41:36Z,"0002cc0100000ec3","36545e55d0f9411f0615208840000000000000000000ffffffffffffffffffffffff",2,4.07,,6,21.12,53.22,,0.00,,0,0,0,0,,,-1.00,-1.00,-1.00,-1.00,-1.00,-1.00
2024-11-12T17:47:32Z,"0002cc0100000ec3","36545e5734f9412306151c8857000000000000000000ffffffffffffffffffff",2,4.07,,6,21.11,53.26,,0.00,,0,0,0,0,,,,-1.00,-1.00,-1.00,-1.00,-1.00
2024-11-12T17:53:28Z,"0002cc0100000ec3","36545e5898f9411f061512889a000000000000000000ffffffffffffffffffff",2,4.07,,6,21.07,53.36,,0.00,,0,0,0,0,,,,-1.00,-1.00,-1.00,-1.00,-1.00
2024-11-12T17:59:24Z,"0002cc0100000ec3","36545e59fcf9412306151688b4000000000000000000ffffffffffffffffffffffff",2,4.07,,6,21.08,53.40,,0.00,,0,0,0,0,,,-1.00,-1.00,-1.00,-1.00,-1.00,-1.00
2024-11-12T18:05:21Z,"0002cc0100000ec3","36545e5b61f9411f06151688eb000000000000000000fffffffffffffffffffffe4f",2,4.07,,6,21.08,53.48,,0.00,,0,0,0,0,,,-0.79,-1.00,-1.00,-1.00,-1.00,-1.00
2024-11-12T18:11:17Z,"0002cc0100000ec3","36545e5cc5f94123061527891a0000000000000000006ebffd33ffe4fec2ffbf",2,4.07,,6,21.15,53.56,,0.00,,0,0,0,0,,,,-0.97,-0.84,-0.99,-0.65,0.21
2024-11-12T18:17:13Z,"0002cc0100000ec3","36545e5e29d9411f06152b88d5000000000000ffffffffffffffffffffffff",2,4.07,,6,21.17,53.45,,,,0,0,0,0,,,-1.00,-1.00,-1.00,-1.00,-1.00,-1.00
2024-11-12T18:23:09Z,"0002cc0100000ec3","36545e5f8df9411f0615308896000000000000000000ffffffcbfe1fffdcffb5",2,4.07,,6,21.18,53.35,,0.00,,0,0,0,0,,,,-0.96,-0.98,-0.77,-0.97,-1.00
2024-11-12T18:29:05Z,"0002cc0100000ec3","36545e60f1f9411f0615338818000000000000000000fe73ffffffffffffffffffff",2,4.07,,6,21.20,53.16,,0.00,,0,0,0,0,,,-1.00,-1.00,-1.00,-1.00,-1.00,-0.81
2024-11-12T18:35:02Z,"0002cc0100000ec3","36545e6256d9411f061541881e000000000000ff44feaaff40ffffffff",2,4.07,,6,21.25,53.17,,,,0,0,0,0,,,,-1.00,-1.00,-0.91,-0.83,-0.91
2024-11-12T18:40:58Z,"0002cc0100000ec3","36545e63baf9411f06153e876d000000000000000000ffffffffffffffffffffffff",2,4.07,,6,21.24,52.90,,0.00,,0,0,0,0,,,-1.00,-1.00,-1.00,-1.00,-1.00,-1.00
2024-11-12T18:46:54Z,"0002cc0100000ec3","36545e651ef9411f0615458740000000000000000000ffffffffffffffffffff",2,4.07,,6,21.27,52.83,,0.00,,0,0,0,0,,,,-1.00,-1.00,-1.00,-1.00,-1.00
2024-11-12T18:52:50Z,"0002cc0100000ec3","36545e6682f9411f0615488750000000000000000000ffffffffffffffffffc8ffff",2,4.07,,6,21.28,52.86,,0.00,,0,0,0,0,,,-1.00,-0.97,-1.00,-1.00,-1.00,-1.00
2024-11-12T18:58:46Z,"0002cc0100000ec3","36545e67e6f9411f0615508794000000000000000000ffffffffffffffffffff",2,4.07,,6,21.31,52.96,,0.00,,0,0,0,0,,,,-1.00,-1.00,-1.00,-1.00,-1.00
2024-11-12T19:04:42Z,"0002cc0100000ec3","36545e694af9411f06155e87d9000000000000000000ffffffffffffffffffff",2,4.07,,6,21.37,53.07,,0.00,,0,0,0,0,,,,-1.00,-1.00,-1.00,-1.00,-1.00
2024-11-12T19:10:38Z,"0002cc0100000ec3","36545e6aaef9411f0615698845000000000000000000ffffffffffffffffffffffff",2,4.07,,6,21.41,53.23,,0.00,,0,0,0,0,,,-1.00,-1.00,-1.00,-1.00,-1.00,-1.00
2024-11-12T19:16:34Z,"0002cc0100000ec3","36545e6c12f9411f0615708870000000000000000000ffffffffffffffffffff",2,4.07,,6,21.44,53.30,,0.00,,0,0,0,0,,,,-1.00,-1.00,-1.00,-1.00,-1.00
2024-11-12T19:22:30Z,"0002cc0100000ec3","36545e6d76f9411706157b88c4000000000000000000ffffffffffffffffffffffff",2,4.07,,6,21.48,53.42,,0.00,,0,0,0,0,,,-1.00,-1.00,-1.00,-1.00,-1.00,-1.00
2024-11-12T19:28:26Z,"0002cc0100000ec3","36545e6edaf9411f06157e88fd000000000000000000ffffffffffffffffffff",2,4.07,,6,21.49,53.51,,0.00,,0,0,0,0,,,,-1.00,-1.00,-1.00,-1.00,-1.00
2024-11-12T19:34:22Z,"0002cc0100000ec3","36545e703ef9411f06157e897441c876000000000000fffffffffffffe76ffff",2,4.07,,6,21.49,53.69,,7.13,,0,0,0,0,,,,-1.00,-0.81,-1.00,-1.00,-1.00
2024-11-12T19:40:19Z,"0002cc0100000ec3","36545e71a3f9411f0615c389363a61f6000000000000fffff437ff45ee75fd8cffbe",2,4.07,,6,21.76,53.60,,0.04,,0,0,0,0,,,-0.97,-0.69,-0.20,-0.91,-0.26,-1.00
2024-11-12T19:46:15Z,"0002cc0100000ec3","36545e7307f941170616da877d38439e000000000000ffff740afd60e684fc70",2,4.07,,6,22.85,52.93,,0.01,,0,0,0,0,,,,-0.55,-0.10,-0.67,0.25,-1.00
2024-11-12T19:52:11Z,"0002cc0100000ec3","36545e746bf9411706169c86d539439e000000000000fffff4dd6e91f5e6ffff",2,4.07,,6,22.61,52.67,,0.02,,0,0,0,0,,,,-1.00,-0.37,0.21,-0.30,-1.00
2024-11-12T19:58:07Z,"0002cc0100000ec3","36545e75cff9411f06167487df392f65000000000000fe87dea35ee2d6f3f710",2,4.07,,6,22.45,53.08,,0.02,,0,0,0,0,,,,-0.44,-0.03,0.05,-0.05,-0.82
2024-11-12T20:04:04Z,"0002cc0100000ec3","36545e7734f9410b06165487c1392f65000000000000ff9efea7ffffffffffffffff",2,4.07,,6,22.33,53.03,,0.02,,0,0,0,0,,,-1.00,-1.00,-1.00,-1.00,-0.83,-0.95
2024-11-12T20:10:00Z,"0002cc0100000ec3","36545e7898f9411706162c872b392f65000000000000ffffffffffffffffffff",2,4.07,,6,22.17,52.80,,0.02,,0,0,0,0,,,,-1.00,-1.00,-1.00,-1.00,-1.00
2024-11-12T20:15:56Z,"0002cc0100000ec3","36545e79fcf9411706161a881b389484000000000000ffffffffffffffffffff",2,4.07,,6,22.10,53.17,,0.01,,0,0,0,0,,,,-1.00,-1.00,-1.00,-1.00,-1.00
2024-11-12T20:21:52Z,"0002cc0100000ec3","36545e7b60f941170616018938392f65000000000000ffffffffffffffffffffffff",2,4.07,,6,22.00,53.60,,0.02,,0,0,0,0,,,-1.00,-1.00,-1.00,-1.00,-1.00,-1.00
2024-11-12T20:27:48Z,"0002cc0100000ec3","36545e7cc4f941170615f28942392f65000000000000fffffcf2255df5d3ffff",2,4.07,,6,21.95,53.62,,0.02,,0,0,0,0,,,,-1.00,-0.36,0.00,-0.62,-1.00
2024-11-12T20:33:44Z,"0002cc0100000ec3","36545e7e28d9411f0615e0885d000000000000ffffffffffffffffffff",2,4.07,,6,21.87,53.27,,,,0,0,0,0,,,,-1.00,-1.00,-1.00,-1.00,-1.00
2024-11-12T20:39:40Z,"0002cc0100000ec3","36545e7f8cf941170615ce87ad000000000000000000ffffffffffffffffffffffff",2,4.07,,6,21.80,53.00,,0.00,,0,0,0,0,,,-1.00,-1.00,-1.00,-1.00,-1.00,-1.00
2024-11-12T20:45:36Z,"0002cc0100000ec3","36545e80f0f941170615b988843a8d2f000000000000ffffffffffffffffffff",2,4.07,,6,21.72,53.33,,0.05,,0,0,0,0,,,,-1.00,-1.00,-1.00,-1.00,-1.00
2024-11-12T20:51:32Z,"0002cc0100000ec3","36545e8254f941170615a989153a8d2f000000000000ffffffffffffffffffff",2,4.07,,6,21.66,53.55,,0.05,,0,0,0,0,,,,-1.00,-1.00,-1.00,-1.00,-1.00
2024-11-12T20:57:29Z,"0002cc0100000ec3","36545e83b9f941170615a28a89000000000000000000ffffffffffffffff6d85776f",2,4.07,,6,21.63,54.12,,0.00,,0,0,0,0,,,0.46,0.17,-1.00,-1.00,-1.00,-1.00
2024-11-12T21:03:25Z,"0002cc0100000ec3","36545e851dd941170615a68abb000000000000c724ec7bf496de3a5d21",2,4.07,,6,21.65,54.19,,,,0,0,0,0,,,,0.04,-0.05,-0.29,-0.14,-0.01
2024-11-12T21:09:21Z,"0002cc0100000ec3","36545e8681f941170615a28b69000000000000000000773b771c77c27cd2edf9fcae",2,4.07,,6,21.63,54.46,,0.00,,0,0,0,0,,,-0.59,-0.19,0.60,0.48,0.44,0.45
2024-11-12T21:15:17Z,"0002cc0100000ec3","36545e87e5f941170615a28b490000000000000000007c427d9d741c5fa74f1e",2,4.07,,6,21.63,54.41,,0.00,,0,0,0,0,,,,0.01,0.06,0.26,0.70,0.53
2024-11-12T21:21:13Z,"0002cc0100000ec3","36545e8949f941170615a98b4c392ed0000000000000ee716d3df770f4f87765",2,4.07,,6,21.66,54.41,,0.02,,0,0,0,0,,,,0.46,-0.31,-0.46,0.16,-0.20
2024-11-12T21:27:10Z,"0002cc0100000ec3","36545e8aaed941170615b18afe000000000000660efd8fffffffffffff",2,4.07,,6,21.69,54.29,,,,0,0,0,0,,,,-1.00,-1.00,-1.00,-0.69,0.09
2024-11-12T21:33:06Z,"0002cc0100000ec3","36545e8c12f202050000159f8a88000000000000000000fffffffffffffffffffffeff",2,,2.5.0.0,,21.62,54.11,,0.00,,0,0,0,0,,,-0.87,-1.00,-1.00,-1.00,-1.00,-1.00
2024-11-12T21:39:02Z,"0002cc0100000ec3","36545e8d76f941130615a98b33000000000000000000fce2f56a7cd976f2764c",2,4.07,,6,21.66,54.38,,0.00,,0,0,0,0,,,,0.39,0.43,0.61,-0.34,-0.61
2024-11-12T21:44:58Z,"0002cc0100000ec3","36545e8edaf9410b0615a28b97000000000000000000ff36feb2ffffffffffffffff",2,4.07,,6,21.63,54.53,,0.00,,0,0,0,0,,,-1.00,-1.00,-1.00,-1.00,-0.84,-0.90
2024-11-12T21:50:54Z,"0002cc0100000ec3","36545e903ef941130615a98c83000000000000000000ffffffeffd0cfdbff462",2,4.07,,6,21.66,54.89,,0.00,,0,0,0,0,,,,-0.27,-0.72,-0.63,-0.99,-1.00
2024-11-12T21:56:51Z,"0002cc0100000ec3","36545e91a3f941170615b48c6f0000000000000000007cab7c157d1f7dcef59affff",2,4.07,,6,21.70,54.86,,0.00,,0,0,0,0,,,-1.00,-0.35,0.73,0.64,0.51,0.58
2024-11-12T22:02:47Z,"0002cc0100000ec3","36545e9307f941130615b48cff000000000000000000ffffffffffffffffffff",2,4.07,,6,21.70,55.08,,0.00,,0,0,0,0,,,,-1.00,-1.00,-1.00,-1.00,-1.00
2024-11-12T22:08:43Z,"0002cc0100000ec3","36545e946bf941170615a98cd2000000000000000000fe08ffffffffffffffff",2,4.07,,6,21.66,55.01,,0.00,,0,0,0,0,,,,-1.00,-1.00,-1.00,-1.00,-0.75
2024-11-12T22:14:39Z,"0002cc0100000ec3","36545e95cff941070615ad8d1c000000000000000000ffffffffffffffffffffffff",2,4.06,,6,21.68,55.12,,0.00,,0,0,0,0,,,-1.00,-1.00,-1.00,-1.00,-1.00,-1.00
2024-11-12T22:20:35Z,"0002cc0100000ec3","36545e9733f941130615a68d38000000000000000000ffffffffffffffffffff",2,4.07,,6,21.65,55.16,,0.00,,0,0,0,0,,,,-1.00,-1.00,-1.00,-1.00,-1.00
2024-11-12T22:26:31Z,"0002cc0100000ec3","36545e9897d9411306159f8c9e000000000000ffffffffffffffffffff",2,4.07,,6,21.62,54.93,,,,0,0,0,0,,,,-1.00,-1.00,-1.00,-1.00,-1.00
2024-11-12T22:32:27Z,"0002cc0100000ec3","36545e99fbf941130615a28c18000000000000000000ffffffffffffffffffffffff",2,4.07,,6,21.63,54.72,,0.00,,0,0,0,0,,,-1.00,-1.00,-1.00,-1.00,-1.00,-1.00
2024-11-12T22:38:23Z,"0002cc0100000ec3","36545e9b5ff941130615988c0c000000000000000000ffffffffffffffffffff",2,4.07,,6,21.59,54.71,,0.00,,0,0,0,0,,,,-1.00,-1.00,-1.00,-1.00,-1.00
2024-11-12T22:44:19Z,"0002cc0100000ec3","36545e9cc3f941130615948f17000000000000000000ffffffffff24fff7ffff",2,4.07,,6,21.58,55.90,,0.00,,0,0,0,0,,,,-1.00,-1.00,-0.89,-1.00,-1.00
2024-11-12T22:50:16Z,"0002cc0100000ec3","36545e9e28d941130615988f39000000000000efaff6b3fea6fce4ffa6",2,4.07,,6,21.59,55.95,,,,0,0,0,0,,,,-0.96,-0.61,-0.83,-0.42,-0.24
2024-11-12T22:56:12Z,"0002cc0100000ec3","36545e9f8cf941130615988dc2000000000000000000fc75fffffffffffffc07",2,4.07,,6,21.59,55.37,,0.00,,0,0,0,0,,,,-0.50,-1.00,-1.00,-1.00,-0.56
2024-11-12T23:02:08Z,"0002cc0100000ec3","36545ea0f0f941130615918d8f000000000000000000ffffffffffffffffffffff05",2,4.07,,6,21.56,55.30,,0.00,,0,0,0,0,,,-0.88,-1.00,-1.00,-1.00,-1.00,-1.00
2024-11-12T23:08:04Z,"0002cc0100000ec3","36545ea254f941130615948e07392ed0000000000000ef99f61ef676ff51c7f8",2,4.07,,6,21.58,55.48,,0.02,,0,0,0,0,,,,-0.01,-0.91,-0.40,-0.38,-0.24
2024-11-12T23:14:01Z,"0002cc0100000ec3","36545ea3b9d941130615988f11000000000000f60fffffffb4ffffffff",2,4.07,,6,21.59,55.89,,,,0,0,0,0,,,,-1.00,-1.00,-0.96,-1.00,-0.38
2024-11-12T23:19:57Z,"0002cc0100000ec3","36545ea51df94113061598902f000000000000000000fffffffffddc6f20ee8bfddf",2,4.07,,6,21.59,56.32,,0.00,,0,0,0,0,,,-0.73,-0.20,0.22,-0.73,-1.00,-1.00
2024-11-12T23:25:53Z,"0002cc0100000ec3","36545ea681f941130615a29182000000000000000000ffff7506fc585d2afe76",2,4.07,,6,21.63,56.84,,0.00,,0,0,0,0,,,,-0.81,0.04,-0.54,0.31,-1.00
2024-11-12T23:31:49Z,"0002cc0100000ec3","36545ea7e5d9411306159f91c1000000000000f50d6cdaffa1ffffffffffff",2,4.07,,6,21.62,56.94,,,,0,0,0,0,,,-1.00,-1.00,-1.00,-0.95,0.15,-0.32
2024-11-12T23:37:45Z,"0002cc0100000ec3","36545ea949f9411306159f91b8000000000000000000ffffff89ffffffffffc5",2,4.07,,6,21.62,56.92,,0.00,,0,0,0,0,,,,-0.97,-1.00,-1.00,-0.94,-1.00
2024-11-12T23:43:41Z,"0002cc0100000ec3","36545eaaadf941130615a69074000000000000000000dcaf544e7cf86d46f4aa",2,4.07,,6,21.65,56.43,,0.00,,0,0,0,0,,,,-0.29,0.16,0.62,0.02,-0.04
2024-11-12T23:49:38Z,"0002cc0100000ec3","36545eac12d941130615a28d07000000000000f76cf598fd31ffffffffffff",2,4.07,,6,21.63,55.09,,,,0,0,0,0,,,-1.00,-1.00,-1.00,-0.65,-0.35,-0.46
2024-11-12T23:55:34Z,"0002cc0100000ec3","36545ead76f941130615a28af8000000000000000000fffff5c7fec4ffffffff",2,4.07,,6,21.63,54.29,,0.00,,0,0,0,0,,,,-1.00,-1.00,-0.85,-0.36,-1.00
