Time,DevEUI,Raw,Port,Vbat,Version,BootCount,T,RH,P,Light,CO2,P[0].delta,P[0].total,P[1].delta,P[1].total,Act[7],Act[6],Act[5],Act[4],Act[3],Act[2],Act[1],Act[0]
2024-11-16T00:00:59Z,"0002cc0100000ecc","365462a33bf93c6b0a15548f84000000000000000000ffffffffffffffffffff",2,3.78,,10,21.33,56.06,,0.00,,0,0,0,0,,,,-1.00,-1.00,-1.00,-1.00,-1.00
2024-11-16T00:06:55Z,"0002cc0100000ecc","365462a49ff93c6b0a15508f23000000000000000000ffffffffffffffffffff",2,3.78,,10,21.31,55.91,,0.00,,0,0,0,0,,,,-1.00,-1.00,-1.00,-1.00,-1.00
2024-11-16T00:12:51Z,"0002cc0100000ecc","365462a603f93c6b0a15508f2c000000000000000000ffffffffffffffffffff",2,3.78,,10,21.31,55.93,,0.00,,0,0,0,0,,,,-1.00,-1.00,-1.00,-1.00,-1.00
2024-11-16T00:18:47Z,"0002cc0100000ecc","365462a767f93c6b0a15548eff000000000000000000ffffffffffffffffffffffff",2,3.78,,10,21.33,55.86,,0.00,,0,0,0,0,,,-1.00,-1.00,-1.00,-1.00,-1.00,-1.00
2024-11-16T00:24:43Z,"0002cc0100000ecc","365462a8cbf93c6b0a15548ecf000000000000000000ffffffffffffffffffff",2,3.78,,10,21.33,55.79,,0.00,,0,0,0,0,,,,-1.00,-1.00,-1.00,-1.00,-1.00
2024-11-16T00:30:39Z,"0002cc0100000ecc","365462aa2ff93c630a15548f06000000000000000000fffffffffffffffff574",2,3.77,,10,21.33,55.87,,0.00,,0,0,0,0,,,,-0.34,-1.00,-1.00,-1.00,-1.00
2024-11-16T00:36:35Z,"0002cc0100000ecc","365462ab93f93c630a15668e8e000000000000000000e4987c507d37d7b9f45bffaf",2,3.77,,10,21.40,55.69,,0.00,,0,0,0,0,,,-0.96,-0.27,-0.03,0.65,0.54,-0.07
2024-11-16T00:42:32Z,"0002cc0100000ecc","365462acf8f93c6f0a155b8e5b000000000000000000ffddffb8ffffffffffffffff",2,3.78,,10,21.35,55.61,,0.00,,0,0,0,0,,,-1.00,-1.00,-1.00,-1.00,-0.96,-0.98
2024-11-16T00:48:27Z,"0002cc0100000ecc","365462ae5bf93c6b0a155e8dbe000000000000000000ffffffffffffffffffff",2,3.78,,10,21.37,55.37,,0.00,,0,0,0,0,,,,-1.00,-1.00,-1.00,-1.00,-1.00
2024-11-16T00:54:24Z,"0002cc0100000ecc","365462afc0f93c630a155e8df5000000000000000000ffffffffffffffffffffffff",2,3.77,,10,21.37,55.45,,0.00,,0,0,0,0,,,-1.00,-1.00,-1.00,-1.00,-1.00,-1.00
2024-11-16T01:00:20Z,"0002cc0100000ecc","365462b124f93c6b0a155b8dbc000000000000000000ffffffffffffffffffffff4e",2,3.78,,10,21.35,55.37,,0.00,,0,0,0,0,,,-0.91,-1.00,-1.00,-1.00,-1.00,-1.00
2024-11-16T01:06:15Z,"0002cc0100000ecc","365462b287f93c630a15578e78392ed0000000000000fffffffffffffffffd78",2,3.77,,10,21.34,55.65,,0.02,,0,0,0,0,,,,-0.68,-1.00,-1.00,-1.00,-1.00
2024-11-16T01:12:12Z,"0002cc0100000ecc","365462b3ecf93c630a15628e7c000000000000000000f4a9fefaff03ffdeffda",2,3.77,,10,21.38,55.66,,0.00,,0,0,0,0,,,,-0.98,-0.98,-0.88,-0.87,-0.29
2024-11-16T01:18:08Z,"0002cc0100000ecc","365462b550f93c630a156c8e51000000000000000000fc997dcf7e7a7eb27e8a7eda",2,3.77,,10,21.42,55.59,,0.00,,0,0,0,0,,,0.86,0.82,0.84,0.81,0.73,-0.57
2024-11-16T01:24:04Z,"0002cc0100000ecc","365462b6b4f93c630a15778dc8392ed00000000000007ed37e327e887e3a7ded",2,3.77,,10,21.46,55.38,,0.02,,0,0,0,0,,,,0.74,0.78,0.82,0.77,0.85
2024-11-16T01:30:00Z,"0002cc0100000ecc","365462b818f93c630a15828d5e000000000000000000efd85d9f7e517e1b7c2c",2,3.77,,10,21.51,55.22,,0.00,,0,0,0,0,,,,0.52,0.76,0.79,0.04,-0.25
2024-11-16T01:35:56Z,"0002cc0100000ecc","365462b97cf93c5b0a158a8d470000000000000000007dfe7da8e52a5e247c57",2,3.77,,10,21.54,55.19,,0.00,,0,0,0,0,,,,0.54,0.05,-0.08,0.71,0.75
2024-11-16T01:41:52Z,"0002cc0100000ecc","365462bae0f93c630a15918d3b0000000000000000007e857f0b7f1a7e467eb77e16",2,3.77,,10,21.56,55.17,,0.00,,0,0,0,0,,,0.76,0.84,0.78,0.89,0.88,0.81
2024-11-16T01:47:48Z,"0002cc0100000ecc","365462bc44f93c630a158a8d01392ed00000000000006513f449fd17fea4feb9",2,3.77,,10,21.54,55.08,,0.02,,0,0,0,0,,,,-0.84,-0.83,-0.64,-0.27,0.08
2024-11-16T01:53:45Z,"0002cc0100000ecc","365462bda9f93c630a158a8d59392ed00000000000007d637e2e7e6ced28fc7c756d",2,3.77,,10,21.54,55.21,,0.02,,0,0,0,0,,,0.34,-0.56,-0.16,0.80,0.77,0.67
2024-11-16T01:59:41Z,"0002cc0100000ecc","365462bf0df93c630a15868d1f00000000000000000076a7fccbfe9efc92fece",2,3.77,,10,21.52,55.13,,0.00,,0,0,0,0,,,,-0.85,-0.57,-0.83,-0.60,0.42
2024-11-16T02:05:37Z,"0002cc0100000ecc","365462c071f93c630a157f8cdb000000000000000000f6727cc15c2dffffffffffff",2,3.77,,10,21.49,55.02,,0.00,,0,0,0,0,,,-1.00,-1.00,-1.00,0.03,0.59,-0.40
2024-11-16T02:11:33Z,"0002cc0100000ecc","365462c1d5f93c670a157f8ce43ffd22000000000000ffffffff75127c626574",2,3.78,,10,21.49,55.04,,1.99,,0,0,0,0,,,,0.09,0.55,0.32,-1.00,-1.00
2024-11-16T02:17:29Z,"0002cc0100000ecc","365462c339f93c630a157b8d0241360d000000000000ffffffffff59ffffffffffff",2,3.77,,10,21.48,55.08,,4.84,,0,0,0,0,,,-1.00,-1.00,-1.00,-0.92,-1.00,-1.00
2024-11-16T02:23:25Z,"0002cc0100000ecc","365462c49df93c630a157b8ccb41585a000000000000fff27515ef27ffffffff",2,3.77,,10,21.48,55.00,,5.38,,0,0,0,0,,,,-1.00,-1.00,-0.22,0.32,-0.99
2024-11-16T02:29:21Z,"0002cc0100000ecc","365462c601f202050000157f8c954161f7000000000000ffffffffffffffffff03",2,,2.5.0.0,,21.49,54.92,,5.53,,0,0,0,0,,,,-0.88,-1.00,-1.00,-1.00,-1.00
2024-11-16T02:35:17Z,"0002cc0100000ecc","365462c765f93c630a157b8c63416a47000000000000ff6cff48ffffffffffff",2,3.77,,10,21.48,54.84,,5.66,,0,0,0,0,,,,-1.00,-1.00,-1.00,-0.91,-0.93
2024-11-16T02:41:13Z,"0002cc0100000ecc","365462c8c9f93c630a15778c02416a47000000000000ffffffffffffffa9ffff",2,3.77,,10,21.46,54.69,,5.66,,0,0,0,0,,,,-1.00,-0.96,-1.00,-1.00,-1.00
2024-11-16T02:47:09Z,"0002cc0100000ecc","365462ca2df93c630a157b8bcc416a08000000000000ffe9ffffffcfffffffff",2,3.77,,10,21.48,54.61,,5.66,,0,0,0,0,,,,-1.00,-1.00,-0.98,-1.00,-0.99
2024-11-16T02:53:05Z,"0002cc0100000ecc","365462cb91f93c5f0a15778c1b416ce2000000000000fec5ffffff20fcebfeddfcf4",2,3.77,,10,21.46,54.73,,5.70,,0,0,0,0,,,-0.62,-0.86,-0.61,-0.89,-1.00,-0.85
2024-11-16T02:59:02Z,"0002cc0100000ecc","365462ccf6f93c5f0a157f8bee416e30000000000000ffffff7cfffffffffda0ffa9",2,3.77,,10,21.49,54.66,,5.72,,0,0,0,0,,,-0.96,-0.70,-1.00,-1.00,-0.94,-1.00
2024-11-16T03:04:58Z,"0002cc0100000ecc","365462ce5af93c5f0a158a8beb416492000000000000ff20fcf0fd90f5d9ef40",2,3.77,,10,21.54,54.66,,5.57,,0,0,0,0,,,,-0.23,-0.37,-0.70,-0.62,-0.89
2024-11-16T03:10:54Z,"0002cc0100000ecc","365462cfbef93c5f0a15918cfc4175ef000000000000f571f418fcdfc75def42",2,3.77,,10,21.56,55.07,,5.84,,0,0,0,0,,,,-0.23,-0.01,-0.61,-0.26,-0.34
2024-11-16T03:16:50Z,"0002cc0100000ecc","365462d122f93c5f0a15988d85417d3000000000000075eafda4d76afe0bfc0675b7",2,3.77,,10,21.59,55.28,,5.96,,0,0,0,0,,,0.36,-0.50,-0.76,-0.03,-0.71,0.37
2024-11-16T03:22:46Z,"0002cc0100000ecc","365462d286f93c5f0a159c8daf417ebc000000000000fc9fffffffffffffff7e",2,3.77,,10,21.61,55.35,,5.98,,0,0,0,0,,,,-0.94,-1.00,-1.00,-1.00,-0.58
2024-11-16T03:28:42Z,"0002cc0100000ecc","365462d3eaf93c5f0a159f8d79417947000000000000ffffffffffffffffffffffff",2,3.77,,10,21.62,55.26,,5.89,,0,0,0,0,,,-1.00,-1.00,-1.00,-1.00,-1.00,-1.00
2024-11-16T03:34:38Z,"0002cc0100000ecc","365462d54ef93c5f0a15a78ddc41777b000000000000c7bf7cdee521fc68fe1f",2,3.77,,10,21.65,55.41,,5.87,,0,0,0,0,,,,-0.77,-0.55,-0.08,0.61,-0.01
2024-11-16T03:40:34Z,"0002cc0100000ecc","365462d6b2f93c5f0a15a78e2a418049000000000000ec89ffa1ffff6446ff09ffff",2,3.77,,10,21.65,55.53,,6.00,,0,0,0,0,,,-1.00,-0.88,0.07,-1.00,-0.95,-0.14
2024-11-16T03:46:30Z,"0002cc0100000ecc","365462d816f93c5f0a15ad8e5d417efb000000000000fffff7c576176fc8f564f50b",2,3.77,,10,21.68,55.61,,5.98,,0,0,0,0,,,-0.32,-0.34,0.24,0.38,-0.49,-1.00
2024-11-16T03:52:26Z,"0002cc0100000ecc","365462d97af93c5f0a15a78e434185fd000000000000ffffffffff4def86fdca",2,3.77,,10,21.65,55.57,,6.09,,0,0,0,0,,,,-0.72,-0.24,-0.91,-1.00,-1.00
2024-11-16T03:58:22Z,"0002cc0100000ecc","365462dadef93c5f0a15aa8dfb417be2000000000000fdfcf702fdb9fffffffffe23",2,3.77,,10,21.66,55.46,,5.94,,0,0,0,0,,,-0.77,-1.00,-1.00,-0.72,-0.44,-0.75
2024-11-16T04:04:19Z,"0002cc0100000ecc","365462dc43f93c670a15a78e3a417d30000000000000fda6ffffffffffffffff",2,3.78,,10,21.65,55.56,,5.96,,0,0,0,0,,,,-1.00,-1.00,-1.00,-1.00,-0.71
2024-11-16T04:10:15Z,"0002cc0100000ecc","365462dda7f93c5f0a15ad8e34417a94000000000000fe1c74a7ef1b5cc5ecd9",2,3.77,,10,21.68,55.55,,5.92,,0,0,0,0,,,,-0.15,0.04,-0.22,0.29,-0.76
2024-11-16T04:16:11Z,"0002cc0100000ecc","365462df0bf93c5f0a15b18e274173e4000000000000c7777777f4fe753bff5a",2,3.77,,10,21.69,55.53,,5.81,,0,0,0,0,,,,-0.92,0.33,-0.31,0.47,-0.01
2024-11-16T04:22:07Z,"0002cc0100000ecc","365462e06ff93c5f0a15b190cb4178c90000000000007691ffe9ffffffffffff",2,3.77,,10,21.69,56.56,,5.89,,0,0,0,0,,,,-1.00,-1.00,-1.00,-0.99,0.41
2024-11-16T04:28:03Z,"0002cc0100000ecc","365462e1d3f93c5f0a15bc8f99416b940000000000005797f4d877046537ffffffff",2,3.77,,10,21.73,56.09,,5.68,,0,0,0,0,,,-1.00,-1.00,0.08,0.44,-0.30,0.03
2024-11-16T04:33:59Z,"0002cc0100000ecc","365462e337f93c5f0a15c18e94416b55000000000000ffffffffffffffffffff",2,3.77,,10,21.75,55.70,,5.68,,0,0,0,0,,,,-1.00,-1.00,-1.00,-1.00,-1.00
2024-11-16T04:39:55Z,"0002cc0100000ecc","365462e49bf93c5f0a15b98ed0416e30000000000000ffffffffffffffffffffffff",2,3.77,,10,21.72,55.79,,5.72,,0,0,0,0,,,-1.00,-1.00,-1.00,-1.00,-1.00,-1.00
2024-11-16T04:45:51Z,"0002cc0100000ecc","365462e5fff93c5f0a15bc8f814168ba000000000000ffffffffffffffffffff",2,3.77,,10,21.73,56.06,,5.64,,0,0,0,0,,,,-1.00,-1.00,-1.00,-1.00,-1.00
2024-11-16T04:51:47Z,"0002cc0100000ecc","365462e763f93c570a15b18ebe416306000000000000ffffffffffffffffffff",2,3.77,,10,21.69,55.76,,5.55,,0,0,0,0,,,,-1.00,-1.00,-1.00,-1.00,-1.00
2024-11-16T04:57:43Z,"0002cc0100000ecc","365462e8c7f93c5f0a15b68fed416b55000000000000ffffffffffffffffffff",2,3.77,,10,21.71,56.22,,5.68,,0,0,0,0,,,,-1.00,-1.00,-1.00,-1.00,-1.00
2024-11-16T05:03:39Z,"0002cc0100000ecc","365462ea2bf93c5f0a15c191c7416e30000000000000ffffffffffffffffffffffff",2,3.77,,10,21.75,56.95,,5.72,,0,0,0,0,,,-1.00,-1.00,-1.00,-1.00,-1.00,-1.00
2024-11-16T05:09:35Z,"0002cc0100000ecc","365462eb8ff93c5f0a15cb8e5a416b55000000000000ffffffffffffffffffffffff",2,3.77,,10,21.79,55.61,,5.68,,0,0,0,0,,,-1.00,-1.00,-1.00,-1.00,-1.00,-1.00
2024-11-16T05:15:31Z,"0002cc0100000ecc","365462ecf3f93c5f0a15d28d7d416f7d000000000000ffffffffffffffffffff",2,3.77,,10,21.82,55.27,,5.74,,0,0,0,0,,,,-1.00,-1.00,-1.00,-1.00,-1.00
2024-11-16T05:21:27Z,"0002cc0100000ecc","365462ee57f93c5f0a15d68cc8416a08000000000000ffffffffffffffffffff",2,3.77,,10,21.83,54.99,,5.66,,0,0,0,0,,,,-1.00,-1.00,-1.00,-1.00,-1.00
2024-11-16T05:27:23Z,"0002cc0100000ecc","365462efbbf93c5f0a15d98c0b416ca3000000000000ffffffffffffffffffffffff",2,3.77,,10,21.85,54.71,,5.70,,0,0,0,0,,,-1.00,-1.00,-1.00,-1.00,-1.00,-1.00
2024-11-16T05:33:19Z,"0002cc0100000ecc","365462f11ff93c5f0a15e18bb7416b55000000000000ffffffffffffffffffff",2,3.77,,10,21.88,54.58,,5.68,,0,0,0,0,,,,-1.00,-1.00,-1.00,-1.00,-1.00
2024-11-16T05:39:15Z,"0002cc0100000ecc","365462f283f93c5f0a15dd8b6d416ca3000000000000ffffffffffffffffffffffff",2,3.77,,10,21.86,54.46,,5.70,,0,0,0,0,,,-1.00,-1.00,-1.00,-1.00,-1.00,-1.00
2024-11-16T05:45:11Z,"0002cc0100000ecc","365462f3e7f93c570a15dd8b0d416e30000000000000ffffffffffffffffffff",2,3.77,,10,21.86,54.32,,5.72,,0,0,0,0,,,,-1.00,-1.00,-1.00,-1.00,-1.00
2024-11-16T05:51:07Z,"0002cc0100000ecc","365462f54bf93c630a15d98acd416306000000000000ffffffffffffffffffff",2,3.77,,10,21.85,54.22,,5.55,,0,0,0,0,,,,-1.00,-1.00,-1.00,-1.00,-1.00
2024-11-16T05:57:03Z,"0002cc0100000ecc","365462f6aff93c570a15d68a5c416e30000000000000ffffffffffffffffffffffff",2,3.77,,10,21.83,54.05,,5.72,,0,0,0,0,,,-1.00,-1.00,-1.00,-1.00,-1.00,-1.00
2024-11-16T06:02:59Z,"0002cc0100000ecc","365462f813f93c570a15c48a0e416e30000000000000ffffffffffffffffffff",2,3.77,,10,21.76,53.93,,5.72,,0,0,0,0,,,,-1.00,-1.00,-1.00,-1.00,-1.00
2024-11-16T06:08:55Z,"0002cc0100000ecc","365462f977f93c570a15c18a04416b55000000000000ffffffffffffffffffff",2,3.77,,10,21.75,53.91,,5.68,,0,0,0,0,,,,-1.00,-1.00,-1.00,-1.00,-1.00
2024-11-16T06:14:51Z,"0002cc0100000ecc","365462fadbf93c570a15b689f841687b000000000000ffffffffffffffffffffffff",2,3.77,,10,21.71,53.89,,5.63,,0,0,0,0,,,-1.00,-1.00,-1.00,-1.00,-1.00,-1.00
2024-11-16T06:20:47Z,"0002cc0100000ecc","365462fc3ff93c5f0a15b989e9416b55000000000000ffffffffffffffffffffffff",2,3.77,,10,21.72,53.87,,5.68,,0,0,0,0,,,-1.00,-1.00,-1.00,-1.00,-1.00,-1.00
2024-11-16T06:26:43Z,"0002cc0100000ecc","365462fda3f93c670a15ad89c5416e30000000000000ffffffffffffffffffff",2,3.78,,10,21.68,53.82,,5.72,,0,0,0,0,,,,-1.00,-1.00,-1.00,-1.00,-1.00
2024-11-16T06:32:39Z,"0002cc0100000ecc","365462ff07f20205000015ad899e416e30000000000000ffffffffffffffffffffffff",2,,2.5.0.0,,21.68,53.76,,5.72,,0,0,0,0,,,-1.00,-1.00,-1.00,-1.00,-1.00,-1.00
2024-11-16T06:38:35Z,"0002cc0100000ecc","365463006bf93c570a15ad8975416b55000000000000ffffffffffffffffffff",2,3.77,,10,21.68,53.69,,5.68,,0,0,0,0,,,,-1.00,-1.00,-1.00,-1.00,-1.00
2024-11-16T06:44:31Z,"0002cc0100000ecc","36546301cff93c570a15bc894b416e6f000000000000ffffffffffffffffffffffff",2,3.77,,10,21.73,53.63,,5.73,,0,0,0,0,,,-1.00,-1.00,-1.00,-1.00,-1.00,-1.00
2024-11-16T06:50:27Z,"0002cc0100000ecc","3654630333f93c570a15c7890941672e000000000000ffffffffffffffffffffffff",2,3.77,,10,21.78,53.53,,5.61,,0,0,0,0,,,-1.00,-1.00,-1.00,-1.00,-1.00,-1.00
2024-11-16T06:56:23Z,"0002cc0100000ecc","3654630497f93c570a15cf88fa416306000000000000ffffffffffffffffffff",2,3.77,,10,21.81,53.51,,5.55,,0,0,0,0,,,,-1.00,-1.00,-1.00,-1.00,-1.00
2024-11-16T07:02:19Z,"0002cc0100000ecc","36546305fbf93c570a15d688b7416ca3000000000000ffffffffffffffffffff",2,3.77,,10,21.83,53.41,,5.70,,0,0,0,0,,,,-1.00,-1.00,-1.00,-1.00,-1.00
2024-11-16T07:08:15Z,"0002cc0100000ecc","365463075ff93c570a15e4889d416ca3000000000000ffffffffffffffffffff",2,3.77,,10,21.89,53.37,,5.70,,0,0,0,0,,,,-1.00,-1.00,-1.00,-1.00,-1.00
2024-11-16T07:14:11Z,"0002cc0100000ecc","36546308c3f93c570a15e18873416b55000000000000deedf401f675ffffffffffff",2,3.77,,10,21.88,53.30,,5.68,,0,0,0,0,,,-1.00,-1.00,-1.00,-0.40,-0.25,-0.05
2024-11-16T07:20:07Z,"0002cc0100000ecc","3654630a27f93c570a15dd884b416b55000000000000fffffffffffffff4d699",2,3.77,,10,21.86,53.24,,5.68,,0,0,0,0,,,,-0.03,-0.99,-1.00,-1.00,-1.00
2024-11-16T07:26:03Z,"0002cc0100000ecc","3654630b8bf93c570a15e187e5416f7d000000000000ffffffffffffffffffffffff",2,3.77,,10,21.88,53.08,,5.74,,0,0,0,0,,,-1.00,-1.00,-1.00,-1.00,-1.00,-1.00
2024-11-16T07:31:59Z,"0002cc0100000ecc","3654630ceff93c570a15e1882441867b000000000000fffffcfaffff7d107d79",2,3.77,,10,21.88,53.18,,6.10,,0,0,0,0,,,,0.68,0.63,-1.00,-0.62,-1.00
2024-11-16T07:37:55Z,"0002cc0100000ecc","3654630e53f93c570a15dd87bb418b21000000000000f7c76584ffffffffffff",2,3.77,,10,21.86,53.02,,6.17,,0,0,0,0,,,,-1.00,-1.00,-1.00,0.09,-0.49
2024-11-16T07:43:51Z,"0002cc0100000ecc","3654630fb7f93c570a15d68731418847000000000000ffffffffffffffffffff",2,3.77,,10,21.83,52.81,,6.13,,0,0,0,0,,,,-1.00,-1.00,-1.00,-1.00,-1.00
2024-11-16T07:49:47Z,"0002cc0100000ecc","365463111bf93c570a15cf872e4186f9000000000000ffffffffffffffffffffffff",2,3.77,,10,21.81,52.81,,6.11,,0,0,0,0,,,-1.00,-1.00,-1.00,-1.00,-1.00,-1.00
2024-11-16T07:55:43Z,"0002cc0100000ecc","365463127ff93c570a15cb872c4186f9000000000000ffffffffffffffffffff",2,3.77,,10,21.79,52.80,,6.11,,0,0,0,0,,,,-1.00,-1.00,-1.00,-1.00,-1.00
2024-11-16T08:01:39Z,"0002cc0100000ecc","36546313e3f93c570a15c4870a4186f9000000000000ffffffffffffffffffff",2,3.77,,10,21.76,52.75,,6.11,,0,0,0,0,,,,-1.00,-1.00,-1.00,-1.00,-1.00
2024-11-16T08:07:35Z,"0002cc0100000ecc","3654631547f93c570a15b987054186f9000000000000ffffffffffffffffffffffff",2,3.77,,10,21.72,52.74,,6.11,,0,0,0,0,,,-1.00,-1.00,-1.00,-1.00,-1.00,-1.00
2024-11-16T08:13:31Z,"0002cc0100000ecc","36546316abf93c570a15bc87284186f9000000000000ffffffffffffffffffff",2,3.77,,10,21.73,52.80,,6.11,,0,0,0,0,,,,-1.00,-1.00,-1.00,-1.00,-1.00
2024-11-16T08:19:27Z,"0002cc0100000ecc","365463180ff93c4e0a15bc870e418847000000000000ffffffffffffffffffff",2,3.77,,10,21.73,52.76,,6.13,,0,0,0,0,,,,-1.00,-1.00,-1.00,-1.00,-1.00
2024-11-16T08:25:23Z,"0002cc0100000ecc","3654631973f93c4e0a15cf86b7418b21000000000000ffffffffffffffffffff",2,3.77,,10,21.81,52.62,,6.17,,0,0,0,0,,,,-1.00,-1.00,-1.00,-1.00,-1.00
2024-11-16T08:31:19Z,"0002cc0100000ecc","3654631ad7f93c4e0a15d6867b418b21000000000000ffffffffffffffffffffffff",2,3.77,,10,21.83,52.53,,6.17,,0,0,0,0,,,-1.00,-1.00,-1.00,-1.00,-1.00,-1.00
2024-11-16T08:37:15Z,"0002cc0100000ecc","3654631c3bf93c570a15d68603418b21000000000000ffffffffffffffffffff",2,3.77,,10,21.83,52.35,,6.17,,0,0,0,0,,,,-1.00,-1.00,-1.00,-1.00,-1.00
2024-11-16T08:43:11Z,"0002cc0100000ecc","3654631d9ff93c570a15d985d3418b21000000000000ffffffffffffffffffff",2,3.77,,10,21.85,52.28,,6.17,,0,0,0,0,,,,-1.00,-1.00,-1.00,-1.00,-1.00
2024-11-16T08:49:07Z,"0002cc0100000ecc","3654631f03f93c570a15dd8587418b21000000000000ffffffffffffffffffffffff",2,3.77,,10,21.86,52.16,,6.17,,0,0,0,0,,,-1.00,-1.00,-1.00,-1.00,-1.00,-1.00
2024-11-16T08:55:03Z,"0002cc0100000ecc","3654632067f93c570a15dd8566418b21000000000000ffffffffffffffffffffffff",2,3.77,,10,21.86,52.11,,6.17,,0,0,0,0,,,-1.00,-1.00,-1.00,-1.00,-1.00,-1.00
2024-11-16T09:00:59Z,"0002cc0100000ecc","36546321cbf93c4e0a15dd86a54186f9000000000000ffffffffffffffffffff",2,3.77,,10,21.86,52.60,,6.11,,0,0,0,0,,,,-1.00,-1.00,-1.00,-1.00,-1.00
2024-11-16T09:06:55Z,"0002cc0100000ecc","365463232ff93c4e0a15d987c2418b21000000000000ffffffffffffffffffff",2,3.77,,10,21.85,53.03,,6.17,,0,0,0,0,,,,-1.00,-1.00,-1.00,-1.00,-1.00
2024-11-16T09:12:51Z,"0002cc0100000ecc","3654632493f93c570a15d687f84186f9000000000000ffffffffffffffffffffffff",2,3.77,,10,21.83,53.11,,6.11,,0,0,0,0,,,-1.00,-1.00,-1.00,-1.00,-1.00,-1.00
2024-11-16T09:18:47Z,"0002cc0100000ecc","36546325f7f93c4e0a15d28807418b21000000000000ffffffffffffffffffff",2,3.77,,10,21.82,53.14,,6.17,,0,0,0,0,,,,-1.00,-1.00,-1.00,-1.00,-1.00
2024-11-16T09:24:43Z,"0002cc0100000ecc","365463275bf93c570a15cf8815418b21000000000000ffffffffffffffffffff",2,3.77,,10,21.81,53.16,,6.17,,0,0,0,0,,,,-1.00,-1.00,-1.00,-1.00,-1.00
2024-11-16T09:30:39Z,"0002cc0100000ecc","36546328bff93c570a15cf87fd418b21000000000000ffffffffffffffffffff",2,3.77,,10,21.81,53.12,,6.17,,0,0,0,0,,,,-1.00,-1.00,-1.00,-1.00,-1.00
2024-11-16T09:36:35Z,"0002cc0100000ecc","3654632a23f93c4e0a15cb87f4418b21000000000000ffffffffffffffffffff",2,3.77,,10,21.79,53.11,,6.17,,0,0,0,0,,,,-1.00,-1.00,-1.00,-1.00,-1.00
2024-11-16T09:42:31Z,"0002cc0100000ecc","3654632b87f93c4e0a15cf88154186f9000000000000ffffffffffffffffffffffff",2,3.77,,10,21.81,53.16,,6.11,,0,0,0,0,,,-1.00,-1.00,-1.00,-1.00,-1.00,-1.00
2024-11-16T09:48:27Z,"0002cc0100000ecc","3654632cebf93c4e0a15c78821418847000000000000ffffffffffffffffffff",2,3.77,,10,21.78,53.18,,6.13,,0,0,0,0,,,,-1.00,-1.00,-1.00,-1.00,-1.00
2024-11-16T09:54:23Z,"0002cc0100000ecc","3654632e4ff93c4e0a15c788a2418b21000000000000ffffffffffffffffffff",2,3.77,,10,21.78,53.37,,6.17,,0,0,0,0,,,,-1.00,-1.00,-1.00,-1.00,-1.00
2024-11-16T10:00:19Z,"0002cc0100000ecc","3654632fb3f93c4e0a15d288bd418847000000000000ffffffffffffffffffff",2,3.77,,10,21.82,53.41,,6.13,,0,0,0,0,,,,-1.00,-1.00,-1.00,-1.00,-1.00
2024-11-16T10:06:15Z,"0002cc0100000ecc","3654633117f93c4e0a15d2888d418847000000000000ffffffffffffffffffffffff",2,3.77,,10,21.82,53.34,,6.13,,0,0,0,0,,,-1.00,-1.00,-1.00,-1.00,-1.00,-1.00
2024-11-16T10:12:11Z,"0002cc0100000ecc","365463327bf93c4e0a15dd883a418b21000000000000ffffffffffffffffffffffff",2,3.77,,10,21.86,53.21,,6.17,,0,0,0,0,,,-1.00,-1.00,-1.00,-1.00,-1.00,-1.00
2024-11-16T10:18:07Z,"0002cc0100000ecc","36546333dff93c4e0a15ec87b8418847000000000000ffffffffffffffffffff",2,3.77,,10,21.92,53.02,,6.13,,0,0,0,0,,,,-1.00,-1.00,-1.00,-1.00,-1.00
2024-11-16T10:24:03Z,"0002cc0100000ecc","3654633543f93c4e0a15f287ac418f49000000000000ffffffffffffffffffffffff",2,3.77,,10,21.95,53.00,,6.24,,0,0,0,0,,,-1.00,-1.00,-1.00,-1.00,-1.00,-1.00
2024-11-16T10:29:59Z,"0002cc0100000ecc","36546336a7f93c4e0a15e88788418847000000000000ffffffffffffffffffff",2,3.77,,10,21.90,52.94,,6.13,,0,0,0,0,,,,-1.00,-1.00,-1.00,-1.00,-1.00
2024-11-16T10:35:55Z,"0002cc0100000ecc","365463380bf20205000015e8877f418c6e000000000000ffffffffffffffffffffffff",2,,2.5.0.0,,21.90,52.93,,6.19,,0,0,0,0,,,-1.00,-1.00,-1.00,-1.00,-1.00,-1.00
2024-11-16T10:41:51Z,"0002cc0100000ecc","365463396ff93c4a0a15e887d04186ba000000000000fffffffffc10fca9ffff",2,3.77,,10,21.90,53.05,,6.11,,0,0,0,0,,,,-1.00,-0.58,-0.51,-1.00,-1.00
2024-11-16T10:47:48Z,"0002cc0100000ecc","3654633ad4f93c4e0a15e88791418994000000000000fcf7ffffffffffffffffffff",2,3.77,,10,21.90,52.96,,6.15,,0,0,0,0,,,-1.00,-1.00,-1.00,-1.00,-1.00,-0.62
2024-11-16T10:53:43Z,"0002cc0100000ecc","3654633c37f93c4e0a15e487fe4186ba000000000000fffffc75fffffecc7632",2,3.77,,10,21.89,53.12,,6.11,,0,0,0,0,,,,0.39,-0.85,-1.00,-0.56,-1.00
2024-11-16T10:59:40Z,"0002cc0100000ecc","3654633d9cf93c4e0a15e487ee418994000000000000ffffffffffffffffffffffff",2,3.77,,10,21.89,53.10,,6.15,,0,0,0,0,,,-1.00,-1.00,-1.00,-1.00,-1.00,-1.00
2024-11-16T11:05:36Z,"0002cc0100000ecc","3654633f00f93c4e0a15d687ef418994000000000000ffffffffffffffffffff",2,3.77,,10,21.83,53.10,,6.15,,0,0,0,0,,,,-1.00,-1.00,-1.00,-1.00,-1.00
2024-11-16T11:11:31Z,"0002cc0100000ecc","3654634063f93c4e0a15d287ce418ae2000000000000ffffffffffffffffffff",2,3.77,,10,21.82,53.05,,6.17,,0,0,0,0,,,,-1.00,-1.00,-1.00,-1.00,-1.00
2024-11-16T11:17:28Z,"0002cc0100000ecc","36546341c8f93c4a0a15d28846418808000000000000ff55f597ffffffffffffffff",2,3.77,,10,21.82,53.23,,6.13,,0,0,0,0,,,-1.00,-1.00,-1.00,-1.00,-0.35,-0.92
2024-11-16T11:23:24Z,"0002cc0100000ecc","365463432cf93c4a0a15d28885418808000000000000ffffffffffffffffffff",2,3.77,,10,21.82,53.33,,6.13,,0,0,0,0,,,,-1.00,-1.00,-1.00,-1.00,-1.00
2024-11-16T11:29:20Z,"0002cc0100000ecc","3654634490f93c4a0a15d28825418dfb000000000000e41d7685efb2ffffffff",2,3.77,,10,21.82,53.18,,6.22,,0,0,0,0,,,,-1.00,-1.00,-0.24,0.41,-0.06
2024-11-16T11:35:16Z,"0002cc0100000ecc","36546345f4f93c4a0a15cf8845418cad000000000000ffffffffffffffffffff",2,3.77,,10,21.81,53.23,,6.20,,0,0,0,0,,,,-1.00,-1.00,-1.00,-1.00,-1.00
2024-11-16T11:41:12Z,"0002cc0100000ecc","3654634758f93c4e0a15d68840418cad000000000000ffffffffffffffffffff",2,3.77,,10,21.83,53.22,,6.20,,0,0,0,0,,,,-1.00,-1.00,-1.00,-1.00,-1.00
2024-11-16T11:47:08Z,"0002cc0100000ecc","36546348bcf93c4e0a15e18843418dfb000000000000ffffffffffffffffffffffff",2,3.77,,10,21.88,53.23,,6.22,,0,0,0,0,,,-1.00,-1.00,-1.00,-1.00,-1.00,-1.00
2024-11-16T11:53:04Z,"0002cc0100000ecc","3654634a20f93c5b0a15e4882d418dfb000000000000ffffffffffffffffffff",2,3.77,,10,21.89,53.19,,6.22,,0,0,0,0,,,,-1.00,-1.00,-1.00,-1.00,-1.00
2024-11-16T11:59:00Z,"0002cc0100000ecc","3654634b84f93c4e0a15e8880f418f88000000000000ffffffffffffffffffff",2,3.77,,10,21.90,53.15,,6.24,,0,0,0,0,,,,-1.00,-1.00,-1.00,-1.00,-1.00
2024-11-16T12:04:56Z,"0002cc0100000ecc","3654634ce8f93c4a0a15ec87b8418dfb000000000000ffffffffffffffffffffffff",2,3.77,,10,21.92,53.02,,6.22,,0,0,0,0,,,-1.00,-1.00,-1.00,-1.00,-1.00,-1.00
2024-11-16T12:10:52Z,"0002cc0100000ecc","3654634e4cf93c4a0a15ec87804190d5000000000000ffffffffffffffffffff",2,3.77,,10,21.92,52.93,,6.26,,0,0,0,0,,,,-1.00,-1.00,-1.00,-1.00,-1.00
2024-11-16T12:16:48Z,"0002cc0100000ecc","3654634fb0f93c4a0a15e88740418dfb000000000000ffffffffffffffffffff",2,3.77,,10,21.90,52.83,,6.22,,0,0,0,0,,,,-1.00,-1.00,-1.00,-1.00,-1.00
2024-11-16T12:22:44Z,"0002cc0100000ecc","3654635114f93c4a0a15ec87194190d5000000000000ffffffffffffffffffff",2,3.77,,10,21.92,52.77,,6.26,,0,0,0,0,,,,-1.00,-1.00,-1.00,-1.00,-1.00
2024-11-16T12:28:40Z,"0002cc0100000ecc","3654635278f93c4a0a15e88717418cad000000000000ffffffffffffffffffff",2,3.77,,10,21.90,52.77,,6.20,,0,0,0,0,,,,-1.00,-1.00,-1.00,-1.00,-1.00
2024-11-16T12:34:36Z,"0002cc0100000ecc","36546353dcf93c4e0a15e88770418dfb000000000000ffffffffffffffffffff",2,3.77,,10,21.90,52.91,,6.22,,0,0,0,0,,,,-1.00,-1.00,-1.00,-1.00,-1.00
2024-11-16T12:40:32Z,"0002cc0100000ecc","3654635540f93c4e0a15e4873e418dfb000000000000ffffffffffffffffffff",2,3.77,,10,21.89,52.83,,6.22,,0,0,0,0,,,,-1.00,-1.00,-1.00,-1.00,-1.00
2024-11-16T12:46:28Z,"0002cc0100000ecc","36546356a4f93c4a0a15e487a64193af000000000000fffffff3ffffffffffff",2,3.77,,10,21.89,52.99,,6.31,,0,0,0,0,,,,-1.00,-1.00,-1.00,-0.99,-1.00
2024-11-16T12:52:24Z,"0002cc0100000ecc","3654635808f93c5b0a15e1882b418dfb000000000000ffffffffffffffffffffffff",2,3.77,,10,21.88,53.19,,6.22,,0,0,0,0,,,-1.00,-1.00,-1.00,-1.00,-1.00,-1.00
2024-11-16T12:58:20Z,"0002cc0100000ecc","365463596cf93c520a15e888f6418f49000000000000fffffffffffffffffdad",2,3.77,,10,21.90,53.50,,6.24,,0,0,0,0,,,,-0.71,-1.00,-1.00,-1.00,-1.00
2024-11-16T13:04:16Z,"0002cc0100000ecc","3654635ad0f93c4a0a15ec89ad418c6e000000000000ffffffffffffffa9fc13ffff",2,3.77,,10,21.92,53.78,,6.19,,0,0,0,0,,,-1.00,-0.51,-0.96,-1.00,-1.00,-1.00
2024-11-16T13:10:12Z,"0002cc0100000ecc","3654635c34f93c520a15e88a3b418b21000000000000ffffffffffffffffffff",2,3.77,,10,21.90,54.00,,6.17,,0,0,0,0,,,,-1.00,-1.00,-1.00,-1.00,-1.00
2024-11-16T13:16:08Z,"0002cc0100000ecc","3654635d98f93c4a0a15ec8a8e418b21000000000000ffffff90ffffffffffff",2,3.77,,10,21.92,54.12,,6.17,,0,0,0,0,,,,-1.00,-1.00,-1.00,-0.95,-1.00
2024-11-16T13:22:04Z,"0002cc0100000ecc","3654635efcf93c4a0a15fa8b494190d5000000000000ffffffffffffffffffff",2,3.77,,10,21.97,54.41,,6.26,,0,0,0,0,,,,-1.00,-1.00,-1.00,-1.00,-1.00
2024-11-16T13:28:00Z,"0002cc0100000ecc","3654636060f93c4a0a15f78b90419370000000000000ffffffffffffffffffffff2d",2,3.77,,10,21.96,54.52,,6.30,,0,0,0,0,,,-0.90,-1.00,-1.00,-1.00,-1.00,-1.00
2024-11-16T13:33:56Z,"0002cc0100000ecc","36546361c4f93c4a0a15f78c3f418c6e000000000000ffffffffffffff32ffff",2,3.77,,10,21.96,54.78,,6.19,,0,0,0,0,,,,-1.00,-0.90,-1.00,-1.00,-1.00
2024-11-16T13:39:52Z,"0002cc0100000ecc","3654636328f93c4a0a16058d5b418b21000000000000ffffffffffffffffedd1e707",2,3.77,,10,22.02,55.22,,6.17,,0,0,0,0,,,-0.11,-0.18,-1.00,-1.00,-1.00,-1.00
2024-11-16T13:45:48Z,"0002cc0100000ecc","365463648cf93c420a16058d6b418f49000000000000ffffff2effffffffffff",2,3.77,,10,22.02,55.24,,6.24,,0,0,0,0,,,,-1.00,-1.00,-1.00,-0.90,-1.00
2024-11-16T13:51:44Z,"0002cc0100000ecc","36546365f0f93c4a0a16058de2418dbc000000000000fffffdb9ffffffffffff",2,3.77,,10,22.02,55.42,,6.21,,0,0,0,0,,,,-1.00,-1.00,-1.00,-0.72,-1.00
2024-11-16T13:57:40Z,"0002cc0100000ecc","3654636754f93c4a0a16058e81418f49000000000000ffffffffffffffffffffffff",2,3.77,,10,22.02,55.67,,6.24,,0,0,0,0,,,-1.00,-1.00,-1.00,-1.00,-1.00,-1.00
2024-11-16T14:03:36Z,"0002cc0100000ecc","36546368b8f93c4a0a160c8ed5418994000000000000ffffffffffffff0fffff",2,3.77,,10,22.04,55.79,,6.15,,0,0,0,0,,,,-1.00,-0.88,-1.00,-1.00,-1.00
2024-11-16T14:09:32Z,"0002cc0100000ecc","3654636a1cf93c4a0a160c8dc5418dbc000000000000fffffffffffffde4ffff",2,3.77,,10,22.04,55.38,,6.21,,0,0,0,0,,,,-1.00,-0.74,-1.00,-1.00,-1.00
2024-11-16T14:15:28Z,"0002cc0100000ecc","3654636b80f93c420a160c8d8e392ed0000000000000fc317ddd74d07c6c6c506742",2,3.77,,10,22.04,55.30,,0.02,,0,0,0,0,,,0.11,0.13,0.55,0.30,0.73,-0.52
2024-11-16T14:21:24Z,"0002cc0100000ecc","3654636ce4f93c4a0a16178d2b392ed00000000000007e6b7e2077f37485762f",2,3.77,,10,22.09,55.14,,0.02,,0,0,0,0,,,,0.39,0.28,0.50,0.77,0.80
2024-11-16T14:27:20Z,"0002cc0100000ecc","3654636e48f93c420a161a8d04392ed00000000000007db87d7c7dac7d817cbe",2,3.77,,10,22.10,55.09,,0.02,,0,0,0,0,,,,0.59,0.69,0.71,0.69,0.71
2024-11-16T14:33:17Z,"0002cc0100000ecc","3654636fadf93c420a16228d6e392ed00000000000007570e5f756a7773e7e177cef",2,3.77,,10,22.13,55.25,,0.02,,0,0,0,0,,,0.62,0.76,0.45,0.03,-0.09,0.34
2024-11-16T14:39:13Z,"0002cc0100000ecc","3654637111f20205000016228cb00000000000000000007ce77d0f7d517d526d86",2,,2.5.0.0,,22.13,54.96,,0.00,,0,0,0,0,,,,0.17,0.67,0.66,0.63,0.61
2024-11-16T14:45:09Z,"0002cc0100000ecc","3654637275f93c420a16228cc0392ed0000000000000ec6e7e1b7e037dd67e787e4a",2,3.77,,10,22.13,54.98,,0.02,,0,0,0,0,,,0.79,0.81,0.73,0.75,0.76,-0.14
2024-11-16T14:51:05Z,"0002cc0100000ecc","36546373d9f93c420a161e8cb60000000000000000007720ef567e4e7d7c7dde",2,3.77,,10,22.11,54.97,,0.00,,0,0,0,0,,,,0.73,0.69,0.79,-0.23,0.45
2024-11-16T14:57:01Z,"0002cc0100000ecc","365463753df93c420a16258c710000000000000000007dca7e987e627e217d9c",2,3.77,,10,22.14,54.86,,0.00,,0,0,0,0,,,,0.70,0.77,0.80,0.82,0.72
2024-11-16T15:02:57Z,"0002cc0100000ecc","36546376a1f93c420a161e8d1d000000000000000000de6af4b5749c7e817db47d27",2,3.77,,10,22.11,55.12,,0.00,,0,0,0,0,,,0.64,0.71,0.81,0.29,-0.29,-0.05
2024-11-16T15:08:53Z,"0002cc0100000ecc","3654637805f93c420a161a8ba50000000000000000007dff5755f5337dc37dd2",2,3.77,,10,22.10,54.55,,0.00,,0,0,0,0,,,,0.73,0.72,-0.32,0.03,0.75
2024-11-16T15:14:49Z,"0002cc0100000ecc","3654637969f93c420a161e892a0000000000000000007d527df67d937de77c67",2,3.77,,10,22.11,53.58,,0.00,,0,0,0,0,,,,0.55,0.74,0.70,0.74,0.67
2024-11-16T15:20:46Z,"0002cc0100000ecc","3654637acef93c420a16178812392ed0000000000000fd727d407db07ddeec896d46",2,3.77,,10,22.09,53.15,,0.02,,0,0,0,0,,,0.16,-0.14,0.73,0.71,0.66,-0.68
2024-11-16T15:26:41Z,"0002cc0100000ecc","3654637c31f93c4e0a160f875f392ed00000000000007e527e0b7e477dec7deb",2,3.77,,10,22.06,52.88,,0.02,,0,0,0,0,,,,0.74,0.74,0.78,0.76,0.79
2024-11-16T15:32:38Z,"0002cc0100000ecc","3654637d96f93c420a160c870e0000000000000000007e897d957c2d740c7d8d7cfc",2,3.77,,10,22.04,52.76,,0.00,,0,0,0,0,,,0.62,0.69,0.25,0.52,0.70,0.82
2024-11-16T15:38:34Z,"0002cc0100000ecc","3654637efaf93c420a160186c3392ed00000000000007cfe7e1a7497fd917dc0",2,3.77,,10,22.00,52.64,,0.02,,0,0,0,0,,,,0.72,-0.70,0.29,0.76,0.62
2024-11-16T15:44:30Z,"0002cc0100000ecc","365463805ef93c3e0a15fd86920000000000000000007d667da57db37ce77e8e7cf2",2,3.77,,10,21.99,52.57,,0.00,,0,0,0,0,,,0.62,0.82,0.61,0.71,0.71,0.67
2024-11-16T15:50:26Z,"0002cc0100000ecc","36546381c2f93c420a15f2862d0000000000000000006751f74bfd6b7d737df8",2,3.77,,10,21.95,52.41,,0.00,,0,0,0,0,,,,0.75,0.68,-0.68,-0.46,0.11
2024-11-16T15:56:22Z,"0002cc0100000ecc","3654638326f93c320a15ef88610000000000000000007d427d657d7a7d6e7c7a",2,3.76,,10,21.93,53.27,,0.00,,0,0,0,0,,,,0.56,0.68,0.68,0.67,0.66
2024-11-16T16:02:18Z,"0002cc0100000ecc","365463848af93c460a15ef89c8000000000000000000f6967e6d7ec36fa5f662ffef",2,3.77,,10,21.93,53.82,,0.00,,0,0,0,0,,,-0.99,-0.40,0.24,0.85,0.80,-0.41
2024-11-16T16:08:14Z,"0002cc0100000ecc","36546385eef93c3e0a15ef8aa6000000000000000000ffffffd4f6907d5c7d92",2,3.77,,10,21.93,54.16,,0.00,,0,0,0,0,,,,0.70,0.67,-0.41,-0.98,-1.00
2024-11-16T16:14:10Z,"0002cc0100000ecc","3654638752d93c3e0a15ef8a1f0000000000006cf8fe59fd9e748a7d1477e9",2,3.77,,10,21.93,53.95,,,,0,0,0,0,,,0.49,0.63,0.28,-0.70,-0.79,0.16
2024-11-16T16:20:06Z,"0002cc0100000ecc","36546388b6f93c3e0a15dd8a0e000000000000000000f696ffffffffffffffffffff",2,3.77,,10,21.86,53.93,,0.00,,0,0,0,0,,,-1.00,-1.00,-1.00,-1.00,-1.00,-0.41
2024-11-16T16:26:02Z,"0002cc0100000ecc","3654638a1af93c3e0a15d68a64000000000000000000ffffffffffffffffffff",2,3.77,,10,21.83,54.06,,0.00,,0,0,0,0,,,,-1.00,-1.00,-1.00,-1.00,-1.00
2024-11-16T16:31:58Z,"0002cc0100000ecc","3654638b7ef93c420a15c489c5000000000000000000ffffffffffffffffffffffff",2,3.77,,10,21.76,53.82,,0.00,,0,0,0,0,,,-1.00,-1.00,-1.00,-1.00,-1.00,-1.00
2024-11-16T16:37:54Z,"0002cc0100000ecc","3654638ce2f93c3e0a15b68852000000000000000000ffffffffffffffffffffffff",2,3.77,,10,21.71,53.25,,0.00,,0,0,0,0,,,-1.00,-1.00,-1.00,-1.00,-1.00,-1.00
2024-11-16T16:43:50Z,"0002cc0100000ecc","3654638e46f93c420a15a289a8000000000000000000ffffffffffffffffffff",2,3.77,,10,21.63,53.77,,0.00,,0,0,0,0,,,,-1.00,-1.00,-1.00,-1.00,-1.00
2024-11-16T16:49:46Z,"0002cc0100000ecc","3654638faaf93c3e0a15918a0a000000000000000000ffffffffffffffffffffffff",2,3.77,,10,21.56,53.92,,0.00,,0,0,0,0,,,-1.00,-1.00,-1.00,-1.00,-1.00,-1.00
2024-11-16T16:55:42Z,"0002cc0100000ecc","365463910ef93c3e0a1582896c000000000000000000ffffffffffffffffffff",2,3.77,,10,21.51,53.68,,0.00,,0,0,0,0,,,,-1.00,-1.00,-1.00,-1.00,-1.00
2024-11-16T17:01:38Z,"0002cc0100000ecc","3654639272f93c420a157b88d9000000000000000000ffffffffffffffffffff",2,3.77,,10,21.48,53.46,,0.00,,0,0,0,0,,,,-1.00,-1.00,-1.00,-1.00,-1.00
2024-11-16T17:07:34Z,"0002cc0100000ecc","36546393d6f93c3e0a157f8b39000000000000000000ffffffffffffffffffffffff",2,3.77,,10,21.49,54.38,,0.00,,0,0,0,0,,,-1.00,-1.00,-1.00,-1.00,-1.00,-1.00
2024-11-16T17:13:30Z,"0002cc0100000ecc","365463953af93c3e0a15828c18000000000000000000ffffffffffffffffffff",2,3.77,,10,21.51,54.72,,0.00,,0,0,0,0,,,,-1.00,-1.00,-1.00,-1.00,-1.00
2024-11-16T17:19:26Z,"0002cc0100000ecc","365463969ef93c3e0a15868c1a000000000000000000ffffffffffffffffffffffff",2,3.77,,10,21.52,54.73,,0.00,,0,0,0,0,,,-1.00,-1.00,-1.00,-1.00,-1.00,-1.00
2024-11-16T17:25:22Z,"0002cc0100000ecc","3654639802f93c3e0a15868a7c000000000000000000ffffffffffffffffffff",2,3.77,,10,21.52,54.10,,0.00,,0,0,0,0,,,,-1.00,-1.00,-1.00,-1.00,-1.00
2024-11-16T17:31:18Z,"0002cc0100000ecc","3654639966f93c3e0a15828c57000000000000000000ffffffffffffffffffffffff",2,3.77,,10,21.51,54.82,,0.00,,0,0,0,0,,,-1.00,-1.00,-1.00,-1.00,-1.00,-1.00
2024-11-16T17:37:14Z,"0002cc0100000ecc","3654639acaf93c3e0a158d8b64000000000000000000ffffffffffffffffffff",2,3.77,,10,21.55,54.45,,0.00,,0,0,0,0,,,,-1.00,-1.00,-1.00,-1.00,-1.00
2024-11-16T17:43:10Z,"0002cc0100000ecc","3654639c2ef93c3e0a15828ada000000000000000000ffffffffffffffffffff",2,3.77,,10,21.51,54.24,,0.00,,0,0,0,0,,,,-1.00,-1.00,-1.00,-1.00,-1.00
2024-11-16T17:49:06Z,"0002cc0100000ecc","3654639d92f93c3e0a157b8bc4000000000000000000ffffffffffffffffffffffff",2,3.77,,10,21.48,54.60,,0.00,,0,0,0,0,,,-1.00,-1.00,-1.00,-1.00,-1.00,-1.00
2024-11-16T17:55:02Z,"0002cc0100000ecc","3654639ef6f93c3e0a15748b22000000000000000000ffffffffffffffffffff",2,3.77,,10,21.45,54.35,,0.00,,0,0,0,0,,,,-1.00,-1.00,-1.00,-1.00,-1.00
2024-11-16T18:00:58Z,"0002cc0100000ecc","365463a05af93c3e0a156c8af1000000000000000000ffffffffffffffffffff",2,3.77,,10,21.42,54.27,,0.00,,0,0,0,0,,,,-1.00,-1.00,-1.00,-1.00,-1.00
2024-11-16T18:06:54Z,"0002cc0100000ecc","365463a1bef93c460a15778b15000000000000000000ffffffffffffffffffff",2,3.77,,10,21.46,54.33,,0.00,,0,0,0,0,,,,-1.00,-1.00,-1.00,-1.00,-1.00
2024-11-16T18:12:50Z,"0002cc0100000ecc","365463a322f93c3e0a157b8d0a000000000000000000ffffffffffffffff4e37",2,3.77,,10,21.48,55.09,,0.00,,0,0,0,0,,,,0.01,-1.00,-1.00,-1.00,-1.00
2024-11-16T18:18:47Z,"0002cc0100000ecc","365463a487f93c3e0a15918daa0000000000000000007e067d6e7d487d6b7dee7df2",2,3.77,,10,21.56,55.34,,0.00,,0,0,0,0,,,0.74,0.74,0.68,0.66,0.68,0.75
2024-11-16T18:24:42Z,"0002cc0100000ecc","365463a5eaf93c3e0a15a28d290000000000000000007e2e7d5df4dcf5d6dd26",2,3.77,,10,21.63,55.14,,0.00,,0,0,0,0,,,,-0.04,-0.36,-0.30,0.67,0.77
2024-11-16T18:30:39Z,"0002cc0100000ecc","365463a74ff93c320a15aa8c9f0000000000000000007dc97e2df735ffffffffffff",2,3.76,,10,21.66,54.93,,0.00,,0,0,0,0,,,-1.00,-1.00,-1.00,-0.45,0.77,0.72
2024-11-16T18:36:35Z,"0002cc0100000ecc","365463a8b3f93c360a15a78c2f000000000000000000ffb8fe10ffffffffffad",2,3.76,,10,21.65,54.76,,0.00,,0,0,0,0,,,,-0.96,-1.00,-1.00,-0.76,-0.96
2024-11-16T18:42:31Z,"0002cc0100000ecc","365463aa17f202050000159f8c5300000000000000000074cc7d286dddef76f7d2",2,,2.5.0.0,,21.62,54.81,,0.00,,0,0,0,0,,,,-0.49,-0.23,0.18,0.64,0.30
2024-11-16T18:48:27Z,"0002cc0100000ecc","365463ab7bf93c360a15948aaa0000000000000000005d06fd2af739d68ffea5",2,3.76,,10,21.58,54.17,,0.00,,0,0,0,0,,,,-0.83,-0.03,-0.45,-0.65,0.04
2024-11-16T18:54:23Z,"0002cc0100000ecc","365463acdff93c360a15868a14000000000000000000ffffffffffffffffffffffff",2,3.76,,10,21.52,53.94,,0.00,,0,0,0,0,,,-1.00,-1.00,-1.00,-1.00,-1.00,-1.00
2024-11-16T19:00:19Z,"0002cc0100000ecc","365463ae43f93c3e0a15748a3d000000000000000000ffffffffffffffffffff",2,3.77,,10,21.45,54.00,,0.00,,0,0,0,0,,,,-1.00,-1.00,-1.00,-1.00,-1.00
2024-11-16T19:06:15Z,"0002cc0100000ecc","365463afa7f93c360a156c8a79000000000000000000ffffffffffffffffffff",2,3.76,,10,21.42,54.09,,0.00,,0,0,0,0,,,,-1.00,-1.00,-1.00,-1.00,-1.00
2024-11-16T19:12:11Z,"0002cc0100000ecc","365463b10bf93c360a15668b3d000000000000000000ffffffffffffffffffffffff",2,3.76,,10,21.40,54.39,,0.00,,0,0,0,0,,,-1.00,-1.00,-1.00,-1.00,-1.00,-1.00
2024-11-16T19:18:07Z,"0002cc0100000ecc","365463b26ff93c360a15668b75000000000000000000ffffffffffffffffffff",2,3.76,,10,21.40,54.48,,0.00,,0,0,0,0,,,,-1.00,-1.00,-1.00,-1.00,-1.00
2024-11-16T19:24:03Z,"0002cc0100000ecc","365463b3d3f93c3e0a15668c92000000000000000000ffffffffffffffffffff",2,3.77,,10,21.40,54.91,,0.00,,0,0,0,0,,,,-1.00,-1.00,-1.00,-1.00,-1.00
2024-11-16T19:29:59Z,"0002cc0100000ecc","365463b537f93c360a15628caa000000000000000000ffffffffffffffffffffffff",2,3.76,,10,21.38,54.95,,0.00,,0,0,0,0,,,-1.00,-1.00,-1.00,-1.00,-1.00,-1.00
2024-11-16T19:35:55Z,"0002cc0100000ecc","365463b69bf93c360a15628d10000000000000000000ffffffffffffffffffff",2,3.76,,10,21.38,55.10,,0.00,,0,0,0,0,,,,-1.00,-1.00,-1.00,-1.00,-1.00
2024-11-16T19:41:51Z,"0002cc0100000ecc","365463b7fff93c360a15578af8000000000000000000ffffffffffffffffffff",2,3.76,,10,21.34,54.29,,0.00,,0,0,0,0,,,,-1.00,-1.00,-1.00,-1.00,-1.00
2024-11-16T19:47:47Z,"0002cc0100000ecc","365463b963f93c360a15578ba6000000000000000000ffffffffffffffffffffffff",2,3.76,,10,21.34,54.55,,0.00,,0,0,0,0,,,-1.00,-1.00,-1.00,-1.00,-1.00,-1.00
2024-11-16T19:53:43Z,"0002cc0100000ecc","365463bac7f93c360a154c8b9a000000000000000000ffffffffffffffffffff",2,3.76,,10,21.30,54.53,,0.00,,0,0,0,0,,,,-1.00,-1.00,-1.00,-1.00,-1.00
2024-11-16T19:59:39Z,"0002cc0100000ecc","365463bc2bf93c3e0a154c8b03000000000000000000ffffffffffffffffffff",2,3.77,,10,21.30,54.30,,0.00,,0,0,0,0,,,,-1.00,-1.00,-1.00,-1.00,-1.00
2024-11-16T20:05:35Z,"0002cc0100000ecc","365463bd8ff93c360a15498cfe000000000000000000ffffffffffffffffffffffff",2,3.76,,10,21.28,55.08,,0.00,,0,0,0,0,,,-1.00,-1.00,-1.00,-1.00,-1.00,-1.00
2024-11-16T20:11:31Z,"0002cc0100000ecc","365463bef3f93c360a15508c51000000000000000000ffffffffffffffffffff",2,3.76,,10,21.31,54.81,,0.00,,0,0,0,0,,,,-1.00,-1.00,-1.00,-1.00,-1.00
2024-11-16T20:17:27Z,"0002cc0100000ecc","365463c057f93c3e0a154c8b13000000000000000000ffffffffffffffffffffffff",2,3.77,,10,21.30,54.33,,0.00,,0,0,0,0,,,-1.00,-1.00,-1.00,-1.00,-1.00,-1.00
2024-11-16T20:23:23Z,"0002cc0100000ecc","365463c1bbf93c360a155b8c1e000000000000000000ffffffffffffffffffff",2,3.76,,10,21.35,54.73,,0.00,,0,0,0,0,,,,-1.00,-1.00,-1.00,-1.00,-1.00
2024-11-16T20:29:19Z,"0002cc0100000ecc","365463c31ff93c360a15578c6e000000000000000000ffffffffffffffffffff",2,3.76,,10,21.34,54.86,,0.00,,0,0,0,0,,,,-1.00,-1.00,-1.00,-1.00,-1.00
2024-11-16T20:35:15Z,"0002cc0100000ecc","365463c483f93c3e0a15578c7d000000000000000000ffffffffffffffffffff",2,3.77,,10,21.34,54.88,,0.00,,0,0,0,0,,,,-1.00,-1.00,-1.00,-1.00,-1.00
2024-11-16T20:41:11Z,"0002cc0100000ecc","365463c5e7d93c360a155b8c8d000000000000ffffffffffffffffffff",2,3.76,,10,21.35,54.90,,,,0,0,0,0,,,,-1.00,-1.00,-1.00,-1.00,-1.00
2024-11-16T20:47:07Z,"0002cc0100000ecc","365463c74bf93c360a15628cd8000000000000000000ffffffffffffffffffffffff",2,3.76,,10,21.38,55.02,,0.00,,0,0,0,0,,,-1.00,-1.00,-1.00,-1.00,-1.00,-1.00
2024-11-16T20:53:03Z,"0002cc0100000ecc","365463c8aff93c360a155e8c8f000000000000000000ffffffffffffffffffff",2,3.76,,10,21.37,54.91,,0.00,,0,0,0,0,,,,-1.00,-1.00,-1.00,-1.00,-1.00
2024-11-16T20:58:59Z,"0002cc0100000ecc","365463ca13f93c360a155b8c6f000000000000000000ffffffffffffffffffff",2,3.76,,10,21.35,54.86,,0.00,,0,0,0,0,,,,-1.00,-1.00,-1.00,-1.00,-1.00
2024-11-16T21:04:55Z,"0002cc0100000ecc","365463cb77f93c2e0a155e8be8000000000000000000ffffffffffffffffffff",2,3.76,,10,21.37,54.65,,0.00,,0,0,0,0,,,,-1.00,-1.00,-1.00,-1.00,-1.00
2024-11-16T21:10:51Z,"0002cc0100000ecc","365463ccdbf93c360a15578c2d000000000000000000ffffffffffffffffffffffff",2,3.76,,10,21.34,54.76,,0.00,,0,0,0,0,,,-1.00,-1.00,-1.00,-1.00,-1.00,-1.00
2024-11-16T21:16:47Z,"0002cc0100000ecc","365463ce3ff93c3a0a15698cfb392ed00000000000007d3a7d727cd37e3d7d30",2,3.76,,10,21.41,55.07,,0.02,,0,0,0,0,,,,0.65,0.78,0.60,0.68,0.65
2024-11-16T21:22:43Z,"0002cc0100000ecc","365463cfa3f93c3a0a157b8c240000000000000000007dfb7e627e907e927e84",2,3.76,,10,21.48,54.74,,0.00,,0,0,0,0,,,,0.81,0.82,0.82,0.80,0.75
2024-11-16T21:28:39Z,"0002cc0100000ecc","365463d107f93c2e0a15828ba90000000000000000007d967d0adc5aedb26c8dffff",2,3.76,,10,21.51,54.56,,0.00,,0,0,0,0,,,-1.00,0.14,-0.18,-0.03,0.63,0.70
2024-11-16T21:34:35Z,"0002cc0100000ecc","365463d26bf93c2e0a15828c36392ed0000000000000ffffffffffffffff6c2c",2,3.76,,10,21.51,54.77,,0.02,,0,0,0,0,,,,0.13,-1.00,-1.00,-1.00,-1.00
2024-11-16T21:40:32Z,"0002cc0100000ecc","365463d3d0f93c360a15778c0b0000000000000000007415ffb8ffffffffffff",2,3.76,,10,21.46,54.71,,0.00,,0,0,0,0,,,,-1.00,-1.00,-1.00,-0.96,0.26
2024-11-16T21:46:27Z,"0002cc0100000ecc","365463d533f93c360a15748c98000000000000000000ffffffffffffffffffff",2,3.76,,10,21.45,54.92,,0.00,,0,0,0,0,,,,-1.00,-1.00,-1.00,-1.00,-1.00
2024-11-16T21:52:24Z,"0002cc0100000ecc","365463d698f93c2e0a15778cba000000000000000000ffffffffffffffffffffffff",2,3.76,,10,21.46,54.97,,0.00,,0,0,0,0,,,-1.00,-1.00,-1.00,-1.00,-1.00,-1.00
2024-11-16T21:58:19Z,"0002cc0100000ecc","365463d7fbf93c2e0a15718d35000000000000000000ffffffffffffffffffff",2,3.76,,10,21.44,55.16,,0.00,,0,0,0,0,,,,-1.00,-1.00,-1.00,-1.00,-1.00
2024-11-16T22:04:16Z,"0002cc0100000ecc","365463d960f93c3a0a15748d50000000000000000000ffffffffffffffffffffffff",2,3.76,,10,21.45,55.20,,0.00,,0,0,0,0,,,-1.00,-1.00,-1.00,-1.00,-1.00,-1.00
2024-11-16T22:10:12Z,"0002cc0100000ecc","365463dac4f93c3a0a15718d8e000000000000000000ffffffffffffffffffff",2,3.76,,10,21.44,55.30,,0.00,,0,0,0,0,,,,-1.00,-1.00,-1.00,-1.00,-1.00
2024-11-16T22:16:08Z,"0002cc0100000ecc","365463dc28f93c2e0a15718e1b000000000000000000ffffffffffffffffffff",2,3.76,,10,21.44,55.51,,0.00,,0,0,0,0,,,,-1.00,-1.00,-1.00,-1.00,-1.00
2024-11-16T22:22:04Z,"0002cc0100000ecc","365463dd8cf93c2e0a15718e43000000000000000000ffffffffffffffffffff",2,3.76,,10,21.44,55.57,,0.00,,0,0,0,0,,,,-1.00,-1.00,-1.00,-1.00,-1.00
2024-11-16T22:27:59Z,"0002cc0100000ecc","365463deeff93c2e0a15718e8b000000000000000000ffffffffffffffffffff",2,3.76,,10,21.44,55.68,,0.00,,0,0,0,0,,,,-1.00,-1.00,-1.00,-1.00,-1.00
2024-11-16T22:33:55Z,"0002cc0100000ecc","365463e053f93c2e0a15748ea5000000000000000000ffffffffffffffffffff",2,3.76,,10,21.45,55.72,,0.00,,0,0,0,0,,,,-1.00,-1.00,-1.00,-1.00,-1.00
2024-11-16T22:39:51Z,"0002cc0100000ecc","365463e1b7f93c2e0a156c8f09000000000000000000ffffffffffffffffffff",2,3.76,,10,21.42,55.87,,0.00,,0,0,0,0,,,,-1.00,-1.00,-1.00,-1.00,-1.00
2024-11-16T22:45:47Z,"0002cc0100000ecc","365463e31bf202050000156c8f27000000000000000000ffffffffffffffffffffffff",2,,2.5.0.0,,21.42,55.92,,0.00,,0,0,0,0,,,-1.00,-1.00,-1.00,-1.00,-1.00,-1.00
2024-11-16T22:51:43Z,"0002cc0100000ecc","365463e47ff93c2e0a15698f3f000000000000000000ffffffffffffffffffff",2,3.76,,10,21.41,55.96,,0.00,,0,0,0,0,,,,-1.00,-1.00,-1.00,-1.00,-1.00
2024-11-16T22:57:39Z,"0002cc0100000ecc","365463e5e3f93c290a15628f63000000000000000000ffffffffffffffffffff",2,3.76,,10,21.38,56.01,,0.00,,0,0,0,0,,,,-1.00,-1.00,-1.00,-1.00,-1.00
2024-11-16T23:03:35Z,"0002cc0100000ecc","365463e747f93c3a0a155e8f51000000000000000000ffffffffffffffffffff",2,3.76,,10,21.37,55.98,,0.00,,0,0,0,0,,,,-1.00,-1.00,-1.00,-1.00,-1.00
2024-11-16T23:09:32Z,"0002cc0100000ecc","365463e8acf93c2e0a155b8f78000000000000000000ffffffffffffffffffffffff",2,3.76,,10,21.35,56.04,,0.00,,0,0,0,0,,,-1.00,-1.00,-1.00,-1.00,-1.00,-1.00
2024-11-16T23:15:27Z,"0002cc0100000ecc","365463ea0ff93c3a0a155e8fa2000000000000000000ffffffffffffffffffff",2,3.76,,10,21.37,56.11,,0.00,,0,0,0,0,,,,-1.00,-1.00,-1.00,-1.00,-1.00
2024-11-16T23:21:24Z,"0002cc0100000ecc","365463eb74f93c2e0a155e8fb9000000000000000000ffffffffffffffffffffffff",2,3.76,,10,21.37,56.14,,0.00,,0,0,0,0,,,-1.00,-1.00,-1.00,-1.00,-1.00,-1.00
2024-11-16T23:27:20Z,"0002cc0100000ecc","365463ecd8f93c2e0a155b8fe0000000000000000000ffffffffffffffffffff",2,3.76,,10,21.35,56.20,,0.00,,0,0,0,0,,,,-1.00,-1.00,-1.00,-1.00,-1.00
2024-11-16T23:33:16Z,"0002cc0100000ecc","365463ee3cf93c3a0a155e9067000000000000000000ffffffffffffffffffff",2,3.76,,10,21.37,56.41,,0.00,,0,0,0,0,,,,-1.00,-1.00,-1.00,-1.00,-1.00
2024-11-16T23:39:11Z,"0002cc0100000ecc","365463ef9ff93c290a156290d0000000000000000000ffffffffffffffffffff",2,3.76,,10,21.38,56.57,,0.00,,0,0,0,0,,,,-1.00,-1.00,-1.00,-1.00,-1.00
2024-11-16T23:45:08Z,"0002cc0100000ecc","365463f104f93c290a155b9115000000000000000000ffffffffffffffffffffffff",2,3.76,,10,21.35,56.67,,0.00,,0,0,0,0,,,-1.00,-1.00,-1.00,-1.00,-1.00,-1.00
2024-11-16T23:51:03Z,"0002cc0100000ecc","365463f267f93c2e0a155e90b8000000000000000000ffffffffffffffffffff",2,3.76,,10,21.37,56.53,,0.00,,0,0,0,0,,,,-1.00,-1.00,-1.00,-1.00,-1.00
2024-11-16T23:57:00Z,"0002cc0100000ecc","365463f3ccf93c290a155e9077000000000000000000ffffffffffffffffffffffff",2,3.76,,10,21.37,56.43,,0.00,,0,0,0,0,,,-1.00,-1.00,-1.00,-1.00,-1.00,-1.00
