Time,DevEUI,Raw,Port,Vbat,Version,BootCount,T,RH,P,Light,CO2,P[0].delta,P[0].total,P[1].delta,P[1].total,Act[7],Act[6],Act[5],Act[4],Act[3],Act[2],Act[1],Act[0]
2024-11-13T00:01:00Z,"0002cc0100000ecc","36545eaebcf93d1f0a157f8756000000000000000000ffffffffffffffffffff",2,3.82,,10,21.49,52.87,,0.00,,0,0,0,0,,,,-1.00,-1.00,-1.00,-1.00,-1.00
2024-11-13T00:06:56Z,"0002cc0100000ecc","36545eb020f93d170a157488f0000000000000000000ffffffffffffffffffffffff",2,3.82,,10,21.45,53.49,,0.00,,0,0,0,0,,,-1.00,-1.00,-1.00,-1.00,-1.00,-1.00
2024-11-13T00:12:52Z,"0002cc0100000ecc","36545eb184f93d1f0a157b8b64000000000000000000ffffffffffffffffffff",2,3.82,,10,21.48,54.45,,0.00,,0,0,0,0,,,,-1.00,-1.00,-1.00,-1.00,-1.00
2024-11-13T00:18:48Z,"0002cc0100000ecc","36545eb2e8f93d1f0a157b8ccb000000000000000000fffffffffffff707fff1",2,3.82,,10,21.48,55.00,,0.00,,0,0,0,0,,,,-0.99,-0.44,-1.00,-1.00,-1.00
2024-11-13T00:24:44Z,"0002cc0100000ecc","36545eb44cf93d230a15868d56392ed0000000000000fcf14da476f45e9f758b",2,3.82,,10,21.52,55.21,,0.02,,0,0,0,0,,,,0.35,0.05,0.43,0.01,-0.62
2024-11-13T00:30:41Z,"0002cc0100000ecc","36545eb5b1f93d230a15868cb9000000000000000000ffff75cf5df4fe97ffffffff",2,3.82,,10,21.52,54.97,,0.00,,0,0,0,0,,,-1.00,-1.00,-0.82,0.05,0.36,-1.00
2024-11-13T00:36:37Z,"0002cc0100000ecc","36545eb715f93d170a15828c5f392ed0000000000000fffffcc0f64576eb750b",2,3.82,,10,21.51,54.83,,0.02,,0,0,0,0,,,,0.32,0.43,-0.39,-0.59,-1.00
2024-11-13T00:42:33Z,"0002cc0100000ecc","36545eb879f93d170a15868b5a000000000000000000ed7865ce7d2876986d71",2,3.82,,10,21.52,54.44,,0.00,,0,0,0,0,,,,0.17,0.41,0.64,0.09,-0.17
2024-11-13T00:48:29Z,"0002cc0100000ecc","36545eb9ddf93d170a157b8abe000000000000000000ffffffffffffffffffff",2,3.82,,10,21.48,54.20,,0.00,,0,0,0,0,,,,-1.00,-1.00,-1.00,-1.00,-1.00
2024-11-13T00:54:25Z,"0002cc0100000ecc","36545ebb41f93d170a15718ad3000000000000000000ffffffffffffffffffffffff",2,3.82,,10,21.44,54.23,,0.00,,0,0,0,0,,,-1.00,-1.00,-1.00,-1.00,-1.00,-1.00
2024-11-13T01:00:21Z,"0002cc0100000ecc","36545ebca5f93d170a156c8a9a000000000000000000ffffffffffffffffffff",2,3.82,,10,21.42,54.14,,0.00,,0,0,0,0,,,,-1.00,-1.00,-1.00,-1.00,-1.00
2024-11-13T01:06:17Z,"0002cc0100000ecc","36545ebe09f93d170a155e8ada000000000000000000ffffffffffffffffffffffff",2,3.82,,10,21.37,54.24,,0.00,,0,0,0,0,,,-1.00,-1.00,-1.00,-1.00,-1.00,-1.00
2024-11-13T01:12:13Z,"0002cc0100000ecc","36545ebf6df93d170a15628bcc000000000000000000ffffffffffffffffffff",2,3.82,,10,21.38,54.61,,0.00,,0,0,0,0,,,,-1.00,-1.00,-1.00,-1.00,-1.00
2024-11-13T01:18:09Z,"0002cc0100000ecc","36545ec0d1f93d170a156c8bfd00000000000000000076c8fee8ffffffffffffffff",2,3.82,,10,21.42,54.68,,0.00,,0,0,0,0,,,-1.00,-1.00,-1.00,-1.00,-0.86,0.42
2024-11-13T01:24:05Z,"0002cc0100000ecc","36545ec235f93d170a15718c6f392ed0000000000000ffffffffff08eee35e11",2,3.82,,10,21.44,54.86,,0.02,,0,0,0,0,,,,0.05,-0.22,-0.88,-1.00,-1.00
2024-11-13T01:30:01Z,"0002cc0100000ecc","36545ec399f20205000015778c3200000000000000000074726d2874eb7c30ef02",2,,2.5.0.0,,21.46,54.76,,0.00,,0,0,0,0,,,,-0.22,0.52,0.31,0.16,0.28
2024-11-13T01:35:57Z,"0002cc0100000ecc","36545ec4fdf93d170a157b8d32000000000000000000ec9ededc753774c47c9e",2,3.82,,10,21.48,55.16,,0.00,,0,0,0,0,,,,0.58,0.30,0.33,-0.05,-0.14
2024-11-13T01:41:53Z,"0002cc0100000ecc","36545ec661f93d170a158a8da000000000000000000077f97679f5f76e6bf5feef4d",2,3.82,,10,21.54,55.32,,0.00,,0,0,0,0,,,-0.23,-0.37,0.20,-0.37,0.40,0.50
2024-11-13T01:47:49Z,"0002cc0100000ecc","36545ec7c5f93d170a15828e0c0000000000000000007e2367bf6f2affffffff",2,3.82,,10,21.51,55.49,,0.00,,0,0,0,0,,,,-1.00,-1.00,0.22,0.12,0.77
2024-11-13T01:53:46Z,"0002cc0100000ecc","36545ec92af93d170a15828eba392ed0000000000000fffffffffeafffff6c7d6f82",2,3.82,,10,21.51,55.75,,0.02,,0,0,0,0,,,0.23,0.14,-1.00,-0.84,-1.00,-1.00
2024-11-13T01:59:42Z,"0002cc0100000ecc","36545eca8ef93d230a157f8e79000000000000000000e4737c6cfe37ffffffff",2,3.82,,10,21.49,55.65,,0.00,,0,0,0,0,,,,-1.00,-1.00,-0.78,0.55,-0.07
2024-11-13T02:05:38Z,"0002cc0100000ecc","36545ecbf2f93d170a158a8e6f000000000000000000fd8577e6e585fdd4ffffffff",2,3.82,,10,21.54,55.64,,0.00,,0,0,0,0,,,-1.00,-1.00,-0.73,-0.09,0.49,-0.69
2024-11-13T02:11:34Z,"0002cc0100000ecc","36545ecd56f93d170a158a8ecd41c0da000000000000ffffffffff8f7d326db2",2,3.82,,10,21.54,55.78,,7.01,,0,0,0,0,,,,0.18,0.65,-0.94,-1.00,-1.00
2024-11-13T02:17:30Z,"0002cc0100000ecc","36545ecebaf93d170a15918e69437d340000000000006ee86c0affecff9effe9",2,3.82,,10,21.56,55.63,,23.83,,0,0,0,0,,,,-0.99,-0.95,-0.99,0.13,0.22
2024-11-13T02:23:26Z,"0002cc0100000ecc","36545ed01ef93d170a15918e2843a508000000000000fffffedeff9dffb2ffff",2,3.82,,10,21.56,55.53,,26.31,,0,0,0,0,,,,-1.00,-0.96,-0.95,-0.86,-1.00
2024-11-13T02:29:22Z,"0002cc0100000ecc","36545ed182f93d170a159c8ec443babb000000000000f5b2fcc3ec90ec73ff4b",2,3.82,,10,21.61,55.77,,27.67,,0,0,0,0,,,,-0.91,-0.14,-0.14,-0.60,-0.36
2024-11-13T02:35:18Z,"0002cc0100000ecc","36545ed2e6f93d0f0a15a28f2f43c72e000000000000ffffffffffffffffffffffff",2,3.82,,10,21.63,55.93,,28.45,,0,0,0,0,,,-1.00,-1.00,-1.00,-1.00,-1.00,-1.00
2024-11-13T02:41:14Z,"0002cc0100000ecc","36545ed44af93d0f0a15aa8f0243cb22000000000000fffffffffffffffffff0",2,3.82,,10,21.66,55.86,,28.70,,0,0,0,0,,,,-0.99,-1.00,-1.00,-1.00,-1.00
2024-11-13T02:47:10Z,"0002cc0100000ecc","36545ed5aef93d0f0a15b18eb743d7b0000000000000ffffffffffffffc3fcb5",2,3.82,,10,21.69,55.75,,29.48,,0,0,0,0,,,,-0.59,-0.97,-1.00,-1.00,-1.00
2024-11-13T02:53:06Z,"0002cc0100000ecc","36545ed712f93d0f0a15c18d9d43ed8d000000000000fffffffffffffdc9ef97ffff",2,3.82,,10,21.75,55.32,,30.85,,0,0,0,0,,,-1.00,-0.24,-0.72,-1.00,-1.00,-1.00
2024-11-13T02:59:02Z,"0002cc0100000ecc","36545ed876f93d170a15bc8cce43eea7000000000000ffffffffffacffd2ffff",2,3.82,,10,21.73,55.00,,30.92,,0,0,0,0,,,,-1.00,-0.98,-0.96,-1.00,-1.00
2024-11-13T03:04:58Z,"0002cc0100000ecc","36545ed9daf93d0f0a15cb8cb443f575000000000000ffffffffffffffffffffffff",2,3.82,,10,21.79,54.96,,31.34,,0,0,0,0,,,-1.00,-1.00,-1.00,-1.00,-1.00,-1.00
2024-11-13T03:10:54Z,"0002cc0100000ecc","36545edb3ef93d0f0a15cf8cfc43f3b5000000000000ffffffffffffffffffff",2,3.82,,10,21.81,55.07,,31.23,,0,0,0,0,,,,-1.00,-1.00,-1.00,-1.00,-1.00
2024-11-13T03:16:50Z,"0002cc0100000ecc","36545edca2f93d170a15d28c7743f68f000000000000ffffffffffffffffffff",2,3.82,,10,21.82,54.87,,31.41,,0,0,0,0,,,,-1.00,-1.00,-1.00,-1.00,-1.00
2024-11-13T03:22:46Z,"0002cc0100000ecc","36545ede06f93d0f0a15e18bbe43f47b000000000000ffffffffffffffffffff",2,3.82,,10,21.88,54.59,,31.28,,0,0,0,0,,,,-1.00,-1.00,-1.00,-1.00,-1.00
2024-11-13T03:28:42Z,"0002cc0100000ecc","36545edf6af93d170a15e18b8743f7a8000000000000ffffffffffffffffffff",2,3.82,,10,21.88,54.50,,31.48,,0,0,0,0,,,,-1.00,-1.00,-1.00,-1.00,-1.00
2024-11-13T03:34:38Z,"0002cc0100000ecc","36545ee0cef93d0f0a15ef8beb43f8b2000000000000ffffffffffffffffffff",2,3.82,,10,21.93,54.66,,31.54,,0,0,0,0,,,,-1.00,-1.00,-1.00,-1.00,-1.00
2024-11-13T03:40:34Z,"0002cc0100000ecc","36545ee232f93d0f0a15fa8bb843fa1f000000000000ffffffffffffffffffff",2,3.82,,10,21.97,54.58,,31.63,,0,0,0,0,,,,-1.00,-1.00,-1.00,-1.00,-1.00
2024-11-13T03:46:31Z,"0002cc0100000ecc","36545ee397f93d0f0a16058bde43f765000000000000ffffffffffffffffffffffff",2,3.82,,10,22.02,54.64,,31.46,,0,0,0,0,,,-1.00,-1.00,-1.00,-1.00,-1.00,-1.00
2024-11-13T03:52:26Z,"0002cc0100000ecc","36545ee4faf93d0f0a160f8b8a43fa1f000000000000ffffffffffffffffffff",2,3.82,,10,22.06,54.51,,31.63,,0,0,0,0,,,,-1.00,-1.00,-1.00,-1.00,-1.00
2024-11-13T03:58:22Z,"0002cc0100000ecc","36545ee65ef93d0f0a161a8b3f43fa83000000000000ffffffffffffffffffff",2,3.82,,10,22.10,54.39,,31.66,,0,0,0,0,,,,-1.00,-1.00,-1.00,-1.00,-1.00
2024-11-13T04:04:18Z,"0002cc0100000ecc","36545ee7c2f93d0f0a161a8b1643fae6000000000000ffffffffffffffffffff",2,3.82,,10,22.10,54.33,,31.68,,0,0,0,0,,,,-1.00,-1.00,-1.00,-1.00,-1.00
2024-11-13T04:10:15Z,"0002cc0100000ecc","36545ee927f93d0f0a16258ab343fae6000000000000ffffffffffffffffffffffff",2,3.82,,10,22.14,54.18,,31.68,,0,0,0,0,,,-1.00,-1.00,-1.00,-1.00,-1.00,-1.00
2024-11-13T04:16:10Z,"0002cc0100000ecc","36545eea8af93d0f0a16288a8543f8d2000000000000ffffffffffffffffffff",2,3.82,,10,22.16,54.11,,31.55,,0,0,0,0,,,,-1.00,-1.00,-1.00,-1.00,-1.00
2024-11-13T04:22:07Z,"0002cc0100000ecc","36545eebeff93d0f0a16288a4643fbf0000000000000ffffffffffffffffffffffff",2,3.82,,10,22.16,54.01,,31.75,,0,0,0,0,,,-1.00,-1.00,-1.00,-1.00,-1.00,-1.00
2024-11-13T04:28:03Z,"0002cc0100000ecc","36545eed53f93d170a162d8a0143fbf0000000000000ffffffffffffffffffffffff",2,3.82,,10,22.17,53.91,,31.75,,0,0,0,0,,,-1.00,-1.00,-1.00,-1.00,-1.00,-1.00
2024-11-13T04:33:58Z,"0002cc0100000ecc","36545eeeb6f93d0f0a163089c843fbf0000000000000ffffffffffffffffffff",2,3.82,,10,22.19,53.82,,31.75,,0,0,0,0,,,,-1.00,-1.00,-1.00,-1.00,-1.00
2024-11-13T04:39:55Z,"0002cc0100000ecc","36545ef01bf93d070a163089aa43fb9c000000000000ffffffffffffffffffffffff",2,3.81,,10,22.19,53.78,,31.73,,0,0,0,0,,,-1.00,-1.00,-1.00,-1.00,-1.00,-1.00
2024-11-13T04:45:50Z,"0002cc0100000ecc","36545ef17ef93d0f0a1637897443f979000000000000ffffffffffffffffffff",2,3.82,,10,22.21,53.69,,31.59,,0,0,0,0,,,,-1.00,-1.00,-1.00,-1.00,-1.00
2024-11-13T04:51:46Z,"0002cc0100000ecc","36545ef2e2f93d0f0a1633894443fc33000000000000ffffffffffffffffffff",2,3.82,,10,22.20,53.62,,31.76,,0,0,0,0,,,,-1.00,-1.00,-1.00,-1.00,-1.00
2024-11-13T04:57:42Z,"0002cc0100000ecc","36545ef446f93d0f0a163e88c943fcfa000000000000ffffffffffffffffffff",2,3.82,,10,22.24,53.43,,31.81,,0,0,0,0,,,,-1.00,-1.00,-1.00,-1.00,-1.00
2024-11-13T05:03:38Z,"0002cc0100000ecc","36545ef5aaf93d0f0a1633887343f9cc000000000000ffffffffffffffffffffffff",2,3.82,,10,22.20,53.30,,31.61,,0,0,0,0,,,-1.00,-1.00,-1.00,-1.00,-1.00,-1.00
2024-11-13T05:09:34Z,"0002cc0100000ecc","36545ef70ef93d0f0a163b884643fc43000000000000ffffffffffffffffffff",2,3.82,,10,22.23,53.23,,31.77,,0,0,0,0,,,,-1.00,-1.00,-1.00,-1.00,-1.00
2024-11-13T05:15:30Z,"0002cc0100000ecc","36545ef872f93d0f0a163787bf43fa83000000000000ffffffffffffffffffffffff",2,3.82,,10,22.21,53.03,,31.66,,0,0,0,0,,,-1.00,-1.00,-1.00,-1.00,-1.00,-1.00
2024-11-13T05:21:26Z,"0002cc0100000ecc","36545ef9d6f93d0f0a1646875c43fc43000000000000ffffffffffffffffffff",2,3.82,,10,22.27,52.88,,31.77,,0,0,0,0,,,,-1.00,-1.00,-1.00,-1.00,-1.00
2024-11-13T05:27:22Z,"0002cc0100000ecc","36545efb3af93d0f0a1642872343fa83000000000000ffffffffffffffffffffffff",2,3.82,,10,22.25,52.79,,31.66,,0,0,0,0,,,-1.00,-1.00,-1.00,-1.00,-1.00,-1.00
2024-11-13T05:33:18Z,"0002cc0100000ecc","36545efc9ef2020500001642870b43fc33000000000000ffffffffffffffffffff",2,,2.5.0.0,,22.25,52.75,,31.76,,0,0,0,0,,,,-1.00,-1.00,-1.00,-1.00,-1.00
2024-11-13T05:39:14Z,"0002cc0100000ecc","36545efe02f93d0f0a164d86d743fcfa000000000000ffffffffffffffffffff",2,3.82,,10,22.30,52.67,,31.81,,0,0,0,0,,,,-1.00,-1.00,-1.00,-1.00,-1.00
2024-11-13T05:45:10Z,"0002cc0100000ecc","36545eff66f93d0f0a164d86e943fa83000000000000ffffffffffffffffffff",2,3.82,,10,22.30,52.70,,31.66,,0,0,0,0,,,,-1.00,-1.00,-1.00,-1.00,-1.00
2024-11-13T05:51:06Z,"0002cc0100000ecc","36545f00caf93d0f0a1658875543fb39000000000000ffffffffffffffffffff",2,3.82,,10,22.34,52.86,,31.70,,0,0,0,0,,,,-1.00,-1.00,-1.00,-1.00,-1.00
2024-11-13T05:57:02Z,"0002cc0100000ecc","36545f022ef93d0f0a1658874343fbf0000000000000ffffffffffffffffffff",2,3.82,,10,22.34,52.84,,31.75,,0,0,0,0,,,,-1.00,-1.00,-1.00,-1.00,-1.00
2024-11-13T06:02:58Z,"0002cc0100000ecc","36545f0392f93d0b0a165c874443fbf0000000000000ffffffffffffffffffff",2,3.82,,10,22.36,52.84,,31.75,,0,0,0,0,,,,-1.00,-1.00,-1.00,-1.00,-1.00
2024-11-13T06:08:54Z,"0002cc0100000ecc","36545f04f6f93d0f0a1663874743fbe0000000000000ffffffffffffffffffffffff",2,3.82,,10,22.38,52.84,,31.74,,0,0,0,0,,,-1.00,-1.00,-1.00,-1.00,-1.00,-1.00
2024-11-13T06:14:50Z,"0002cc0100000ecc","36545f065af93d0f0a165f873e43fc87000000000000ffffffffffffffffffff",2,3.82,,10,22.37,52.83,,31.78,,0,0,0,0,,,,-1.00,-1.00,-1.00,-1.00,-1.00
2024-11-13T06:20:46Z,"0002cc0100000ecc","36545f07bef93d0b0a1667879243fda0000000000000ffffffffffffffffff83fd32",2,3.82,,10,22.40,52.96,,31.85,,0,0,0,0,,,-0.65,-0.94,-1.00,-1.00,-1.00,-1.00
2024-11-13T06:26:42Z,"0002cc0100000ecc","36545f0922f93d0f0a166a872343fdf4000000000000ffffffffffffffffffff",2,3.82,,10,22.41,52.79,,31.87,,0,0,0,0,,,,-1.00,-1.00,-1.00,-1.00,-1.00
2024-11-13T06:32:38Z,"0002cc0100000ecc","36545f0a86f93d0f0a166e868d43fc43000000000000ffffffffffffffffffff",2,3.82,,10,22.43,52.56,,31.77,,0,0,0,0,,,,-1.00,-1.00,-1.00,-1.00,-1.00
2024-11-13T06:38:35Z,"0002cc0100000ecc","36545f0bebf93d0b0a1672875543fe67000000000000ffffffffffffffffffffffff",2,3.82,,10,22.44,52.86,,31.90,,0,0,0,0,,,-1.00,-1.00,-1.00,-1.00,-1.00,-1.00
2024-11-13T06:44:30Z,"0002cc0100000ecc","36545f0d4ef93d0f0a1672875e43fc43000000000000ffffffffffffffffffff",2,3.82,,10,22.44,52.88,,31.77,,0,0,0,0,,,,-1.00,-1.00,-1.00,-1.00,-1.00
2024-11-13T06:50:26Z,"0002cc0100000ecc","36545f0eb2f93d0b0a166e875343fe04000000000000ffffffffffffffffffffffff",2,3.82,,10,22.43,52.86,,31.88,,0,0,0,0,,,-1.00,-1.00,-1.00,-1.00,-1.00,-1.00
2024-11-13T06:56:22Z,"0002cc0100000ecc","36545f1016f93d0f0a166a875243ffc4000000000000ffffffffffffffffffff",2,3.82,,10,22.41,52.86,,31.99,,0,0,0,0,,,,-1.00,-1.00,-1.00,-1.00,-1.00
2024-11-13T07:02:18Z,"0002cc0100000ecc","36545f117af93d0f0a166e874c43ffb4000000000000ffffffffffffffffffff",2,3.82,,10,22.43,52.85,,31.98,,0,0,0,0,,,,-1.00,-1.00,-1.00,-1.00,-1.00
2024-11-13T07:08:14Z,"0002cc0100000ecc","36545f12def93d0b0a166e86f543fc97000000000000ffffffffffffffffffffffff",2,3.82,,10,22.43,52.72,,31.79,,0,0,0,0,,,-1.00,-1.00,-1.00,-1.00,-1.00,-1.00
2024-11-13T07:14:10Z,"0002cc0100000ecc","36545f1442f93d0b0a1675866f43fefe000000000000ffffffffffffffffffff",2,3.82,,10,22.46,52.51,,31.94,,0,0,0,0,,,,-1.00,-1.00,-1.00,-1.00,-1.00
2024-11-13T07:20:06Z,"0002cc0100000ecc","36545f15a6f93d0f0a1675862943ff61000000000000ffffffffffffffffffff",2,3.82,,10,22.46,52.41,,31.96,,0,0,0,0,,,,-1.00,-1.00,-1.00,-1.00,-1.00
2024-11-13T07:26:03Z,"0002cc0100000ecc","36545f170bf93d0b0a167585c943fda0000000000000ffffffffffffffffffffffff",2,3.82,,10,22.46,52.26,,31.85,,0,0,0,0,,,-1.00,-1.00,-1.00,-1.00,-1.00,-1.00
2024-11-13T07:31:58Z,"0002cc0100000ecc","36545f186ef93d0b0a1672857043feaa000000000000ffffffffffffffffffff",2,3.82,,10,22.44,52.12,,31.92,,0,0,0,0,,,,-1.00,-1.00,-1.00,-1.00,-1.00
2024-11-13T07:37:54Z,"0002cc0100000ecc","36545f19d2f93d0b0a1672851043feaa000000000000ffffffffffffffffffff",2,3.82,,10,22.44,51.98,,31.92,,0,0,0,0,,,,-1.00,-1.00,-1.00,-1.00,-1.00
2024-11-13T07:43:50Z,"0002cc0100000ecc","36545f1b36f93d0b0a1672853043fd3d000000000000ffffffffffffffffffff",2,3.82,,10,22.44,52.03,,31.83,,0,0,0,0,,,,-1.00,-1.00,-1.00,-1.00,-1.00
2024-11-13T07:49:46Z,"0002cc0100000ecc","36545f1c9af93d0b0a1675852143ff0e000000000000ffffffffffffffffffffffff",2,3.82,,10,22.46,52.00,,31.94,,0,0,0,0,,,-1.00,-1.00,-1.00,-1.00,-1.00,-1.00
2024-11-13T07:55:42Z,"0002cc0100000ecc","36545f1dfef93d0b0a167284f843feaa000000000000ffffffffffffffffffff",2,3.82,,10,22.44,51.94,,31.92,,0,0,0,0,,,,-1.00,-1.00,-1.00,-1.00,-1.00
2024-11-13T08:01:38Z,"0002cc0100000ecc","36545f1f62f93d0b0a167884f243fd4d000000000000ffffffffffffffffffff",2,3.82,,10,22.47,51.93,,31.83,,0,0,0,0,,,,-1.00,-1.00,-1.00,-1.00,-1.00
2024-11-13T08:07:34Z,"0002cc0100000ecc","36545f20c6f93d0b0a1678855a43fefe000000000000ffffffffffffffffffff",2,3.82,,10,22.47,52.09,,31.94,,0,0,0,0,,,,-1.00,-1.00,-1.00,-1.00,-1.00
2024-11-13T08:13:30Z,"0002cc0100000ecc","36545f222af93d0b0a1680854e44000c000000000000ffffffffffffffffffff",2,3.82,,10,22.50,52.07,,32.01,,0,0,0,0,,,,-1.00,-1.00,-1.00,-1.00,-1.00
2024-11-13T08:19:26Z,"0002cc0100000ecc","36545f238ef93d0b0a1678854b43fb29000000000000ffffffffffffffffffffffff",2,3.82,,10,22.47,52.07,,31.70,,0,0,0,0,,,-1.00,-1.00,-1.00,-1.00,-1.00,-1.00
2024-11-13T08:25:22Z,"0002cc0100000ecc","36545f24f2f93d0b0a1683851643fc97000000000000ffffffffffffffffffff",2,3.82,,10,22.51,51.99,,31.79,,0,0,0,0,,,,-1.00,-1.00,-1.00,-1.00,-1.00
2024-11-13T08:31:18Z,"0002cc0100000ecc","36545f2656f93d0b0a1678851b43feba000000000000ffffffffffffffffffff",2,3.82,,10,22.47,52.00,,31.92,,0,0,0,0,,,,-1.00,-1.00,-1.00,-1.00,-1.00
2024-11-13T08:37:14Z,"0002cc0100000ecc","36545f27baf93d0b0a167c84d443fbd0000000000000ffffffffffffffffffffffff",2,3.82,,10,22.48,51.89,,31.74,,0,0,0,0,,,-1.00,-1.00,-1.00,-1.00,-1.00,-1.00
2024-11-13T08:43:10Z,"0002cc0100000ecc","36545f291ef93d0b0a1680850d43fe47000000000000ffffffffffffffffffff",2,3.82,,10,22.50,51.97,,31.89,,0,0,0,0,,,,-1.00,-1.00,-1.00,-1.00,-1.00
2024-11-13T08:49:06Z,"0002cc0100000ecc","36545f2a82f93d0b0a168384bf43fc77000000000000ffffffffffffffffffff",2,3.82,,10,22.51,51.85,,31.78,,0,0,0,0,,,,-1.00,-1.00,-1.00,-1.00,-1.00
2024-11-13T08:55:02Z,"0002cc0100000ecc","36545f2be6f93d030a1680850d43fafa000000000000ffffffffffffffffffffffff",2,3.81,,10,22.50,51.97,,31.69,,0,0,0,0,,,-1.00,-1.00,-1.00,-1.00,-1.00,-1.00
2024-11-13T09:00:58Z,"0002cc0100000ecc","36545f2d4af93d0b0a168084cd43f9f0000000000000ffffffffffffffffffff",2,3.82,,10,22.50,51.88,,31.62,,0,0,0,0,,,,-1.00,-1.00,-1.00,-1.00,-1.00
2024-11-13T09:06:54Z,"0002cc0100000ecc","36545f2eaef93d0b0a1683847f43f9f0000000000000ffffffffffffffffffffffff",2,3.82,,10,22.51,51.76,,31.62,,0,0,0,0,,,-1.00,-1.00,-1.00,-1.00,-1.00,-1.00
2024-11-13T09:12:50Z,"0002cc0100000ecc","36545f3012f93d0b0a1687849843fb4e000000000000ffffffffffffffffffff",2,3.82,,10,22.52,51.80,,31.71,,0,0,0,0,,,,-1.00,-1.00,-1.00,-1.00,-1.00
2024-11-13T09:18:46Z,"0002cc0100000ecc","36545f3176f93d030a168a844943fafa000000000000ffffffffffffffffffffffff",2,3.81,,10,22.54,51.67,,31.69,,0,0,0,0,,,-1.00,-1.00,-1.00,-1.00,-1.00,-1.00
2024-11-13T09:24:42Z,"0002cc0100000ecc","36545f32daf93d0b0a168783f043fb4e000000000000ffffffffffffffffffff",2,3.82,,10,22.52,51.54,,31.71,,0,0,0,0,,,,-1.00,-1.00,-1.00,-1.00,-1.00
2024-11-13T09:30:38Z,"0002cc0100000ecc","36545f343ef93d030a1687847143fa34000000000000ffffffffffffffffffffffff",2,3.81,,10,22.52,51.74,,31.64,,0,0,0,0,,,-1.00,-1.00,-1.00,-1.00,-1.00,-1.00
2024-11-13T09:36:34Z,"0002cc0100000ecc","36545f35a2f202050000168a84b943fc04000000000000ffffffffffffffffffff",2,,2.5.0.0,,22.54,51.85,,31.75,,0,0,0,0,,,,-1.00,-1.00,-1.00,-1.00,-1.00
2024-11-13T09:42:30Z,"0002cc0100000ecc","36545f3706f93d030a168e853a43fa34000000000000ffffffffffffffffffff",2,3.81,,10,22.55,52.04,,31.64,,0,0,0,0,,,,-1.00,-1.00,-1.00,-1.00,-1.00
2024-11-13T09:48:26Z,"0002cc0100000ecc","36545f386af93d0b0a169284d443fd1e0000000000006611fd7ffef0fc40fe38ffff",2,3.82,,10,22.57,51.89,,31.82,,0,0,0,0,,,-1.00,-0.78,-0.53,-0.87,-0.69,0.09
2024-11-13T09:54:22Z,"0002cc0100000ecc","36545f39cef93d030a1692853443fa24000000000000fffffffffffffffffd75ffff",2,3.81,,10,22.57,52.03,,31.63,,0,0,0,0,,,-1.00,-0.68,-1.00,-1.00,-1.00,-1.00
2024-11-13T10:00:18Z,"0002cc0100000ecc","36545f3b32f93d030a1695845e43fa34000000000000fc1effffffffffffffff",2,3.81,,10,22.58,51.71,,31.64,,0,0,0,0,,,,-1.00,-1.00,-1.00,-1.00,-0.51
2024-11-13T10:06:14Z,"0002cc0100000ecc","36545f3c96f93d030a1692839643fa24000000000000ffffffffffffffffffffffff",2,3.81,,10,22.57,51.40,,31.63,,0,0,0,0,,,-1.00,-1.00,-1.00,-1.00,-1.00,-1.00
2024-11-13T10:12:10Z,"0002cc0100000ecc","36545f3dfaf93d030a1692846d43fd0e000000000000ffffffffffffffffffff",2,3.81,,10,22.57,51.73,,31.82,,0,0,0,0,,,,-1.00,-1.00,-1.00,-1.00,-1.00
2024-11-13T10:18:06Z,"0002cc0100000ecc","36545f3f5ef93d030a169585c643fc48000000000000ffffffffffffffffffff",2,3.81,,10,22.58,52.26,,31.77,,0,0,0,0,,,,-1.00,-1.00,-1.00,-1.00,-1.00
2024-11-13T10:24:02Z,"0002cc0100000ecc","36545f40c2f93d030a169586d443fb4e000000000000ffffffffffffffffffffffff",2,3.81,,10,22.58,52.67,,31.71,,0,0,0,0,,,-1.00,-1.00,-1.00,-1.00,-1.00,-1.00
2024-11-13T10:29:58Z,"0002cc0100000ecc","36545f4226f93d0b0a1692870b43fadb000000000000ffffffffffffffffffff",2,3.82,,10,22.57,52.75,,31.68,,0,0,0,0,,,,-1.00,-1.00,-1.00,-1.00,-1.00
2024-11-13T10:35:54Z,"0002cc0100000ecc","36545f438af93d030a1699867543fa87000000000000ffffffffffffffffffff",2,3.81,,10,22.59,52.52,,31.66,,0,0,0,0,,,,-1.00,-1.00,-1.00,-1.00,-1.00
2024-11-13T10:41:50Z,"0002cc0100000ecc","36545f44eef93d030a1699860643fb3e000000000000ffffffffffffffffffffffff",2,3.81,,10,22.59,52.35,,31.70,,0,0,0,0,,,-1.00,-1.00,-1.00,-1.00,-1.00,-1.00
2024-11-13T10:47:46Z,"0002cc0100000ecc","36545f4652f93d030a169285cc43fa87000000000000ffffffffffffffffffff",2,3.81,,10,22.57,52.27,,31.66,,0,0,0,0,,,,-1.00,-1.00,-1.00,-1.00,-1.00
2024-11-13T10:53:42Z,"0002cc0100000ecc","36545f47b6f93d030a1699856643fa44000000000000ffffffffffffffffffff",2,3.81,,10,22.59,52.11,,31.64,,0,0,0,0,,,,-1.00,-1.00,-1.00,-1.00,-1.00
2024-11-13T10:59:38Z,"0002cc0100000ecc","36545f491af93d030a1695853d43fe7b000000000000ffffffffffffffffffff",2,3.81,,10,22.58,52.05,,31.91,,0,0,0,0,,,,-1.00,-1.00,-1.00,-1.00,-1.00
2024-11-13T11:05:34Z,"0002cc0100000ecc","36545f4a7ef93d030a169284b543fecf000000000000ffffffffffffffffffffffff",2,3.81,,10,22.57,51.84,,31.93,,0,0,0,0,,,-1.00,-1.00,-1.00,-1.00,-1.00,-1.00
2024-11-13T11:11:30Z,"0002cc0100000ecc","36545f4be2f93d030a1692842043fcab000000000000ffffffffffffffffffff",2,3.81,,10,22.57,51.61,,31.79,,0,0,0,0,,,,-1.00,-1.00,-1.00,-1.00,-1.00
2024-11-13T11:17:26Z,"0002cc0100000ecc","36545f4d46f93d030a168a83b443fba1000000000000ffffffffffffffffffff",2,3.81,,10,22.54,51.45,,31.73,,0,0,0,0,,,,-1.00,-1.00,-1.00,-1.00,-1.00
2024-11-13T11:23:22Z,"0002cc0100000ecc","36545f4eaaf93d030a168e83a543fcbb000000000000ffffffffffffffffffffffff",2,3.81,,10,22.55,51.42,,31.80,,0,0,0,0,,,-1.00,-1.00,-1.00,-1.00,-1.00,-1.00
2024-11-13T11:29:18Z,"0002cc0100000ecc","36545f500ef93d030a168e83a543fb91000000000000ffffffffffffffffffff",2,3.81,,10,22.55,51.42,,31.72,,0,0,0,0,,,,-1.00,-1.00,-1.00,-1.00,-1.00
2024-11-13T11:35:14Z,"0002cc0100000ecc","36545f5172f93d030a168e836043fadb000000000000ffffffffffffffffffffffff",2,3.81,,10,22.55,51.32,,31.68,,0,0,0,0,,,-1.00,-1.00,-1.00,-1.00,-1.00,-1.00
2024-11-13T11:41:10Z,"0002cc0100000ecc","36545f52d6f93d030a1692833f43faea000000000000ffffffffffffffffffff",2,3.81,,10,22.57,51.27,,31.68,,0,0,0,0,,,,-1.00,-1.00,-1.00,-1.00,-1.00
2024-11-13T11:47:06Z,"0002cc0100000ecc","36545f543af93d030a1687834d43fd0e000000000000ffffffffffffffffffff",2,3.81,,10,22.52,51.29,,31.82,,0,0,0,0,,,,-1.00,-1.00,-1.00,-1.00,-1.00
2024-11-13T11:53:02Z,"0002cc0100000ecc","36545f559ef93d030a1687835643fc58000000000000ffffffffffffffffffff",2,3.81,,10,22.52,51.30,,31.77,,0,0,0,0,,,,-1.00,-1.00,-1.00,-1.00,-1.00
2024-11-13T11:58:58Z,"0002cc0100000ecc","36545f5702f93d030a168e836043fcef000000000000ffffffffffffffffffff",2,3.81,,10,22.55,51.32,,31.81,,0,0,0,0,,,,-1.00,-1.00,-1.00,-1.00,-1.00
2024-11-13T12:04:54Z,"0002cc0100000ecc","36545f5866f93d030a1692838d43fcfe000000000000ffffffffffffffffffff",2,3.81,,10,22.57,51.39,,31.81,,0,0,0,0,,,,-1.00,-1.00,-1.00,-1.00,-1.00
2024-11-13T12:10:50Z,"0002cc0100000ecc","36545f59caf93d030a168e83e143fa24000000000000ffffffffffffffffffffffff",2,3.81,,10,22.55,51.52,,31.63,,0,0,0,0,,,-1.00,-1.00,-1.00,-1.00,-1.00,-1.00
2024-11-13T12:16:46Z,"0002cc0100000ecc","36545f5b2ef93d030a168e844a43fdb5000000000000ffffffffffffffffffff",2,3.81,,10,22.55,51.68,,31.86,,0,0,0,0,,,,-1.00,-1.00,-1.00,-1.00,-1.00
2024-11-13T12:22:42Z,"0002cc0100000ecc","36545f5c92f93cfe0a169283c243fe18000000000000ffffffffffffffffffff",2,3.81,,10,22.57,51.47,,31.88,,0,0,0,0,,,,-1.00,-1.00,-1.00,-1.00,-1.00
2024-11-13T12:28:38Z,"0002cc0100000ecc","36545f5df6f93d030a169583f543fb4e000000000000ffffffffffffffffffff",2,3.81,,10,22.58,51.55,,31.71,,0,0,0,0,,,,-1.00,-1.00,-1.00,-1.00,-1.00
2024-11-13T12:34:34Z,"0002cc0100000ecc","36545f5f5af93d0f0a169983f643fdb5000000000000ffffffffffffffffffff",2,3.82,,10,22.59,51.55,,31.86,,0,0,0,0,,,,-1.00,-1.00,-1.00,-1.00,-1.00
2024-11-13T12:40:30Z,"0002cc0100000ecc","36545f60bef93d030a169d83ce43fd0e000000000000ffffffffffffffffffffffff",2,3.81,,10,22.61,51.49,,31.82,,0,0,0,0,,,-1.00,-1.00,-1.00,-1.00,-1.00,-1.00
2024-11-13T12:46:26Z,"0002cc0100000ecc","36545f6222f93d030a1699844d43fc58000000000000ffffffffffffffffffff",2,3.81,,10,22.59,51.68,,31.77,,0,0,0,0,,,,-1.00,-1.00,-1.00,-1.00,-1.00
2024-11-13T12:52:22Z,"0002cc0100000ecc","36545f6386f93cfe0a169584af41d6c4000000000000ffffffffffffffffffff",2,3.81,,10,22.58,51.83,,7.36,,0,0,0,0,,,,-1.00,-1.00,-1.00,-1.00,-1.00
2024-11-13T12:58:18Z,"0002cc0100000ecc","36545f64eaf93d030a169284a641dbbb000000000000ffffffffffffffffffff",2,3.81,,10,22.57,51.82,,7.43,,0,0,0,0,,,,-1.00,-1.00,-1.00,-1.00,-1.00
2024-11-13T13:04:14Z,"0002cc0100000ecc","36545f664ef93cfe0a168e86e141f9e7000000000000ffffffffffffffffffff",2,3.81,,10,22.55,52.69,,7.90,,0,0,0,0,,,,-1.00,-1.00,-1.00,-1.00,-1.00
2024-11-13T13:10:10Z,"0002cc0100000ecc","36545f67b2f93cfe0a168a869f4200fc000000000000f5d9f79affaaffffffff",2,3.81,,10,22.54,52.59,,8.03,,0,0,0,0,,,,-1.00,-1.00,-0.96,-0.48,-0.37
2024-11-13T13:16:06Z,"0002cc0100000ecc","36545f6916f93d030a168084dd41ff9b000000000000fc516e45ff86ffffffff",2,3.81,,10,22.50,51.90,,7.99,,0,0,0,0,,,,-1.00,-1.00,-0.94,0.20,-0.54
2024-11-13T13:22:02Z,"0002cc0100000ecc","36545f6a7af93cfe0a166a84dd42022a000000000000fffffffffcf8f62affffff43",2,3.81,,10,22.41,51.90,,8.07,,0,0,0,0,,,-0.91,-1.00,-0.39,-0.62,-1.00,-1.00
2024-11-13T13:27:59Z,"0002cc0100000ecc","36545f6bdff93d030a166784a44204150000000000007421f53effffff15ffff",2,3.81,,10,22.40,51.81,,8.13,,0,0,0,0,,,,-1.00,-0.89,-1.00,-0.33,0.26
2024-11-13T13:33:55Z,"0002cc0100000ecc","36545f6d43f93cfe0a165f84d141f9e70000000000007745f4f6f76e6ec74cbf",2,3.81,,10,22.37,51.88,,7.90,,0,0,0,0,,,,0.01,0.21,-0.46,-0.31,0.45
2024-11-13T13:39:51Z,"0002cc0100000ecc","36545f6ea7f202050000164d84c2420434000000000000fd68fd38fe28fffffffffe5b",2,,2.5.0.0,,22.30,51.86,,8.13,,0,0,0,0,,,-0.79,-1.00,-1.00,-0.77,-0.65,-0.68
2024-11-13T13:45:47Z,"0002cc0100000ecc","36545f700bf93cfe0a163b84eb420434000000000000ffffffffffffffffffff",2,3.81,,10,22.23,51.92,,8.13,,0,0,0,0,,,,-1.00,-1.00,-1.00,-1.00,-1.00
2024-11-13T13:51:43Z,"0002cc0100000ecc","36545f716ff93cfe0a1625855b420434000000000000ffffffffffffffffffff",2,3.81,,10,22.14,52.09,,8.13,,0,0,0,0,,,,-1.00,-1.00,-1.00,-1.00,-1.00
2024-11-13T13:57:39Z,"0002cc0100000ecc","36545f72d3f93cfe0a16178536420454000000000000ffffffffffffffffffff",2,3.81,,10,22.09,52.04,,8.14,,0,0,0,0,,,,-1.00,-1.00,-1.00,-1.00,-1.00
2024-11-13T14:03:35Z,"0002cc0100000ecc","36545f7437f93cfe0a1608858841fbf1000000000000ffffffffffffffffffff",2,3.81,,10,22.03,52.16,,7.94,,0,0,0,0,,,,-1.00,-1.00,-1.00,-1.00,-1.00
2024-11-13T14:09:31Z,"0002cc0100000ecc","36545f759bf93cfe0a15f7863f392ed0000000000000fffffffffe88ffffff7bff2b",2,3.81,,10,21.96,52.44,,0.02,,0,0,0,0,,,-0.90,-0.94,-1.00,-0.82,-1.00,-1.00
2024-11-13T14:15:27Z,"0002cc0100000ecc","36545f76fff93cfe0a1608879400000000000000000076a474a3d40b6fe7779b",2,3.81,,10,22.03,52.96,,0.00,,0,0,0,0,,,,0.48,0.25,-0.02,0.29,0.41
2024-11-13T14:21:23Z,"0002cc0100000ecc","36545f7863f93cfe0a15fd864a000000000000000000e6b2df1f573f75fbf636",2,3.81,,10,21.99,52.46,,0.00,,0,0,0,0,,,,-0.39,0.37,0.03,-0.06,-0.10
2024-11-13T14:27:19Z,"0002cc0100000ecc","36545f79c7f93cfe0a15fd8779392ed0000000000000ff39e56bd5d46cfafe7b7c0c",2,3.81,,10,21.99,52.92,,0.02,,0,0,0,0,,,0.51,-0.81,0.16,-0.02,-0.08,-0.90
2024-11-13T14:33:15Z,"0002cc0100000ecc","36545f7b2bf93cfe0a15f2870d000000000000000000e631f56ffe8f6443656d",2,3.81,,10,21.95,52.76,,0.00,,0,0,0,0,,,,0.08,0.07,-0.82,-0.34,-0.10
2024-11-13T14:39:11Z,"0002cc0100000ecc","36545f7c8ff93cfe0a15ec8722000000000000000000ff72f53e5767ffffff3a",2,3.81,,10,21.92,52.79,,0.00,,0,0,0,0,,,,-0.90,-1.00,0.03,-0.33,-0.93
2024-11-13T14:45:07Z,"0002cc0100000ecc","36545f7df3f93cf60a15f2878b0000000000000000006f657c62fc9cfc4e7d24efd3",2,3.81,,10,21.95,52.95,,0.00,,0,0,0,0,,,-0.24,0.64,-0.54,-0.58,0.55,0.23
2024-11-13T14:51:03Z,"0002cc0100000ecc","36545f7f57f93cfe0a15f78942392ed0000000000000ffffffffff61fd9874a9",2,3.81,,10,21.96,53.62,,0.02,,0,0,0,0,,,,0.29,-0.70,-0.92,-1.00,-1.00
2024-11-13T14:57:00Z,"0002cc0100000ecc","36545f80bcf93cf60a160588720000000000000000007d76fcdef755f6a5fda8f768",2,3.81,,10,22.02,53.30,,0.00,,0,0,0,0,,,-0.46,-0.71,-0.42,-0.46,-0.61,0.68
2024-11-13T15:02:56Z,"0002cc0100000ecc","36545f8220f93cf60a160588130000000000000000007c9cfe68fd8dffffffff",2,3.81,,10,22.02,53.15,,0.00,,0,0,0,0,,,,-1.00,-1.00,-0.69,-0.80,0.58
2024-11-13T15:08:52Z,"0002cc0100000ecc","36545f8384f93cf20a160c8ab9000000000000000000dfef7d0ee437fffffdd9",2,3.81,,10,22.04,54.19,,0.00,,0,0,0,0,,,,-0.73,-1.00,-0.07,0.63,-0.06
2024-11-13T15:14:48Z,"0002cc0100000ecc","36545f84e8f93cf60a16138a8c392ed0000000000000651b6cb5ed98fcbaeda8f40c",2,3.81,,10,22.07,54.12,,0.02,,0,0,0,0,,,-0.25,-0.18,-0.59,-0.17,0.15,0.08
2024-11-13T15:20:44Z,"0002cc0100000ecc","36545f864cf93cfe0a16178bfc000000000000000000fc06ffa7fffff779ffff",2,3.81,,10,22.09,54.68,,0.00,,0,0,0,0,,,,-1.00,-0.47,-1.00,-0.96,-0.50
2024-11-13T15:26:40Z,"0002cc0100000ecc","36545f87b0f93cfe0a160f8b82000000000000000000fffffda0fe22f74cfd57",2,3.81,,10,22.06,54.50,,0.00,,0,0,0,0,,,,-0.67,-0.46,-0.77,-0.70,-1.00
2024-11-13T15:32:36Z,"0002cc0100000ecc","36545f8914f93cfe0a160f8b0a000000000000000000fe24f7b6ffd1ffffec87",2,3.81,,10,22.06,54.31,,0.00,,0,0,0,0,,,,-0.14,-1.00,-0.98,-0.48,-0.77
2024-11-13T15:38:32Z,"0002cc0100000ecc","36545f8a78f93cfe0a16088a80000000000000000000fffffffff68567e9761e",2,3.81,,10,22.03,54.10,,0.00,,0,0,0,0,,,,0.38,0.12,-0.41,-1.00,-1.00
2024-11-13T15:44:28Z,"0002cc0100000ecc","36545f8bdcf93cfe0a16058951000000000000000000f79deebffd47f409dc4e",2,3.81,,10,22.02,53.64,,0.00,,0,0,0,0,,,,-0.03,-0.25,-0.66,-0.21,-0.48
2024-11-13T15:50:24Z,"0002cc0100000ecc","36545f8d40f93cf60a160187d1392ed0000000000000ff4ddde17cc86df77745",2,3.81,,10,22.00,53.05,,0.02,,0,0,0,0,,,,0.45,0.19,0.60,-0.05,-0.91
2024-11-13T15:56:21Z,"0002cc0100000ecc","36545f8ea5f93cfe0a15fa87e60000000000000000007cb87740647aff6effffffff",2,3.81,,10,21.97,53.09,,0.00,,0,0,0,0,,,-1.00,-1.00,-0.93,0.07,0.45,0.59
2024-11-13T16:02:16Z,"0002cc0100000ecc","36545f9008f93cf60a15e487e5000000000000000000ffffffffffd46f9575ea",2,3.81,,10,21.89,53.08,,0.00,,0,0,0,0,,,,0.37,0.24,-0.98,-1.00,-1.00
2024-11-13T16:08:13Z,"0002cc0100000ecc","36545f916df93cf60a15d98870000000000000000000ff7aff03ffc7f40d7ca4e4df",2,3.81,,10,21.85,53.30,,0.00,,0,0,0,0,,,-0.08,0.58,-0.25,-0.97,-0.88,-0.93
2024-11-13T16:14:09Z,"0002cc0100000ecc","36545f92d1f93cf60a15c488af000000000000000000ffffffffffffffff6f1c",2,3.81,,10,21.76,53.39,,0.00,,0,0,0,0,,,,0.22,-1.00,-1.00,-1.00,-1.00
2024-11-13T16:20:05Z,"0002cc0100000ecc","36545f9435f93cf60a15c4891700000000000000000076cc7c8b6d9276886eba67c3",2,3.81,,10,21.76,53.55,,0.00,,0,0,0,0,,,0.12,0.21,0.41,0.17,0.57,0.42
2024-11-13T16:26:01Z,"0002cc0100000ecc","36545f9599f93cf60a15bc89fb392ed0000000000000ffffffffed28fd98ffff",2,3.81,,10,21.73,53.90,,0.02,,0,0,0,0,,,,-1.00,-0.70,-0.16,-1.00,-1.00
2024-11-13T16:31:57Z,"0002cc0100000ecc","36545f96fdf93cf60a15ad89ed000000000000000000750aeca4f72afe6dfc9b",2,3.81,,10,21.68,53.88,,0.00,,0,0,0,0,,,,-0.58,-0.80,-0.45,-0.15,0.31
2024-11-13T16:37:53Z,"0002cc0100000ecc","36545f9861f93cf60a159c8a46000000000000000000ffffffffffffffffffff",2,3.81,,10,21.61,54.01,,0.00,,0,0,0,0,,,,-1.00,-1.00,-1.00,-1.00,-1.00
2024-11-13T16:43:49Z,"0002cc0100000ecc","36545f99c5f93cfe0a159189d2000000000000000000ffffffffffffffffffff",2,3.81,,10,21.56,53.84,,0.00,,0,0,0,0,,,,-1.00,-1.00,-1.00,-1.00,-1.00
2024-11-13T16:49:45Z,"0002cc0100000ecc","36545f9b29f93cf60a158a8a55000000000000000000ffffffffffffffffffff",2,3.81,,10,21.54,54.04,,0.00,,0,0,0,0,,,,-1.00,-1.00,-1.00,-1.00,-1.00
2024-11-13T16:55:41Z,"0002cc0100000ecc","36545f9c8df93cfe0a157f88cc000000000000000000ffffffffffffffffffff",2,3.81,,10,21.49,53.44,,0.00,,0,0,0,0,,,,-1.00,-1.00,-1.00,-1.00,-1.00
2024-11-13T17:01:37Z,"0002cc0100000ecc","36545f9df1f93cf60a15778869000000000000000000ffffffffffffffffffff",2,3.81,,10,21.46,53.29,,0.00,,0,0,0,0,,,,-1.00,-1.00,-1.00,-1.00,-1.00
2024-11-13T17:07:33Z,"0002cc0100000ecc","36545f9f55f93cf60a15748869000000000000000000ffffffffffffffffffffffff",2,3.81,,10,21.45,53.29,,0.00,,0,0,0,0,,,-1.00,-1.00,-1.00,-1.00,-1.00,-1.00
2024-11-13T17:13:29Z,"0002cc0100000ecc","36545fa0b9f93cf60a15698864392ed0000000000000fffffffffffffef5ffff",2,3.81,,10,21.41,53.28,,0.02,,0,0,0,0,,,,-1.00,-0.87,-1.00,-1.00,-1.00
2024-11-13T17:19:25Z,"0002cc0100000ecc","36545fa21df93cf60a15698a01392ed0000000000000e61cfe6dfee4ff60fc58",2,3.81,,10,21.41,53.91,,0.02,,0,0,0,0,,,,-0.54,-0.92,-0.86,-0.80,-0.10
2024-11-13T17:25:21Z,"0002cc0100000ecc","36545fa381f93cf60a15778a9e000000000000000000f6ba66826f737c83d4d4",2,3.81,,10,21.46,54.15,,0.00,,0,0,0,0,,,,-0.02,0.56,0.23,0.10,-0.42
2024-11-13T17:31:18Z,"0002cc0100000ecc","36545fa4e6f93cf60a15778f35392ed0000000000000fffffc3afddeff696fa275e3",2,3.81,,10,21.46,55.94,,0.02,,0,0,0,0,,,0.37,0.24,-0.93,-0.73,-0.53,-1.00
2024-11-13T17:37:13Z,"0002cc0100000ecc","36545fa649f93cf60a157f8b7f000000000000000000ffffffe9fffffec2ffff",2,3.81,,10,21.49,54.49,,0.00,,0,0,0,0,,,,-1.00,-0.84,-1.00,-0.99,-1.00
2024-11-13T17:43:10Z,"0002cc0100000ecc","36545fa7aef202050000157f8bcd000000000000000000fffffffff76274dfee4e",2,,2.5.0.0,,21.49,54.61,,0.00,,0,0,0,0,,,,-0.20,0.30,-0.46,-1.00,-1.00
2024-11-13T17:49:06Z,"0002cc0100000ecc","36545fa912f93cee0a15828c48000000000000000000d42e7496f66776f1f7e0fc3a",2,3.81,,10,21.51,54.80,,0.00,,0,0,0,0,,,-0.53,-0.49,0.43,-0.40,0.29,-0.02
2024-11-13T17:55:02Z,"0002cc0100000ecc","36545faa76f93ce60a15828c87000000000000000000ff04ffffffffffffffe7",2,3.81,,10,21.51,54.89,,0.00,,0,0,0,0,,,,-0.99,-1.00,-1.00,-1.00,-0.88
2024-11-13T18:00:58Z,"0002cc0100000ecc","36545fabdaf93cf60a15918cec000000000000000000b445645bf7fffe9bfcfd",2,3.81,,10,21.56,55.05,,0.00,,0,0,0,0,,,,-0.62,-0.83,-0.50,0.07,-0.00
2024-11-13T18:06:54Z,"0002cc0100000ecc","36545fad3ef93cee0a159c8dc7000000000000000000fc1cfe54f434df376f74fcd3",2,3.81,,10,21.61,55.38,,0.00,,0,0,0,0,,,-0.60,0.23,-0.06,-0.26,-0.79,-0.51
2024-11-13T18:12:50Z,"0002cc0100000ecc","36545faea2f93cee0a159f88ba000000000000000000fefefffffffffeb777d5",2,3.81,,10,21.62,53.41,,0.00,,0,0,0,0,,,,0.49,-0.84,-1.00,-1.00,-0.87
2024-11-13T18:18:46Z,"0002cc0100000ecc","36545fb006f93cee0a159c8878000000000000000000fc35fe03ec6efffffd15",2,3.81,,10,21.61,53.31,,0.00,,0,0,0,0,,,,-0.64,-1.00,-0.14,-0.75,-0.53
2024-11-13T18:24:42Z,"0002cc0100000ecc","36545fb16af93cee0a1598893e392ed0000000000000fffffffff4697448fdf7",2,3.81,,10,21.59,53.61,,0.02,,0,0,0,0,,,,-0.75,0.27,-0.28,-1.00,-1.00
2024-11-13T18:30:39Z,"0002cc0100000ecc","36545fb2cff93cee0a159c892f000000000000000000540f5f3cfcbffc34fde7ffff",2,3.81,,10,21.61,53.59,,0.00,,0,0,0,0,,,-1.00,-0.74,-0.53,-0.59,0.06,0.02
2024-11-13T18:36:35Z,"0002cc0100000ecc","36545fb433f93cee0a159489ba000000000000000000fffffe77ffb0fd49ff69",2,3.81,,10,21.58,53.80,,0.00,,0,0,0,0,,,,-0.93,-0.66,-0.96,-0.81,-1.00
2024-11-13T18:42:31Z,"0002cc0100000ecc","36545fb597f93cee0a15948a91000000000000000000f470fde7ff08fc1f7c28",2,3.81,,10,21.58,54.13,,0.00,,0,0,0,0,,,,0.52,-0.51,-0.88,-0.74,-0.28
2024-11-13T18:48:27Z,"0002cc0100000ecc","36545fb6fbf93cee0a15918a49000000000000000000fffff4e57cccfed6fffffe64",2,3.81,,10,21.56,54.02,,0.00,,0,0,0,0,,,-0.80,-1.00,-0.85,0.60,-0.31,-1.00
2024-11-13T18:54:23Z,"0002cc0100000ecc","36545fb85ff93cee0a158a8d59392ed0000000000000ffffff14fd20dd9eeebf",2,3.81,,10,21.54,55.21,,0.02,,0,0,0,0,,,,-0.21,-0.04,-0.64,-0.89,-1.00
2024-11-13T19:00:19Z,"0002cc0100000ecc","36545fb9c3f93cee0a159c8a05000000000000000000769af6e2f7c1346cf5e1fd50",2,3.81,,10,21.61,53.91,,0.00,,0,0,0,0,,,-0.66,-0.37,0.00,-0.48,-0.43,0.41
2024-11-13T19:06:15Z,"0002cc0100000ecc","36545fbb27f93cee0a15948a7a392ed0000000000000fc1775835c4eee38f787",2,3.81,,10,21.58,54.09,,0.02,,0,0,0,0,,,,-0.47,-0.19,0.03,0.34,-0.51
2024-11-13T19:12:11Z,"0002cc0100000ecc","36545fbc8bf93cee0a15948b300000000000000000007d88e4567d0e74467629e789",2,3.81,,10,21.58,54.37,,0.00,,0,0,0,0,,,-0.12,0.38,0.27,0.63,-0.07,0.69
2024-11-13T19:18:07Z,"0002cc0100000ecc","36545fbdeff93cfa0a15988b390000000000000000006449763276b5fe44ffff",2,3.81,,10,21.59,54.38,,0.00,,0,0,0,0,,,,-1.00,-0.78,0.42,0.39,0.07
2024-11-13T19:24:03Z,"0002cc0100000ecc","36545fbf53f93cea0a15918b9d000000000000000000ffffffffffffffc0ffff",2,3.81,,10,21.56,54.54,,0.00,,0,0,0,0,,,,-1.00,-0.97,-1.00,-1.00,-1.00
2024-11-13T19:30:00Z,"0002cc0100000ecc","36545fc0b8f93cee0a15988cc0392ed00000000000007c2bfc20d40bfd12fcd3e410",2,3.81,,10,21.59,54.98,,0.02,,0,0,0,0,,,-0.06,-0.60,-0.63,-0.02,-0.52,0.52
2024-11-13T19:35:56Z,"0002cc0100000ecc","36545fc21cf93cee0a159f8d0a000000000000000000ffaffd33ffffd53b6554",2,3.81,,10,21.62,55.09,,0.00,,0,0,0,0,,,,0.08,-0.02,-1.00,-0.65,-0.96
2024-11-13T19:41:52Z,"0002cc0100000ecc","36545fc380f93cea0a15a78d4c000000000000000000fffffd2aff316c6876e8",2,3.81,,10,21.65,55.19,,0.00,,0,0,0,0,,,,0.43,0.14,-0.90,-0.65,-1.00
2024-11-13T19:47:48Z,"0002cc0100000ecc","36545fc4e4f93cee0a15b98cdd0000000000000000006c6f76877786f6abf53bffae",2,3.81,,10,21.72,55.03,,0.00,,0,0,0,0,,,-0.96,-0.33,-0.42,0.47,0.41,0.14
2024-11-13T19:53:44Z,"0002cc0100000ecc","36545fc648f93cee0a15bc8be7392ed0000000000000ff05ffffec367d7c67ae",2,3.81,,10,21.73,54.65,,0.02,,0,0,0,0,,,,0.12,0.69,-0.13,-1.00,-0.88
2024-11-13T19:59:40Z,"0002cc0100000ecc","36545fc7acf93cee0a15cb8cf3000000000000000000edcbf50f76247445740f",2,3.81,,10,21.79,55.06,,0.00,,0,0,0,0,,,,0.25,0.27,0.38,-0.32,-0.18
2024-11-13T20:05:36Z,"0002cc0100000ecc","36545fc910f93cfa0a15cb8c4d000000000000000000ff0fffffff5265dbeec36d99",2,3.81,,10,21.79,54.81,,0.00,,0,0,0,0,,,0.17,-0.21,0.09,-0.91,-1.00,-0.88
2024-11-13T20:11:32Z,"0002cc0100000ecc","36545fca74f93cea0a15cf8c36392ed0000000000000fe4cffff75527418f506",2,3.81,,10,21.81,54.77,,0.02,,0,0,0,0,,,,-0.31,0.26,0.33,-1.00,-0.79
2024-11-13T20:17:28Z,"0002cc0100000ecc","36545fcbd8f93cee0a15cf8c95000000000000000000744a7cf676f76e36fcd1",2,3.81,,10,21.81,54.92,,0.00,,0,0,0,0,,,,-0.60,0.19,0.44,0.62,0.27
2024-11-13T20:23:24Z,"0002cc0100000ecc","36545fcd3cf93cea0a15c48cb1000000000000000000ffffffffef416665761d",2,3.81,,10,21.76,54.96,,0.00,,0,0,0,0,,,,0.38,0.10,-0.23,-1.00,-1.00
2024-11-13T20:29:21Z,"0002cc0100000ecc","36545fcea1f93cee0a15b98cec000000000000000000660cf44bff10ffc2ffffffff",2,3.81,,10,21.72,55.05,,0.00,,0,0,0,0,,,-1.00,-1.00,-0.97,-0.88,-0.27,0.09
2024-11-13T20:35:17Z,"0002cc0100000ecc","36545fd005f93cde0a15b18dd7392ed0000000000000d6704cb0fc01fdbcfe8a",2,3.80,,10,21.69,55.41,,0.02,,0,0,0,0,,,,-0.82,-0.72,-0.50,0.01,-0.03
2024-11-13T20:41:13Z,"0002cc0100000ecc","36545fd169f93cee0a15a786b00000000000000000007cd16d4fef7be4906d4f",2,3.81,,10,21.65,52.61,,0.00,,0,0,0,0,,,,0.17,-0.07,-0.23,0.17,0.60
2024-11-13T20:47:09Z,"0002cc0100000ecc","36545fd2cdf93cea0a15aa8543392ed00000000000007683e7017d887c9e6e785d8d",2,3.81,,10,21.66,52.06,,0.02,,0,0,0,0,,,0.04,0.20,0.58,0.69,-0.11,0.41
2024-11-13T20:53:05Z,"0002cc0100000ecc","36545fd431f93cf20a15947dfb392ed0000000000000fef465b3fdd7ffffff99",2,3.81,,10,21.58,49.21,,0.02,,0,0,0,0,,,,-0.95,-1.00,-0.73,0.09,-0.87
2024-11-13T20:59:01Z,"0002cc0100000ecc","36545fd595f93cea0a15827544392ed000000000000066caded77c02749effff",2,3.81,,10,21.51,45.81,,0.02,,0,0,0,0,,,,-1.00,0.29,0.50,-0.05,0.11
2024-11-13T21:04:57Z,"0002cc0100000ecc","36545fd6f9f93cea0a158a744e00000000000000000075d877e36db36d3e6e50",2,3.81,,10,21.54,45.43,,0.00,,0,0,0,0,,,,0.20,0.16,0.18,0.49,0.37
2024-11-13T21:10:53Z,"0002cc0100000ecc","36545fd85df93cea0a157b71ce392ed0000000000000ffff67166f02fd2ffd8e7583",2,3.81,,10,21.48,44.46,,0.02,,0,0,0,0,,,0.34,-0.69,-0.65,0.22,0.11,-1.00
2024-11-13T21:16:49Z,"0002cc0100000ecc","36545fd9c1f93cea0a1566704c0000000000000000006faaff76ffffffffffff",2,3.81,,10,21.40,43.87,,0.00,,0,0,0,0,,,,-1.00,-1.00,-1.00,-0.93,0.24
2024-11-13T21:22:45Z,"0002cc0100000ecc","36545fdb25f93cea0a155b6fa7000000000000000000ffffffffffffffffffff",2,3.81,,10,21.35,43.61,,0.00,,0,0,0,0,,,,-1.00,-1.00,-1.00,-1.00,-1.00
2024-11-13T21:28:41Z,"0002cc0100000ecc","36545fdc89f93cea0a15416f04000000000000000000ffffffffffffffffffffffff",2,3.81,,10,21.25,43.37,,0.00,,0,0,0,0,,,-1.00,-1.00,-1.00,-1.00,-1.00,-1.00
2024-11-13T21:34:37Z,"0002cc0100000ecc","36545fddedf93cea0a15416d8b000000000000000000ffffffffffffffffffff",2,3.81,,10,21.25,42.79,,0.00,,0,0,0,0,,,,-1.00,-1.00,-1.00,-1.00,-1.00
2024-11-13T21:40:33Z,"0002cc0100000ecc","36545fdf51f93cea0a153b6c14000000000000000000ffffffffffffffffffff",2,3.81,,10,21.23,42.22,,0.00,,0,0,0,0,,,,-1.00,-1.00,-1.00,-1.00,-1.00
2024-11-13T21:46:29Z,"0002cc0100000ecc","36545fe0b5f20205000015306b27000000000000000000ffffffffffffffffffff",2,,2.5.0.0,,21.18,41.86,,0.00,,0,0,0,0,,,,-1.00,-1.00,-1.00,-1.00,-1.00
2024-11-13T21:52:25Z,"0002cc0100000ecc","36545fe219f93cea0a152c6a93000000000000000000ffffffffffffffffffffffff",2,3.81,,10,21.17,41.63,,0.00,,0,0,0,0,,,-1.00,-1.00,-1.00,-1.00,-1.00,-1.00
2024-11-13T21:58:21Z,"0002cc0100000ecc","36545fe37df93cea0a15246a61000000000000000000ffffffffffffffffffff",2,3.81,,10,21.14,41.55,,0.00,,0,0,0,0,,,,-1.00,-1.00,-1.00,-1.00,-1.00
2024-11-13T22:04:18Z,"0002cc0100000ecc","36545fe4e2f93cea0a15216a0d000000000000000000ffffffffffffffffffffffff",2,3.81,,10,21.13,41.43,,0.00,,0,0,0,0,,,-1.00,-1.00,-1.00,-1.00,-1.00,-1.00
2024-11-13T22:10:14Z,"0002cc0100000ecc","36545fe646f93ce20a151d6bef392ed0000000000000fffffdbffffffe407594",2,3.81,,10,21.11,42.16,,0.02,,0,0,0,0,,,,0.35,-0.78,-1.00,-0.72,-1.00
2024-11-13T22:16:10Z,"0002cc0100000ecc","36545fe7aaf93cea0a15246a03000000000000000000fc4cde88fc69dde3c585ffff",2,3.81,,10,21.14,41.41,,0.00,,0,0,0,0,,,-1.00,-0.01,-0.05,-0.55,-0.05,-0.54
2024-11-13T22:22:06Z,"0002cc0100000ecc","36545fe90ef93cea0a151d6a01000000000000000000fd70fe44ffffffffff07",2,3.81,,10,21.11,41.41,,0.00,,0,0,0,0,,,,-0.88,-1.00,-1.00,-0.78,-0.68
2024-11-13T22:28:02Z,"0002cc0100000ecc","36545fea72f93ce20a15216c1f000000000000000000fd647645fefafe15fcce",2,3.81,,10,21.13,42.24,,0.00,,0,0,0,0,,,,-0.60,-0.76,-0.87,0.39,-0.67
2024-11-13T22:33:58Z,"0002cc0100000ecc","36545febd6f93cde0a15216a4e0000000000000000007449f6d0fff8fffffca0ffc0",2,3.80,,10,21.13,41.53,,0.00,,0,0,0,0,,,-0.97,-0.58,-1.00,-1.00,-0.43,0.27
2024-11-13T22:39:54Z,"0002cc0100000ecc","36545fed3af93cee0a151d6a69000000000000000000fffffe8aff336d73fc66",2,3.81,,10,21.11,41.57,,0.00,,0,0,0,0,,,,-0.55,0.17,-0.90,-0.82,-1.00
2024-11-13T22:45:50Z,"0002cc0100000ecc","36545fee9ef93ce20a151d6a39000000000000000000fe8affffffffffffffff",2,3.81,,10,21.11,41.49,,0.00,,0,0,0,0,,,,-1.00,-1.00,-1.00,-1.00,-0.82
2024-11-13T22:51:46Z,"0002cc0100000ecc","36545ff002f93cda0a151d69e6000000000000000000ffffffffffffffffffffffff",2,3.80,,10,21.11,41.37,,0.00,,0,0,0,0,,,-1.00,-1.00,-1.00,-1.00,-1.00,-1.00
2024-11-13T22:57:42Z,"0002cc0100000ecc","36545ff166f93cea0a15196a13000000000000000000ffffffffffffffffffff",2,3.81,,10,21.10,41.44,,0.00,,0,0,0,0,,,,-1.00,-1.00,-1.00,-1.00,-1.00
2024-11-13T23:03:38Z,"0002cc0100000ecc","36545ff2caf93cde0a15126a9d000000000000000000ffffffffffffffffffff",2,3.80,,10,21.07,41.65,,0.00,,0,0,0,0,,,,-1.00,-1.00,-1.00,-1.00,-1.00
2024-11-13T23:09:34Z,"0002cc0100000ecc","36545ff42ef93ce20a15166af1000000000000000000ffffffffffffffffffff",2,3.81,,10,21.08,41.77,,0.00,,0,0,0,0,,,,-1.00,-1.00,-1.00,-1.00,-1.00
2024-11-13T23:15:31Z,"0002cc0100000ecc","36545ff593f93ce20a151d6ca0000000000000000000ffffffffffa2fe3a74026f8a",2,3.81,,10,21.11,42.43,,0.00,,0,0,0,0,,,0.24,0.25,-0.78,-0.95,-1.00,-1.00
2024-11-13T23:21:27Z,"0002cc0100000ecc","36545ff6f7f93ce20a15276b4b392ed0000000000000f668ffffffffffffffff",2,3.81,,10,21.15,41.91,,0.02,,0,0,0,0,,,,-1.00,-1.00,-1.00,-1.00,-0.40
2024-11-13T23:27:23Z,"0002cc0100000ecc","36545ff85bf93ce20a15306a7f00000000000000000075647688bcd5feb1ffff",2,3.81,,10,21.18,41.60,,0.00,,0,0,0,0,,,,-1.00,-0.84,-0.00,0.41,0.34
2024-11-13T23:33:19Z,"0002cc0100000ecc","36545ff9bff93ce20a153369e3000000000000000000fc03ff8dffffffffffffffff",2,3.81,,10,21.20,41.36,,0.00,,0,0,0,0,,,-1.00,-1.00,-1.00,-1.00,-0.94,-0.50
2024-11-13T23:39:15Z,"0002cc0100000ecc","36545ffb23f93ce20a153b6b51000000000000000000fffffffffffffffffce7",2,3.81,,10,21.23,41.92,,0.00,,0,0,0,0,,,,-0.61,-1.00,-1.00,-1.00,-1.00
2024-11-13T23:45:11Z,"0002cc0100000ecc","36545ffc87f93ce20a154c69e2000000000000000000dfabde8affffffffffff",2,3.81,,10,21.30,41.36,,0.00,,0,0,0,0,,,,-1.00,-1.00,-1.00,-0.05,-0.06
2024-11-13T23:51:07Z,"0002cc0100000ecc","36545ffdebf93cea0a15546a5d000000000000000000fffffffffffffe327676",2,3.81,,10,21.33,41.55,,0.00,,0,0,0,0,,,,0.40,-0.77,-1.00,-1.00,-1.00
2024-11-13T23:57:03Z,"0002cc0100000ecc","36545fff4ff93ce20a15626992000000000000000000ffffffffffffffffffffffff",2,3.81,,10,21.38,41.24,,0.00,,0,0,0,0,,,-1.00,-1.00,-1.00,-1.00,-1.00,-1.00
