Time,DevEUI,Raw,Port,Vbat,Version,BootCount,T,RH,P,Light,CO2,P[0].delta,P[0].total,P[1].delta,P[1].total,Act[7],Act[6],Act[5],Act[4],Act[3],Act[2],Act[1],Act[0]
2024-11-12T00:04:57Z,"0002cc0100000ecc","36545d5e29f93d540a15868b69000000000000000000752174a0feb6ffffffff",2,3.83,,10,21.52,54.46,,0.00,,0,0,0,0,,,,-1.00,-1.00,-0.84,0.29,0.32
2024-11-12T00:10:53Z,"0002cc0100000ecc","36545d5f8df93d4c0a15868b4b000000000000000000ffffffffffffffffff22",2,3.83,,10,21.52,54.41,,0.00,,0,0,0,0,,,,-0.89,-1.00,-1.00,-1.00,-1.00
2024-11-12T00:16:49Z,"0002cc0100000ecc","36545d60f1f93d4c0a15948b97000000000000000000ec6e7c1ee47ff4707cf2",2,3.83,,10,21.58,54.53,,0.00,,0,0,0,0,,,,0.62,-0.28,-0.07,0.51,-0.14
2024-11-12T00:22:45Z,"0002cc0100000ecc","36545d6255f93d400a15918b9d000000000000000000fef8ffbffc55fffffd1e",2,3.83,,10,21.56,54.54,,0.00,,0,0,0,0,,,,-0.64,-1.00,-0.54,-0.97,-0.87
2024-11-12T00:28:41Z,"0002cc0100000ecc","36545d63b9f93d4c0a15988ba800000000000000000054b0fe38fe9effffffff",2,3.83,,10,21.59,54.55,,0.00,,0,0,0,0,,,,-1.00,-1.00,-0.83,-0.78,0.02
2024-11-12T00:34:38Z,"0002cc0100000ecc","36545d651ef93d540a159f8b9400000000000000000076e2eeb17492ffa2ffa3ffff",2,3.83,,10,21.62,54.52,,0.00,,0,0,0,0,,,-1.00,-0.95,-0.95,0.29,-0.21,0.43
2024-11-12T00:40:33Z,"0002cc0100000ecc","36545d6681f93d4c0a159c8bd2000000000000000000ffffffffffffffffffff",2,3.83,,10,21.61,54.62,,0.00,,0,0,0,0,,,,-1.00,-1.00,-1.00,-1.00,-1.00
2024-11-12T00:46:29Z,"0002cc0100000ecc","36545d67e5f93d4c0a159f8be4000000000000000000ffffffffffffffffffff",2,3.83,,10,21.62,54.65,,0.00,,0,0,0,0,,,,-1.00,-1.00,-1.00,-1.00,-1.00
2024-11-12T00:52:26Z,"0002cc0100000ecc","36545d694ad93d400a15a28c44000000000000ffffffffffffffffffffffff",2,3.83,,10,21.63,54.79,,,,0,0,0,0,,,-1.00,-1.00,-1.00,-1.00,-1.00,-1.00
2024-11-12T00:58:21Z,"0002cc0100000ecc","36545d6aadf93d540a159f8c7a000000000000000000ffffffffffffffffffff",2,3.83,,10,21.62,54.87,,0.00,,0,0,0,0,,,,-1.00,-1.00,-1.00,-1.00,-1.00
2024-11-12T01:04:18Z,"0002cc0100000ecc","36545d6c12f93d400a159c8c78000000000000000000ffffffffffffffffffffffff",2,3.83,,10,21.61,54.87,,0.00,,0,0,0,0,,,-1.00,-1.00,-1.00,-1.00,-1.00,-1.00
2024-11-12T01:10:14Z,"0002cc0100000ecc","36545d6d76f20205000015a28d32000000000000000000f7f7fffffe5d6c89f4be",2,,2.5.0.0,,21.63,55.16,,0.00,,0,0,0,0,,,,-0.30,0.14,-0.80,-1.00,-0.50
2024-11-12T01:16:10Z,"0002cc0100000ecc","36545d6edaf93d4c0a15a78d1c000000000000000000fffffffffffffd10f45a",2,3.83,,10,21.65,55.12,,0.00,,0,0,0,0,,,,-0.27,-0.63,-1.00,-1.00,-1.00
2024-11-12T01:22:06Z,"0002cc0100000ecc","36545d703ef93d4c0a15ad8d7f000000000000000000ffffffe4fffffebc7510",2,3.83,,10,21.68,55.27,,0.00,,0,0,0,0,,,,0.32,-0.84,-1.00,-0.99,-1.00
2024-11-12T01:28:02Z,"0002cc0100000ecc","36545d71a2f93d4c0a15b68d43392ed0000000000000fd1ffccefeb4ffff6c717dcd",2,3.83,,10,21.71,55.18,,0.02,,0,0,0,0,,,0.73,0.14,-1.00,-0.84,-0.60,-0.64
2024-11-12T01:33:58Z,"0002cc0100000ecc","36545d7306f93d4c0a15cf8f480000000000000000006fadf635ed8e6f3defab",2,3.83,,10,21.81,55.97,,0.00,,0,0,0,0,,,,-0.24,0.23,-0.17,-0.39,0.24
2024-11-12T01:39:54Z,"0002cc0100000ecc","36545d746af93d4c0a15cf8cbd000000000000000000fce4fe1afe34ffffffff",2,3.83,,10,21.81,54.98,,0.00,,0,0,0,0,,,,-1.00,-1.00,-0.78,-0.76,-0.61
2024-11-12T01:45:50Z,"0002cc0100000ecc","36545d75cef93d4c0a15cf8ccc392ed0000000000000fffffebff7b36ca87744",2,3.83,,10,21.81,55.00,,0.02,,0,0,0,0,,,,0.45,0.15,-0.48,-0.84,-1.00
2024-11-12T01:51:46Z,"0002cc0100000ecc","36545d7732f93d4c0a15cb8c7d00000000000000000075507cb7ef9df6f0fffe",2,3.83,,10,21.79,54.88,,0.00,,0,0,0,0,,,,-1.00,-0.43,-0.24,0.59,0.33
2024-11-12T01:57:42Z,"0002cc0100000ecc","36545d7896f93d4c0a15cb8c9c000000000000000000ffffef666572fce0e78f",2,3.83,,10,21.79,54.93,,0.00,,0,0,0,0,,,,-0.12,-0.61,0.09,-0.23,-1.00
2024-11-12T02:03:38Z,"0002cc0100000ecc","36545d79faf93d4c0a15cb8c93000000000000000000fffffeb7fe5e6d615618fd35",2,3.83,,10,21.79,54.91,,0.00,,0,0,0,0,,,-0.65,0.02,0.17,-0.80,-0.84,-1.00
2024-11-12T02:09:35Z,"0002cc0100000ecc","36545d7b5ff93d4c0a15c78cab417f81000000000000ffa3ff666683edc8ffff",2,3.83,,10,21.78,54.95,,5.99,,0,0,0,0,,,,-1.00,-0.18,0.10,-0.93,-0.95
2024-11-12T02:15:31Z,"0002cc0100000ecc","36545d7cc3f93d4c0a15c48caa42d7e6000000000000de3cf64dfe24ffffffff",2,3.83,,10,21.76,54.95,,14.75,,0,0,0,0,,,,-1.00,-1.00,-0.77,-0.39,-0.05
2024-11-12T02:21:27Z,"0002cc0100000ecc","36545d7e27f93d4c0a15c78c9243109e000000000000f78974606571ccd2ff93",2,3.83,,10,21.78,54.91,,17.04,,0,0,0,0,,,,-0.95,-0.01,0.08,0.27,-0.47
2024-11-12T02:27:23Z,"0002cc0100000ecc","36545d7f8bf93d4c0a15cb8c3c4319c4000000000000ffffffffffffffffffffffff",2,3.83,,10,21.79,54.78,,17.61,,0,0,0,0,,,-1.00,-1.00,-1.00,-1.00,-1.00,-1.00
2024-11-12T02:33:19Z,"0002cc0100000ecc","36545d80eff93d4c0a15cb8bf643218c000000000000ffffffffffffffffffff",2,3.83,,10,21.79,54.67,,18.10,,0,0,0,0,,,,-1.00,-1.00,-1.00,-1.00,-1.00
2024-11-12T02:39:15Z,"0002cc0100000ecc","36545d8253f93d440a15d98bb44324aa000000000000ffffffffffffffffffff",2,3.83,,10,21.85,54.57,,18.29,,0,0,0,0,,,,-1.00,-1.00,-1.00,-1.00,-1.00
2024-11-12T02:45:11Z,"0002cc0100000ecc","36545d83b7f93d4c0a15dd8b6d43267a000000000000ffffffffffffffffffff",2,3.83,,10,21.86,54.46,,18.40,,0,0,0,0,,,,-1.00,-1.00,-1.00,-1.00,-1.00
2024-11-12T02:51:07Z,"0002cc0100000ecc","36545d851bf93d4c0a15ec8b2d432ac1000000000000ffffffffffffffffffffffff",2,3.83,,10,21.92,54.37,,18.67,,0,0,0,0,,,-1.00,-1.00,-1.00,-1.00,-1.00,-1.00
2024-11-12T02:57:03Z,"0002cc0100000ecc","36545d867ff93d4c0a15e88ae9432b15000000000000ffffffffffffffffffff",2,3.83,,10,21.90,54.26,,18.69,,0,0,0,0,,,,-1.00,-1.00,-1.00,-1.00,-1.00
2024-11-12T03:02:59Z,"0002cc0100000ecc","36545d87e3f93d4c0a15ec8abc432c92000000000000ffffffffffffffffffff",2,3.83,,10,21.92,54.19,,18.79,,0,0,0,0,,,,-1.00,-1.00,-1.00,-1.00,-1.00
2024-11-12T03:08:55Z,"0002cc0100000ecc","36545d8947f93d4c0a15f78a9a432d9c000000000000ffffffffffffffffffff",2,3.83,,10,21.96,54.14,,18.85,,0,0,0,0,,,,-1.00,-1.00,-1.00,-1.00,-1.00
2024-11-12T03:14:51Z,"0002cc0100000ecc","36545d8aabf93d440a15f28a8f432e42000000000000ffffffffffffffffffff",2,3.83,,10,21.95,54.13,,18.89,,0,0,0,0,,,,-1.00,-1.00,-1.00,-1.00,-1.00
2024-11-12T03:20:47Z,"0002cc0100000ecc","36545d8c0ff93d440a15fd8a64432ea5000000000000ffffffffffffffffffffffff",2,3.83,,10,21.99,54.06,,18.92,,0,0,0,0,,,-1.00,-1.00,-1.00,-1.00,-1.00,-1.00
2024-11-12T03:26:43Z,"0002cc0100000ecc","36545d8d73f93d4c0a16058a37433013000000000000ffffffffffffffffffff",2,3.83,,10,22.02,53.99,,19.00,,0,0,0,0,,,,-1.00,-1.00,-1.00,-1.00,-1.00
2024-11-12T03:32:39Z,"0002cc0100000ecc","36545d8ed7f93d440a16088a294330c9000000000000ffffffffffffffffffff",2,3.83,,10,22.03,53.97,,19.05,,0,0,0,0,,,,-1.00,-1.00,-1.00,-1.00,-1.00
2024-11-12T03:38:35Z,"0002cc0100000ecc","36545d903bf93d440a160c8a0a43311d000000000000ffffffffffffffffffffffff",2,3.83,,10,22.04,53.92,,19.07,,0,0,0,0,,,-1.00,-1.00,-1.00,-1.00,-1.00,-1.00
2024-11-12T03:44:31Z,"0002cc0100000ecc","36545d919ff93d440a161389dd433180000000000000ffffffffffffffffffff",2,3.83,,10,22.07,53.85,,19.09,,0,0,0,0,,,,-1.00,-1.00,-1.00,-1.00,-1.00
2024-11-12T03:50:27Z,"0002cc0100000ecc","36545d9303f93d440a161789b7433180000000000000ffffffffffffffffffff",2,3.83,,10,22.09,53.80,,19.09,,0,0,0,0,,,,-1.00,-1.00,-1.00,-1.00,-1.00
2024-11-12T03:56:23Z,"0002cc0100000ecc","36545d9467f93d440a161389864331e3000000000000ffffffffffffffffffff",2,3.83,,10,22.07,53.72,,19.12,,0,0,0,0,,,,-1.00,-1.00,-1.00,-1.00,-1.00
2024-11-12T04:02:19Z,"0002cc0100000ecc","36545d95cbf93d440a16228983433180000000000000ffffffffffffffffffff",2,3.83,,10,22.13,53.72,,19.09,,0,0,0,0,,,,-1.00,-1.00,-1.00,-1.00,-1.00
2024-11-12T04:08:15Z,"0002cc0100000ecc","36545d972ff93d440a161e896b43328a000000000000ffffffffffffffffffff",2,3.83,,10,22.11,53.68,,19.16,,0,0,0,0,,,,-1.00,-1.00,-1.00,-1.00,-1.00
2024-11-12T04:14:11Z,"0002cc0100000ecc","36545d9893f93d440a16258945433236000000000000ffffffffffffffffffffffff",2,3.83,,10,22.14,53.62,,19.14,,0,0,0,0,,,-1.00,-1.00,-1.00,-1.00,-1.00,-1.00
2024-11-12T04:20:06Z,"0002cc0100000ecc","36545d99f6f93d440a162d8950433180000000000000ffffffffffffffffffff",2,3.83,,10,22.17,53.64,,19.09,,0,0,0,0,,,,-1.00,-1.00,-1.00,-1.00,-1.00
2024-11-12T04:26:02Z,"0002cc0100000ecc","36545d9b5af93d440a162d89204332ed000000000000ffffffffffffffffffff",2,3.83,,10,22.17,53.57,,19.18,,0,0,0,0,,,,-1.00,-1.00,-1.00,-1.00,-1.00
2024-11-12T04:31:59Z,"0002cc0100000ecc","36545d9cbff93d440a1630891243328a000000000000ffffffffffffffffffffffff",2,3.83,,10,22.19,53.54,,19.16,,0,0,0,0,,,-1.00,-1.00,-1.00,-1.00,-1.00,-1.00
2024-11-12T04:37:54Z,"0002cc0100000ecc","36545d9e22f93d440a163088fa4333a3000000000000ffffffffffffffffffff",2,3.83,,10,22.19,53.51,,19.23,,0,0,0,0,,,,-1.00,-1.00,-1.00,-1.00,-1.00
2024-11-12T04:43:50Z,"0002cc0100000ecc","36545d9f86f93d440a163788cd43328a000000000000ffffffffffffffffffff",2,3.83,,10,22.21,53.44,,19.16,,0,0,0,0,,,,-1.00,-1.00,-1.00,-1.00,-1.00
2024-11-12T04:49:47Z,"0002cc0100000ecc","36545da0ebf93d440a163388ac433340000000000000ffffffffffffffffffffffff",2,3.83,,10,22.20,53.39,,19.20,,0,0,0,0,,,-1.00,-1.00,-1.00,-1.00,-1.00,-1.00
2024-11-12T04:55:42Z,"0002cc0100000ecc","36545da24ef93d440a1637889d43328a000000000000ffffffffffffffffffff",2,3.83,,10,22.21,53.37,,19.16,,0,0,0,0,,,,-1.00,-1.00,-1.00,-1.00,-1.00
2024-11-12T05:01:39Z,"0002cc0100000ecc","36545da3b3f93d440a163b88b7433394000000000000ffffffffffffffffffffffff",2,3.83,,10,22.23,53.41,,19.22,,0,0,0,0,,,-1.00,-1.00,-1.00,-1.00,-1.00,-1.00
2024-11-12T05:07:34Z,"0002cc0100000ecc","36545da516f93d440a1633888d43328a000000000000ffffffffffffffffffff",2,3.83,,10,22.20,53.34,,19.16,,0,0,0,0,,,,-1.00,-1.00,-1.00,-1.00,-1.00
2024-11-12T05:13:30Z,"0002cc0100000ecc","36545da67af202050000163788a54333f7000000000000ffffffffffffffffffff",2,,2.5.0.0,,22.21,53.38,,19.25,,0,0,0,0,,,,-1.00,-1.00,-1.00,-1.00,-1.00
2024-11-12T05:19:27Z,"0002cc0100000ecc","36545da7dff93d440a163e88e84332ed000000000000ffffffffffffffffffffffff",2,3.83,,10,22.24,53.48,,19.18,,0,0,0,0,,,-1.00,-1.00,-1.00,-1.00,-1.00,-1.00
2024-11-12T05:25:22Z,"0002cc0100000ecc","36545da942f93d440a164289214333a3000000000000ffffffffffffffffffff",2,3.83,,10,22.25,53.57,,19.23,,0,0,0,0,,,,-1.00,-1.00,-1.00,-1.00,-1.00
2024-11-12T05:31:18Z,"0002cc0100000ecc","36545daaa6f93d440a163b89364332ed000000000000ffffffffffffffffffff",2,3.83,,10,22.23,53.60,,19.18,,0,0,0,0,,,,-1.00,-1.00,-1.00,-1.00,-1.00
2024-11-12T05:37:15Z,"0002cc0100000ecc","36545dac0bf93d440a16428971433384000000000000ffffffffffffffffffffffff",2,3.83,,10,22.25,53.69,,19.22,,0,0,0,0,,,-1.00,-1.00,-1.00,-1.00,-1.00,-1.00
2024-11-12T05:43:10Z,"0002cc0100000ecc","36545dad6ef93d440a16428932433384000000000000fffffffffffffffffdcf",2,3.83,,10,22.25,53.59,,19.22,,0,0,0,0,,,,-0.73,-1.00,-1.00,-1.00,-1.00
2024-11-12T05:49:06Z,"0002cc0100000ecc","36545daed2f93d440a164d88f6433c0e000000000000fe516d9ff6ebff51fc04",2,3.83,,10,22.30,53.50,,19.75,,0,0,0,0,,,,-0.50,-0.91,-0.43,0.18,-0.79
2024-11-12T05:55:03Z,"0002cc0100000ecc","36545db037f93d400a165188ff4338e0000000000000ee52fe1ffff9ffffefe1fe99",2,3.83,,10,22.31,53.51,,19.55,,0,0,0,0,,,-0.82,-0.25,-1.00,-1.00,-0.77,-0.20
2024-11-12T06:00:59Z,"0002cc0100000ecc","36545db19bf93d400a164d892d433ab0000000000000efbe6592efc9fd44fec5",2,3.83,,10,22.30,53.59,,19.67,,0,0,0,0,,,,-0.85,-0.66,-0.24,0.09,-0.24
2024-11-12T06:06:55Z,"0002cc0100000ecc","36545db2fff93d3c0a164d8915433c0e000000000000ff5effceffffffffffff",2,3.83,,10,22.30,53.55,,19.75,,0,0,0,0,,,,-1.00,-1.00,-1.00,-0.98,-0.92
2024-11-12T06:12:51Z,"0002cc0100000ecc","36545db463f93d440a164688ba433cc4000000000000ffffffffffffffffffffffff",2,3.83,,10,22.27,53.41,,19.80,,0,0,0,0,,,-1.00,-1.00,-1.00,-1.00,-1.00,-1.00
2024-11-12T06:18:47Z,"0002cc0100000ecc","36545db5c7f93d440a164d8885433c1d000000000000ffffffffffffffffffff",2,3.83,,10,22.30,53.33,,19.76,,0,0,0,0,,,,-1.00,-1.00,-1.00,-1.00,-1.00
2024-11-12T06:24:43Z,"0002cc0100000ecc","36545db72bf93d400a1646886c433839000000000000ffffffffffffffffffff",2,3.83,,10,22.27,53.29,,19.51,,0,0,0,0,,,,-1.00,-1.00,-1.00,-1.00,-1.00
2024-11-12T06:30:39Z,"0002cc0100000ecc","36545db88ff93d400a164288a2433839000000000000ffffffffffffffffffff",2,3.83,,10,22.25,53.37,,19.51,,0,0,0,0,,,,-1.00,-1.00,-1.00,-1.00,-1.00
2024-11-12T06:36:35Z,"0002cc0100000ecc","36545db9f3f93d400a164688ab433ab0000000000000ffffffffffffffffffff",2,3.83,,10,22.27,53.39,,19.67,,0,0,0,0,,,,-1.00,-1.00,-1.00,-1.00,-1.00
2024-11-12T06:42:31Z,"0002cc0100000ecc","36545dbb57f93d440a164a88b44339a6000000000000ffffffffffffffffffffffff",2,3.83,,10,22.29,53.40,,19.60,,0,0,0,0,,,-1.00,-1.00,-1.00,-1.00,-1.00,-1.00
2024-11-12T06:48:27Z,"0002cc0100000ecc","36545dbcbbf93d440a164688b2433c0e000000000000ffffffffffffffffffff",2,3.83,,10,22.27,53.40,,19.75,,0,0,0,0,,,,-1.00,-1.00,-1.00,-1.00,-1.00
2024-11-12T06:54:23Z,"0002cc0100000ecc","36545dbe1ff93d400a1642888a433a5d000000000000ffffffffffffffffffff",2,3.83,,10,22.25,53.34,,19.65,,0,0,0,0,,,,-1.00,-1.00,-1.00,-1.00,-1.00
2024-11-12T07:00:19Z,"0002cc0100000ecc","36545dbf83f93d400a16428881433cc4000000000000ffffffffffffffffffffffff",2,3.83,,10,22.25,53.32,,19.80,,0,0,0,0,,,-1.00,-1.00,-1.00,-1.00,-1.00,-1.00
2024-11-12T07:06:15Z,"0002cc0100000ecc","36545dc0e7f93d440a1646887b433bba000000000000ffffffffffffffffffff",2,3.83,,10,22.27,53.31,,19.73,,0,0,0,0,,,,-1.00,-1.00,-1.00,-1.00,-1.00
2024-11-12T07:12:11Z,"0002cc0100000ecc","36545dc24bf93d400a1642886a433c0e000000000000ffffffffffffffffffff",2,3.83,,10,22.25,53.29,,19.75,,0,0,0,0,,,,-1.00,-1.00,-1.00,-1.00,-1.00
2024-11-12T07:18:07Z,"0002cc0100000ecc","36545dc3aff93d400a1646888a4339a6000000000000ffffffffffffffffffff",2,3.83,,10,22.27,53.34,,19.60,,0,0,0,0,,,,-1.00,-1.00,-1.00,-1.00,-1.00
2024-11-12T07:24:03Z,"0002cc0100000ecc","36545dc513f93d440a164288e8433cc4000000000000ffffffffffffffffffffffff",2,3.83,,10,22.25,53.48,,19.80,,0,0,0,0,,,-1.00,-1.00,-1.00,-1.00,-1.00,-1.00
2024-11-12T07:29:59Z,"0002cc0100000ecc","36545dc677f93d400a164289b0433cc4000000000000ffffffffffffffffffffffff",2,3.83,,10,22.25,53.79,,19.80,,0,0,0,0,,,-1.00,-1.00,-1.00,-1.00,-1.00,-1.00
2024-11-12T07:35:55Z,"0002cc0100000ecc","36545dc7dbf93d400a164289ff433c71000000000000ffffffffffffffffffff",2,3.83,,10,22.25,53.91,,19.78,,0,0,0,0,,,,-1.00,-1.00,-1.00,-1.00,-1.00
2024-11-12T07:41:51Z,"0002cc0100000ecc","36545dc93ff93d400a163e8a77433c1d000000000000ffffffffffffffffffff",2,3.83,,10,22.24,54.09,,19.76,,0,0,0,0,,,,-1.00,-1.00,-1.00,-1.00,-1.00
2024-11-12T07:47:47Z,"0002cc0100000ecc","36545dcaa3f93d400a164a8aa1433cc4000000000000ffffff1bffffffffffffffff",2,3.83,,10,22.29,54.15,,19.80,,0,0,0,0,,,-1.00,-1.00,-1.00,-1.00,-0.89,-1.00
2024-11-12T07:53:43Z,"0002cc0100000ecc","36545dcc07f93d340a164a8aca433b67000000000000ffffffffffffffffffff",2,3.83,,10,22.29,54.22,,19.71,,0,0,0,0,,,,-1.00,-1.00,-1.00,-1.00,-1.00
2024-11-12T07:59:39Z,"0002cc0100000ecc","36545dcd6bf93d300a164a8aa1433b14000000000000ffffffffffffffffffffffff",2,3.82,,10,22.29,54.15,,19.69,,0,0,0,0,,,-1.00,-1.00,-1.00,-1.00,-1.00,-1.00
2024-11-12T08:05:35Z,"0002cc0100000ecc","36545dcecff93d400a164d8a6b433b14000000000000ffffffffffffffffffff",2,3.83,,10,22.30,54.07,,19.69,,0,0,0,0,,,,-1.00,-1.00,-1.00,-1.00,-1.00
2024-11-12T08:11:31Z,"0002cc0100000ecc","36545dd033f93d400a16518a4d433d27000000000000ffffffffffffffffffff",2,3.83,,10,22.31,54.02,,19.82,,0,0,0,0,,,,-1.00,-1.00,-1.00,-1.00,-1.00
2024-11-12T08:17:27Z,"0002cc0100000ecc","36545dd197f93d400a16588a40433cc4000000000000ffffffffffffffffffffffff",2,3.83,,10,22.34,54.00,,19.80,,0,0,0,0,,,-1.00,-1.00,-1.00,-1.00,-1.00,-1.00
2024-11-12T08:23:23Z,"0002cc0100000ecc","36545dd2fbf93d400a16588a40433b67000000000000ffffffffffffffffffff",2,3.83,,10,22.34,54.00,,19.71,,0,0,0,0,,,,-1.00,-1.00,-1.00,-1.00,-1.00
2024-11-12T08:29:19Z,"0002cc0100000ecc","36545dd45ff93d400a16518a46433d7b000000000000ffffffffffffffffffff",2,3.83,,10,22.31,54.01,,19.84,,0,0,0,0,,,,-1.00,-1.00,-1.00,-1.00,-1.00
2024-11-12T08:35:15Z,"0002cc0100000ecc","36545dd5c3f93d400a16548a5f433a5d000000000000ffffffffffffffffffff",2,3.83,,10,22.33,54.05,,19.65,,0,0,0,0,,,,-1.00,-1.00,-1.00,-1.00,-1.00
2024-11-12T08:41:11Z,"0002cc0100000ecc","36545dd727f93d400a16518a5e433943000000000000ffffffffffffffffffffffff",2,3.83,,10,22.31,54.05,,19.58,,0,0,0,0,,,-1.00,-1.00,-1.00,-1.00,-1.00,-1.00
2024-11-12T08:47:07Z,"0002cc0100000ecc","36545dd88bf93d400a16548a2f4339a6000000000000ffffffffffffffffffff",2,3.83,,10,22.33,53.98,,19.60,,0,0,0,0,,,,-1.00,-1.00,-1.00,-1.00,-1.00
2024-11-12T08:53:03Z,"0002cc0100000ecc","36545dd9eff93d400a16588a11433849000000000000ffffffffffffffffffff",2,3.83,,10,22.34,53.93,,19.52,,0,0,0,0,,,,-1.00,-1.00,-1.00,-1.00,-1.00
2024-11-12T08:58:59Z,"0002cc0100000ecc","36545ddb53f93d400a16518a05433cc4000000000000ffffffffffffffffffff",2,3.83,,10,22.31,53.91,,19.80,,0,0,0,0,,,,-1.00,-1.00,-1.00,-1.00,-1.00
2024-11-12T09:04:55Z,"0002cc0100000ecc","36545ddcb7f93d400a16588a01433cc4000000000000ffffffffffffffffffff",2,3.83,,10,22.34,53.91,,19.80,,0,0,0,0,,,,-1.00,-1.00,-1.00,-1.00,-1.00
2024-11-12T09:10:51Z,"0002cc0100000ecc","36545dde1bf93d400a16518a0e433b67000000000000ffffffffffffffffffff",2,3.83,,10,22.31,53.93,,19.71,,0,0,0,0,,,,-1.00,-1.00,-1.00,-1.00,-1.00
2024-11-12T09:16:47Z,"0002cc0100000ecc","36545ddf7ff202050000165889aa433ab0000000000000ffffffffffffffffffffffff",2,,2.5.0.0,,22.34,53.78,,19.67,,0,0,0,0,,,-1.00,-1.00,-1.00,-1.00,-1.00,-1.00
2024-11-12T09:22:43Z,"0002cc0100000ecc","36545de0e3f93d300a164d89e4433d6b000000000000ffffffffffffffffffff",2,3.82,,10,22.30,53.86,,19.84,,0,0,0,0,,,,-1.00,-1.00,-1.00,-1.00,-1.00
2024-11-12T09:28:39Z,"0002cc0100000ecc","36545de247f93d480a165c8a59433d6b000000000000ffffffffffffffffffff",2,3.83,,10,22.36,54.04,,19.84,,0,0,0,0,,,,-1.00,-1.00,-1.00,-1.00,-1.00
2024-11-12T09:34:35Z,"0002cc0100000ecc","36545de3abf93d400a165f8a4c433b04000000000000fc7ff652ff4fffffffff",2,3.83,,10,22.37,54.02,,19.69,,0,0,0,0,,,,-1.00,-1.00,-0.91,-0.40,-0.56
2024-11-12T09:40:31Z,"0002cc0100000ecc","36545de50ff93d380a165c8a714338c1000000000000ffffffc4fffffecaff1f",2,3.83,,10,22.36,54.08,,19.55,,0,0,0,0,,,,-0.89,-0.85,-1.00,-0.97,-1.00
2024-11-12T09:46:27Z,"0002cc0100000ecc","36545de673f93d380a165f89cb433ae4000000000000ffffffffffa4ffa7ffffffff",2,3.83,,10,22.37,53.83,,19.68,,0,0,0,0,,,-1.00,-1.00,-0.96,-0.96,-1.00,-1.00
2024-11-12T09:52:23Z,"0002cc0100000ecc","36545de7d7f93d480a166e89ea4339da000000000000fffffffffe7174e46d5f",2,3.83,,10,22.43,53.87,,19.62,,0,0,0,0,,,,0.17,0.31,-0.81,-1.00,-1.00
2024-11-12T09:58:19Z,"0002cc0100000ecc","36545de93bf93d380a1667895f433e31000000000000ff4efffcff53ffffff9c",2,3.83,,10,22.40,53.66,,19.89,,0,0,0,0,,,,-0.95,-1.00,-0.92,-1.00,-0.91
2024-11-12T10:04:15Z,"0002cc0100000ecc","36545dea9ff93d400a16678936433f4b000000000000fffffffffffffffffd94",2,3.83,,10,22.40,53.60,,19.96,,0,0,0,0,,,,-0.70,-1.00,-1.00,-1.00,-1.00
2024-11-12T10:10:11Z,"0002cc0100000ecc","36545dec03f93d380a166a8821433ef8000000000000fdc7fffffef7fd775fc1ff87",2,3.83,,10,22.41,53.18,,19.94,,0,0,0,0,,,-0.94,0.06,-0.68,-0.87,-1.00,-0.72
2024-11-12T10:16:07Z,"0002cc0100000ecc","36545ded67f93d380a166e88a3433ee80000000000005ff0f698fe89fd42fd77",2,3.83,,10,22.43,53.37,,19.93,,0,0,0,0,,,,-0.68,-0.66,-0.82,-0.41,0.06
2024-11-12T10:22:04Z,"0002cc0100000ecc","36545deeccf93d300a166a88c9433c81000000000000fe22f701fdfdf51effffffff",2,3.82,,10,22.41,53.43,,19.78,,0,0,0,0,,,-1.00,-1.00,-0.32,-0.75,-0.44,-0.77
2024-11-12T10:27:59Z,"0002cc0100000ecc","36545df02ff93d380a1663892d433963000000000000ffffffffffffffffffff",2,3.83,,10,22.38,53.59,,19.59,,0,0,0,0,,,,-1.00,-1.00,-1.00,-1.00,-1.00
2024-11-12T10:33:55Z,"0002cc0100000ecc","36545df193f93d380a166788c7433f9e000000000000ffffffffffffffffffff",2,3.83,,10,22.40,53.43,,19.98,,0,0,0,0,,,,-1.00,-1.00,-1.00,-1.00,-1.00
2024-11-12T10:39:52Z,"0002cc0100000ecc","36545df2f8f93d300a16638758433e95000000000000ffffffffffffffffffffffff",2,3.82,,10,22.38,52.87,,19.91,,0,0,0,0,,,-1.00,-1.00,-1.00,-1.00,-1.00,-1.00
2024-11-12T10:45:47Z,"0002cc0100000ecc","36545df45bf93d380a166385e2433f4b000000000000ffffffffffffffffffff",2,3.83,,10,22.38,52.30,,19.96,,0,0,0,0,,,,-1.00,-1.00,-1.00,-1.00,-1.00
2024-11-12T10:51:43Z,"0002cc0100000ecc","36545df5bff93d380a165f85b8433d37000000000000ffffffffffffffffffff",2,3.83,,10,22.37,52.23,,19.83,,0,0,0,0,,,,-1.00,-1.00,-1.00,-1.00,-1.00
2024-11-12T10:57:39Z,"0002cc0100000ecc","36545df723f93d380a1658859f433bca000000000000ffffffffffffffffffff",2,3.83,,10,22.34,52.20,,19.74,,0,0,0,0,,,,-1.00,-1.00,-1.00,-1.00,-1.00
2024-11-12T11:03:35Z,"0002cc0100000ecc","36545df887f93d380a16548554433c2d000000000000ffffffffffffffffff4c",2,3.83,,10,22.33,52.08,,19.76,,0,0,0,0,,,,-0.91,-1.00,-1.00,-1.00,-1.00
2024-11-12T11:09:32Z,"0002cc0100000ecc","36545df9ecf93d380a165484c5433dde000000000000ff31ff26fe03ff6bfe07ffff",2,3.83,,10,22.33,51.86,,19.87,,0,0,0,0,,,-1.00,-0.75,-0.93,-0.75,-0.89,-0.90
2024-11-12T11:15:28Z,"0002cc0100000ecc","36545dfb50f93d380a1658846e433cd4000000000000fffffe3eff2dffffff61",2,3.83,,10,22.34,51.73,,19.80,,0,0,0,0,,,,-0.92,-1.00,-0.90,-0.78,-1.00
2024-11-12T11:21:24Z,"0002cc0100000ecc","36545dfcb4f93d380a16588555433f4b000000000000ffffffffffffffffffff",2,3.83,,10,22.34,52.08,,19.96,,0,0,0,0,,,,-1.00,-1.00,-1.00,-1.00,-1.00
2024-11-12T11:27:20Z,"0002cc0100000ecc","36545dfe18f93d380a166384eb433cd4000000000000ffffffffffffffffffff",2,3.83,,10,22.38,51.92,,19.80,,0,0,0,0,,,,-1.00,-1.00,-1.00,-1.00,-1.00
2024-11-12T11:33:16Z,"0002cc0100000ecc","36545dff7cf93d380a165f8471433e41000000000000ffffffffffffffffffff",2,3.83,,10,22.37,51.74,,19.89,,0,0,0,0,,,,-1.00,-1.00,-1.00,-1.00,-1.00
2024-11-12T11:39:12Z,"0002cc0100000ecc","36545e00e0f93d340a165f83f3433ee8000000000000ffffffffffffffffffffffff",2,3.83,,10,22.37,51.54,,19.93,,0,0,0,0,,,-1.00,-1.00,-1.00,-1.00,-1.00,-1.00
2024-11-12T11:45:08Z,"0002cc0100000ecc","36545e0244f93d340a165c83c6433b77000000000000ffffffffffffffffffff",2,3.83,,10,22.36,51.47,,19.72,,0,0,0,0,,,,-1.00,-1.00,-1.00,-1.00,-1.00
2024-11-12T11:51:04Z,"0002cc0100000ecc","36545e03a8f93d300a1663828b433c81000000000000ffffffffffffffffffff",2,3.82,,10,22.38,50.99,,19.78,,0,0,0,0,,,,-1.00,-1.00,-1.00,-1.00,-1.00
2024-11-12T11:57:00Z,"0002cc0100000ecc","36545e050cf93d340a165f8186433b77000000000000ffffffffffffffffffff",2,3.83,,10,22.37,50.60,,19.72,,0,0,0,0,,,,-1.00,-1.00,-1.00,-1.00,-1.00
2024-11-12T12:02:56Z,"0002cc0100000ecc","36545e0670f93d380a165c8128433d37000000000000ffffffffffffffffffff",2,3.83,,10,22.36,50.45,,19.83,,0,0,0,0,,,,-1.00,-1.00,-1.00,-1.00,-1.00
2024-11-12T12:08:52Z,"0002cc0100000ecc","36545e07d4f93d380a165c8414433c81000000000000ffffff97ffffffffffff",2,3.83,,10,22.36,51.59,,19.78,,0,0,0,0,,,,-1.00,-1.00,-1.00,-0.95,-1.00
2024-11-12T12:14:48Z,"0002cc0100000ecc","36545e0938f93d380a165c8617433ce4000000000000ffffffffffffffffffffffff",2,3.83,,10,22.36,52.38,,19.81,,0,0,0,0,,,-1.00,-1.00,-1.00,-1.00,-1.00,-1.00
2024-11-12T12:20:44Z,"0002cc0100000ecc","36545e0a9cf93d380a16638698433f3b000000000000ffffffffffffffffffff",2,3.83,,10,22.38,52.58,,19.95,,0,0,0,0,,,,-1.00,-1.00,-1.00,-1.00,-1.00
2024-11-12T12:26:40Z,"0002cc0100000ecc","36545e0c00f93d340a16678692433bca000000000000ffa2ff4effe1fffffe7affff",2,3.83,,10,22.40,52.57,,19.74,,0,0,0,0,,,-1.00,-0.81,-1.00,-0.98,-0.91,-0.95
2024-11-12T12:32:36Z,"0002cc0100000ecc","36545e0d64f93d380a167286ce433cd4000000000000fffffd8cfffffe8bfe85",2,3.83,,10,22.44,52.66,,19.80,,0,0,0,0,,,,-0.81,-0.82,-1.00,-0.69,-1.00
2024-11-12T12:38:32Z,"0002cc0100000ecc","36545e0ec8f93d380a166e868d433dee000000000000ffffffffffffffffffff",2,3.83,,10,22.43,52.56,,19.87,,0,0,0,0,,,,-1.00,-1.00,-1.00,-1.00,-1.00
2024-11-12T12:44:28Z,"0002cc0100000ecc","36545e102cf93d380a16728696433b77000000000000fffffffffffffe0dfc37",2,3.83,,10,22.44,52.57,,19.72,,0,0,0,0,,,,-0.53,-0.76,-1.00,-1.00,-1.00
2024-11-12T12:50:24Z,"0002cc0100000ecc","36545e1190f93d340a167286c6433d8b000000000000ffffff12ffffffffffffffff",2,3.83,,10,22.44,52.65,,19.85,,0,0,0,0,,,-1.00,-1.00,-1.00,-1.00,-0.88,-1.00
2024-11-12T12:56:20Z,"0002cc0100000ecc","36545e12f4f93d340a16758677433cd4000000000000ffffffffffffffffffff",2,3.83,,10,22.46,52.53,,19.80,,0,0,0,0,,,,-1.00,-1.00,-1.00,-1.00,-1.00
2024-11-12T13:02:16Z,"0002cc0100000ecc","36545e1458f93d300a166e861e433c1d000000000000ffffffffffffffffffffffff",2,3.82,,10,22.43,52.39,,19.76,,0,0,0,0,,,-1.00,-1.00,-1.00,-1.00,-1.00,-1.00
2024-11-12T13:08:12Z,"0002cc0100000ecc","36545e15bcf93d380a1678873141e89e000000000000fffffffffc77f772e6ea",2,3.83,,10,22.47,52.81,,7.63,,0,0,0,0,,,,-0.11,-0.47,-0.56,-1.00,-1.00
2024-11-12T13:14:08Z,"0002cc0100000ecc","36545e1720f93d340a166e870d41ecc6000000000000774a4f19ef9a6dfef416",2,3.83,,10,22.43,52.76,,7.70,,0,0,0,0,,,,-0.26,0.19,-0.24,0.01,0.46
2024-11-12T13:20:04Z,"0002cc0100000ecc","36545e1884f202050000166a868441ea2a000000000000fffffeefffffff59fd21",2,,2.5.0.0,,22.41,52.55,,7.66,,0,0,0,0,,,,-0.64,-0.92,-1.00,-0.87,-1.00
2024-11-12T13:26:00Z,"0002cc0100000ecc","36545e19e8f93d340a1651861241e8dd000000000000ef3cff85ffefffffffffffff",2,3.83,,10,22.31,52.37,,7.64,,0,0,0,0,,,-1.00,-1.00,-1.00,-0.99,-0.94,-0.23
2024-11-12T13:31:57Z,"0002cc0100000ecc","36545e1b4df93d340a164685c641f12c000000000000ffffffffffffffffffe4ffb3",2,3.83,,10,22.27,52.26,,7.77,,0,0,0,0,,,-0.96,-0.99,-1.00,-1.00,-1.00,-1.00
2024-11-12T13:37:52Z,"0002cc0100000ecc","36545e1cb0f93d340a1637840e41e8dd000000000000ffffffffffffffffffff",2,3.83,,10,22.21,51.58,,7.64,,0,0,0,0,,,,-1.00,-1.00,-1.00,-1.00,-1.00
2024-11-12T13:43:48Z,"0002cc0100000ecc","36545e1e14f93d340a162284eb41f12c000000000000ffffffffff89ffffffff",2,3.83,,10,22.13,51.92,,7.77,,0,0,0,0,,,,-1.00,-1.00,-0.94,-1.00,-1.00
2024-11-12T13:49:44Z,"0002cc0100000ecc","36545e1f78f93d340a161e84b941f27a000000000000fec0fffffffffec6ffff",2,3.83,,10,22.11,51.85,,7.79,,0,0,0,0,,,,-1.00,-0.85,-1.00,-1.00,-0.84
2024-11-12T13:55:41Z,"0002cc0100000ecc","36545e20ddf93d340a161383f941ea2a000000000000fc12fffffffffee9ff1cffff",2,3.83,,10,22.07,51.55,,7.66,,0,0,0,0,,,-1.00,-0.89,-0.86,-1.00,-1.00,-0.51
2024-11-12T14:01:37Z,"0002cc0100000ecc","36545e2241f93d340a160582ae41ea2a000000000000ffffffffffffffff5db2",2,3.83,,10,22.02,51.05,,7.66,,0,0,0,0,,,,0.04,-1.00,-1.00,-1.00,-1.00
2024-11-12T14:07:33Z,"0002cc0100000ecc","36545e23a5f93d380a15fd820641ea2a000000000000fffffffffffffc13ffff",2,3.83,,10,21.99,50.79,,7.66,,0,0,0,0,,,,-1.00,-0.51,-1.00,-1.00,-1.00
2024-11-12T14:13:29Z,"0002cc0100000ecc","36545e2509f93d340a1605832d000000000000000000fffffe496db15ec47c08750d",2,3.83,,10,22.02,51.24,,0.00,,0,0,0,0,,,0.32,0.50,0.05,0.18,-0.79,-1.00
2024-11-12T14:19:25Z,"0002cc0100000ecc","36545e266df93d340a15f780440000000000000000005d5b65a5ff7dfde6ffff",2,3.83,,10,21.96,50.10,,0.00,,0,0,0,0,,,,-1.00,-0.74,-0.94,0.09,0.04
2024-11-12T14:25:21Z,"0002cc0100000ecc","36545e27d1f93d340a15f7801a000000000000000000fee1fffffddcffffffff",2,3.83,,10,21.96,50.04,,0.00,,0,0,0,0,,,,-1.00,-1.00,-0.73,-1.00,-0.86
2024-11-12T14:31:17Z,"0002cc0100000ecc","36545e2935f93d340a15ec7f84000000000000000000fd8ffe9afddbe4affc8effff",2,3.83,,10,21.92,49.81,,0.00,,0,0,0,0,,,-1.00,-0.57,-0.07,-0.73,-0.83,-0.69
2024-11-12T14:37:13Z,"0002cc0100000ecc","36545e2a99f93d3c0a15ec8165000000000000000000fffffd36f4befd0ff7c5",2,3.83,,10,21.92,50.55,,0.00,,0,0,0,0,,,,-0.49,-0.63,-0.30,-0.65,-1.00
2024-11-12T14:43:09Z,"0002cc0100000ecc","36545e2bfdf93d340a15d97f8500000000000000000075b3ece4f672ffffffff",2,3.83,,10,21.85,49.81,,0.00,,0,0,0,0,,,,-1.00,-1.00,-0.40,-0.15,0.36
2024-11-12T14:49:06Z,"0002cc0100000ecc","36545e2d62f93d270a15dd7fb2000000000000000000ee69ffffffffffff64037498",2,3.82,,10,21.86,49.88,,0.00,,0,0,0,0,,,0.29,0.06,-1.00,-1.00,-1.00,-0.20
2024-11-12T14:55:02Z,"0002cc0100000ecc","36545e2ec6f93d340a15cf7f9c0000000000000000006c8cfc2afffffd17ffff",2,3.83,,10,21.81,49.85,,0.00,,0,0,0,0,,,,-1.00,-0.64,-1.00,-0.52,0.14
2024-11-12T15:00:58Z,"0002cc0100000ecc","36545e302af93d340a15d68257000000000000000000ee5a6450fc7cec82f5bb",2,3.83,,10,21.83,50.91,,0.00,,0,0,0,0,,,,-0.36,-0.14,-0.56,0.07,-0.20
2024-11-12T15:06:54Z,"0002cc0100000ecc","36545e318ef93d340a15cf8254000000000000000000fe3aff3dfffffffffe35",2,3.83,,10,21.81,50.91,,0.00,,0,0,0,0,,,,-0.78,-1.00,-1.00,-0.90,-0.78
2024-11-12T15:12:50Z,"0002cc0100000ecc","36545e32f2f93d2c0a15cf8276000000000000000000efe3fd4dffffefe1e654",2,3.82,,10,21.81,50.96,,0.00,,0,0,0,0,,,,-0.10,-0.25,-1.00,-0.66,-0.25
2024-11-12T15:18:46Z,"0002cc0100000ecc","36545e3456f93d340a15c484dd000000000000000000ffffff50fffffc88fd8bff3b",2,3.83,,10,21.76,51.90,,0.00,,0,0,0,0,,,-0.90,-0.69,-0.57,-1.00,-0.91,-1.00
2024-11-12T15:24:42Z,"0002cc0100000ecc","36545e35baf93d340a15c18602000000000000000000ff77fffff48fe5d1feed",2,3.83,,10,21.75,52.35,,0.00,,0,0,0,0,,,,-0.87,-0.09,-0.28,-1.00,-0.93
2024-11-12T15:30:38Z,"0002cc0100000ecc","36545e371ef93d2c0a15cb8578000000000000000000eee3ffe2f462ef90feaf",2,3.82,,10,21.79,52.14,,0.00,,0,0,0,0,,,,-0.84,-0.24,-0.27,-0.99,-0.22
2024-11-12T15:36:34Z,"0002cc0100000ecc","36545e3882f93d340a15c47bcb000000000000000000ffffffffef56fffffffffeb7",2,3.83,,10,21.76,48.36,,0.00,,0,0,0,0,,,-0.84,-1.00,-1.00,-0.23,-1.00,-1.00
2024-11-12T15:42:30Z,"0002cc0100000ecc","36545e39e6f93d340a15b678c2000000000000000000fffffd12ff19fffffe0b",2,3.83,,10,21.71,47.17,,0.00,,0,0,0,0,,,,-0.76,-1.00,-0.89,-0.63,-1.00
2024-11-12T15:48:27Z,"0002cc0100000ecc","36545e3b4bf93d340a15ad77c6392ed0000000000000f6a8fef2ffffffffffff5fa2",2,3.83,,10,21.68,46.79,,0.02,,0,0,0,0,,,0.06,-1.00,-1.00,-1.00,-0.87,-0.42
2024-11-12T15:54:23Z,"0002cc0100000ecc","36545e3caff93d340a15aa79d2392ed00000000000007c987c03678c7432fed2",2,3.83,,10,21.66,47.59,,0.02,,0,0,0,0,,,,-0.85,0.26,0.12,0.50,0.57
2024-11-12T16:00:19Z,"0002cc0100000ecc","36545e3e13f93d2c0a15aa77330000000000000000007d5177b277367c9a6e8b",2,3.82,,10,21.66,46.56,,0.00,,0,0,0,0,,,,0.20,0.58,0.45,0.48,0.66
2024-11-12T16:06:15Z,"0002cc0100000ecc","36545e3f77f93d1f0a15ad75a7392ed0000000000000ef44e6285cd1746be750",2,3.82,,10,21.68,45.96,,0.02,,0,0,0,0,,,,-0.11,0.28,0.04,-0.10,-0.23
2024-11-12T16:12:11Z,"0002cc0100000ecc","36545e40dbf93d340a159c746e000000000000000000767de6147627747f6f3c",2,3.83,,10,21.61,45.48,,0.00,,0,0,0,0,,,,0.23,0.28,0.38,-0.09,0.41
2024-11-12T16:18:07Z,"0002cc0100000ecc","36545e423ff93d2c0a15947426000000000000000000f7e4fffffffffffff75be654",2,3.82,,10,21.58,45.37,,0.00,,0,0,0,0,,,-0.10,-0.46,-1.00,-1.00,-1.00,-0.49
2024-11-12T16:24:03Z,"0002cc0100000ecc","36545e43a3f93d1f0a158a73070000000000000000007764f433eda0fef3ffca",2,3.82,,10,21.54,44.93,,0.00,,0,0,0,0,,,,-0.97,-0.87,-0.18,-0.26,0.46
2024-11-12T16:29:59Z,"0002cc0100000ecc","36545e4507f93d2c0a157172dd000000000000000000ffffffffffffffffffffffff",2,3.82,,10,21.44,44.87,,0.00,,0,0,0,0,,,-1.00,-1.00,-1.00,-1.00,-1.00,-1.00
2024-11-12T16:35:55Z,"0002cc0100000ecc","36545e466bf93d2c0a1566729e000000000000000000ffffffffffffffffffff",2,3.82,,10,21.40,44.77,,0.00,,0,0,0,0,,,,-1.00,-1.00,-1.00,-1.00,-1.00
2024-11-12T16:41:51Z,"0002cc0100000ecc","36545e47cff93d2c0a155e7246000000000000000000ffffffffffffffffffff",2,3.82,,10,21.37,44.64,,0.00,,0,0,0,0,,,,-1.00,-1.00,-1.00,-1.00,-1.00
2024-11-12T16:47:47Z,"0002cc0100000ecc","36545e4933f93d2c0a155771f6000000000000000000ffffffffffffffffffffffff",2,3.82,,10,21.34,44.52,,0.00,,0,0,0,0,,,-1.00,-1.00,-1.00,-1.00,-1.00,-1.00
2024-11-12T16:53:43Z,"0002cc0100000ecc","36545e4a97f93d2c0a15547205000000000000000000ffffffffffffffffffff",2,3.82,,10,21.33,44.54,,0.00,,0,0,0,0,,,,-1.00,-1.00,-1.00,-1.00,-1.00
2024-11-12T16:59:39Z,"0002cc0100000ecc","36545e4bfbf93d2c0a15547127000000000000000000ffffffffffffffffffff",2,3.82,,10,21.33,44.20,,0.00,,0,0,0,0,,,,-1.00,-1.00,-1.00,-1.00,-1.00
2024-11-12T17:05:35Z,"0002cc0100000ecc","36545e4d5ff93d2c0a15506fd6000000000000000000ffffffffffffffffffff",2,3.82,,10,21.31,43.69,,0.00,,0,0,0,0,,,,-1.00,-1.00,-1.00,-1.00,-1.00
2024-11-12T17:11:31Z,"0002cc0100000ecc","36545e4ec3f93d2c0a155770f40000000000000000007575ffb6fffffe34fffffcde",2,3.82,,10,21.34,44.12,,0.00,,0,0,0,0,,,-0.61,-1.00,-0.78,-1.00,-0.96,0.34
2024-11-12T17:17:27Z,"0002cc0100000ecc","36545e5027f93d2c0a155e71f8000000000000000000fffffffffffffee15c98",2,3.82,,10,21.37,44.52,,0.00,,0,0,0,0,,,,0.04,-0.86,-1.00,-1.00,-1.00
2024-11-12T17:23:23Z,"0002cc0100000ecc","36545e518bf202050000156670d6000000000000000000fd03ef095c1cffe7ffff",2,,2.5.0.0,,21.40,44.08,,0.00,,0,0,0,0,,,,-1.00,-0.99,0.03,-0.22,-0.63
2024-11-12T17:29:20Z,"0002cc0100000ecc","36545e52f0f93d2c0a156c70d9000000000000000000fffffe5a746f7758650eef65",2,3.82,,10,21.42,44.08,,0.00,,0,0,0,0,,,-0.23,0.08,0.46,0.28,-0.79,-1.00
2024-11-12T17:35:16Z,"0002cc0100000ecc","36545e5454f93d2c0a15867060000000000000000000f6f0c7c55cc4e72e67c3",2,3.82,,10,21.52,43.90,,0.00,,0,0,0,0,,,,0.12,-0.11,0.04,-0.01,-0.43
2024-11-12T17:41:12Z,"0002cc0100000ecc","36545e55b8f93d2c0a157f7043392ed0000000000000fdfffffffffffffffd99",2,3.82,,10,21.49,43.85,,0.02,,0,0,0,0,,,,-0.70,-1.00,-1.00,-1.00,-0.75
2024-11-12T17:47:08Z,"0002cc0100000ecc","36545e571cf93d2c0a158a6f820000000000000000007cc777a0d4e3a70cfc65",2,3.82,,10,21.54,43.56,,0.00,,0,0,0,0,,,,-0.55,-0.00,-0.02,0.48,0.60
2024-11-12T17:53:04Z,"0002cc0100000ecc","36545e5880f93d2c0a158d6e45392ed0000000000000fffffe117cd27d097c01ef15",2,3.82,,10,21.55,43.07,,0.02,,0,0,0,0,,,-0.22,0.50,0.63,0.60,-0.76,-1.00
2024-11-12T17:59:00Z,"0002cc0100000ecc","36545e59e4f93d2c0a158d6e89000000000000000000774ded61ffa2dd28ce7d",2,3.82,,10,21.55,43.18,,0.00,,0,0,0,0,,,,-0.01,-0.04,-0.95,-0.17,0.46
2024-11-12T18:04:56Z,"0002cc0100000ecc","36545e5b48f93d2c0a15916e93392ed0000000000000e4b2fcfffc7afeaef69afe06",2,3.82,,10,21.56,43.19,,0.02,,0,0,0,0,,,-0.75,-0.41,-0.84,-0.56,-0.62,-0.07
2024-11-12T18:10:52Z,"0002cc0100000ecc","36545e5cacf93d2c0a15916e68000000000000000000ff92ff20fffffe30ffff",2,3.82,,10,21.56,43.13,,0.00,,0,0,0,0,,,,-1.00,-0.77,-1.00,-0.89,-0.95
2024-11-12T18:16:48Z,"0002cc0100000ecc","36545e5e10f93d230a15986da5000000000000000000f4c56fdd7d48655aecbecc1a",2,3.82,,10,21.59,42.83,,0.00,,0,0,0,0,,,-0.01,-0.15,0.08,0.66,0.25,-0.30
2024-11-12T18:22:44Z,"0002cc0100000ecc","36545e5f74f93d2c0a15916e12000000000000000000f646ff71f5adfe9aff96",2,3.82,,10,21.56,43.00,,0.00,,0,0,0,0,,,,-0.95,-0.83,-0.35,-0.93,-0.39
2024-11-12T18:28:41Z,"0002cc0100000ecc","36545e60d9f93d2c0a159c6f88392ed0000000000000fc43fd6cfc78fffffcd4",2,3.82,,10,21.61,43.57,,0.02,,0,0,0,0,,,,-0.60,-1.00,-0.56,-0.68,-0.53
2024-11-12T18:34:37Z,"0002cc0100000ecc","36545e623df93d2c0a15986fe5000000000000000000fedaffffffffffffffe8",2,3.82,,10,21.59,43.71,,0.00,,0,0,0,0,,,,-0.99,-1.00,-1.00,-1.00,-0.86
2024-11-12T18:40:33Z,"0002cc0100000ecc","36545e63a1f93d2c0a15987202000000000000000000fcb9fd21ffff75d046f9",2,3.82,,10,21.59,44.53,,0.00,,0,0,0,0,,,,0.01,0.36,-1.00,-0.64,-0.59
2024-11-12T18:46:29Z,"0002cc0100000ecc","36545e6505d93d230a159c733000000000000076bb757ffec6ffffffffffe9",2,3.82,,10,21.61,45.00,,,,0,0,0,0,,,-0.99,-1.00,-1.00,-0.85,0.34,0.42
2024-11-12T18:52:25Z,"0002cc0100000ecc","36545e6669f93d230a1591748d000000000000000000ffffffcdfe60fffffeea",2,3.82,,10,21.56,45.53,,0.00,,0,0,0,0,,,,-0.86,-1.00,-0.80,-0.97,-1.00
2024-11-12T18:58:21Z,"0002cc0100000ecc","36545e67cdf93d230a159c7931392ed00000000000006d1be4a67569774fdd94",2,3.82,,10,21.61,47.34,,0.02,,0,0,0,0,,,,-0.04,0.46,0.34,-0.07,0.16
2024-11-12T19:04:17Z,"0002cc0100000ecc","36545e6931f93d230a159f7ce4392ed000000000000074d56facfdf5fdc4ffffdc98",2,3.82,,10,21.62,48.79,,0.02,,0,0,0,0,,,-0.04,-1.00,-0.72,-0.74,0.24,0.30
2024-11-12T19:10:13Z,"0002cc0100000ecc","36545e6a95f93d2c0a15a7808f000000000000000000fc3aef8464907d196edc5efe",2,3.82,,10,21.65,50.22,,0.00,,0,0,0,0,,,0.05,0.21,0.64,0.07,-0.23,-0.53
2024-11-12T19:16:09Z,"0002cc0100000ecc","36545e6bf9f93d230a15ad820c000000000000000000646de48157bfe44a7795",2,3.82,,10,21.68,50.80,,0.00,,0,0,0,0,,,,0.47,-0.07,0.03,-0.07,0.07
2024-11-12T19:22:06Z,"0002cc0100000ecc","36545e6d5ef93d2c0a15aa81df0000000000000000007d5d7e3cdc467476fc35fd70",2,3.82,,10,21.66,50.73,,0.00,,0,0,0,0,,,-0.68,-0.53,0.28,-0.03,0.78,0.67
2024-11-12T19:28:01Z,"0002cc0100000ecc","36545e6ec1f93d230a15aa82c038439e000000000000fffff783df986fc6fddd",2,3.82,,10,21.66,51.08,,0.01,,0,0,0,0,,,,-0.73,0.24,-0.06,-0.47,-1.00
2024-11-12T19:33:58Z,"0002cc0100000ecc","36545e7026f93d230a15ad84ec392ed0000000000000fc0cfe9efc7ded537445",2,3.82,,10,21.68,51.92,,0.02,,0,0,0,0,,,,0.27,-0.17,-0.56,-0.83,-0.51
2024-11-12T19:39:54Z,"0002cc0100000ecc","36545e718af93d230a15a784c4381b2c000000000000f7ecfffffc11fff1fffffd60",2,3.82,,10,21.65,51.86,,0.01,,0,0,0,0,,,-0.67,-1.00,-0.99,-0.51,-1.00,-0.50
2024-11-12T19:45:50Z,"0002cc0100000ecc","36545e72eef93d2c0a15a284fa000000000000000000fffffe87fcf9fc92ff61",2,3.82,,10,21.63,51.94,,0.00,,0,0,0,0,,,,-0.92,-0.57,-0.62,-0.82,-1.00
2024-11-12T19:51:46Z,"0002cc0100000ecc","36545e7452f93d230a15a286e6000000000000000000efdfff31fddaee84fd4f",2,3.82,,10,21.63,52.70,,0.00,,0,0,0,0,,,,-0.66,-0.20,-0.73,-0.90,-0.25
2024-11-12T19:57:42Z,"0002cc0100000ecc","36545e75b6f93d230a15ad87a9398c94000000000000fde9fffffe2eff55ff8af5c9",2,3.82,,10,21.68,52.99,,0.02,,0,0,0,0,,,-0.36,-0.94,-0.92,-0.77,-1.00,-0.74
2024-11-12T20:03:38Z,"0002cc0100000ecc","36545e771af93d230a15b18783392ed00000000000007c196f00fdd3ecb1f5b9",2,3.82,,10,21.69,52.94,,0.02,,0,0,0,0,,,,-0.36,-0.15,-0.73,0.22,0.51
2024-11-12T20:09:34Z,"0002cc0100000ecc","36545e787ef93d230a15b9866f392ed000000000000075d6fd95fefaffffffff",2,3.82,,10,21.72,52.51,,0.02,,0,0,0,0,,,,-1.00,-1.00,-0.87,-0.70,0.36
2024-11-12T20:15:30Z,"0002cc0100000ecc","36545e79e2f93d230a15c187c8000000000000000000ff20ffff77987c517482eddc",2,3.82,,10,21.75,53.04,,0.00,,0,0,0,0,,,-0.18,0.28,0.54,0.47,-1.00,-0.89
2024-11-12T20:21:27Z,"0002cc0100000ecc","36545e7b47f93d230a15b18819000000000000000000fffffeefff5bfc63fd9d",2,3.82,,10,21.69,53.16,,0.00,,0,0,0,0,,,,-0.70,-0.55,-0.92,-0.87,-1.00
2024-11-12T20:27:23Z,"0002cc0100000ecc","36545e7cabf93d230a15aa8738398c94000000000000d77efe05ffffff47ffff",2,3.82,,10,21.66,52.82,,0.02,,0,0,0,0,,,,-1.00,-0.91,-1.00,-0.75,-0.03
2024-11-12T20:33:19Z,"0002cc0100000ecc","36545e7e0ff93d230a15aa86c041b87c000000000000fe8c5c05f67cfffff73aed10",2,3.82,,10,21.66,52.64,,6.88,,0,0,0,0,,,-0.16,-0.45,-1.00,-0.41,0.03,-0.82
2024-11-12T20:39:15Z,"0002cc0100000ecc","36545e7f73f93d230a159887613c0f79000000000000fe68fea9fffffff0ffa6",2,3.82,,10,21.59,52.88,,0.13,,0,0,0,0,,,,-0.96,-0.99,-1.00,-0.83,-0.80
2024-11-12T20:45:11Z,"0002cc0100000ecc","36545e80d7f93d1f0a158d88fa3c1f36000000000000fffffffffffffffffeec77cc",2,3.82,,10,21.55,53.51,,0.14,,0,0,0,0,,,0.49,-0.87,-1.00,-1.00,-1.00,-1.00
2024-11-12T20:51:07Z,"0002cc0100000ecc","36545e823bf93d230a158289a43c1f36000000000000de48e6e6febcffffffff",2,3.82,,10,21.51,53.77,,0.14,,0,0,0,0,,,,-1.00,-1.00,-0.84,-0.11,-0.05
2024-11-12T20:57:03Z,"0002cc0100000ecc","36545e839ff93d130a158289f33c729e000000000000fcfc6c5c7cbaefa0e701",2,3.82,,10,21.51,53.89,,0.18,,0,0,0,0,,,,-0.11,-0.24,0.59,0.14,-0.62
2024-11-12T21:02:59Z,"0002cc0100000ecc","36545e8503f93d230a157f8a2b3aef8c0000000000006c6efc5b74b25d63fc60",2,3.82,,10,21.49,53.97,,0.06,,0,0,0,0,,,,-0.55,0.04,0.29,-0.54,0.14
2024-11-12T21:08:55Z,"0002cc0100000ecc","36545e8667f93d230a157b8a173b5ce80000000000006587ffbd6c56c7c8fcdbff54",2,3.82,,10,21.48,53.94,,0.09,,0,0,0,0,,,-0.92,-0.61,-0.01,0.14,-0.97,0.09
2024-11-12T21:14:51Z,"0002cc0100000ecc","36545e87cbf93d1f0a157f8a323b3e91000000000000fe247534eddf7c3d5506",2,3.82,,10,21.49,53.98,,0.08,,0,0,0,0,,,,0.02,0.53,-0.18,0.33,-0.77
2024-11-12T21:20:48Z,"0002cc0100000ecc","36545e8930f93d1f0a15778a67000000000000000000fe78f49ffdfbeff56fca66d8",2,3.82,,10,21.46,54.06,,0.00,,0,0,0,0,,,0.11,0.24,-0.25,-0.75,-0.29,-0.81
2024-11-12T21:26:44Z,"0002cc0100000ecc","36545e8a94f20205000015868acb392ed00000000000007dba778474bdfe51f7c9",2,,2.5.0.0,,21.52,54.22,,0.02,,0,0,0,0,,,,-0.49,-0.79,0.30,0.47,0.72
2024-11-12T21:32:40Z,"0002cc0100000ecc","36545e8bf8f93d1f0a158d8a17392ed0000000000000f7f4f577764074406d92ec00",2,3.82,,10,21.55,53.94,,0.02,,0,0,0,0,,,-0.12,0.17,0.27,0.39,-0.34,-0.50
2024-11-12T21:38:36Z,"0002cc0100000ecc","36545e8d5cf93d1f0a15948aaa392ed000000000000076d5d7cefffff6ff74a8",2,3.82,,10,21.58,54.17,,0.02,,0,0,0,0,,,,0.29,-0.44,-1.00,-0.03,0.43
2024-11-12T21:44:32Z,"0002cc0100000ecc","36545e8ec0f93d1f0a159f8b0d392ed0000000000000ed3cf691eeb5fca96d78f519",2,3.82,,10,21.62,54.32,,0.02,,0,0,0,0,,,-0.32,0.17,-0.58,-0.21,-0.41,-0.16
2024-11-12T21:50:28Z,"0002cc0100000ecc","36545e9024f93d1f0a15aa8bd000000000000000000054de6e1bfee0f402fdb4",2,3.82,,10,21.66,54.62,,0.00,,0,0,0,0,,,,-0.71,-0.25,-0.86,0.19,0.02
2024-11-12T21:56:24Z,"0002cc0100000ecc","36545e9188f93d130a15b68bdc000000000000000000e655ef39ef606c18fdfbffff",2,3.82,,10,21.71,54.63,,0.00,,0,0,0,0,,,-1.00,-0.75,0.13,-0.23,-0.23,-0.10
2024-11-12T22:02:20Z,"0002cc0100000ecc","36545e92ecf93d1f0a15a78bd6000000000000000000ffffffffffffffffffffffff",2,3.82,,10,21.65,54.62,,0.00,,0,0,0,0,,,-1.00,-1.00,-1.00,-1.00,-1.00,-1.00
2024-11-12T22:08:16Z,"0002cc0100000ecc","36545e9450f93d1f0a15a78bf7000000000000000000ffffffffffffffffffff",2,3.82,,10,21.65,54.67,,0.00,,0,0,0,0,,,,-1.00,-1.00,-1.00,-1.00,-1.00
2024-11-12T22:14:12Z,"0002cc0100000ecc","36545e95b4f93d1f0a15a78c5f000000000000000000ffffffffffffffffffffffff",2,3.82,,10,21.65,54.83,,0.00,,0,0,0,0,,,-1.00,-1.00,-1.00,-1.00,-1.00,-1.00
2024-11-12T22:20:08Z,"0002cc0100000ecc","36545e9718f93d1f0a159f8c6b000000000000000000ffffffffffffffffffff",2,3.82,,10,21.62,54.85,,0.00,,0,0,0,0,,,,-1.00,-1.00,-1.00,-1.00,-1.00
2024-11-12T22:26:04Z,"0002cc0100000ecc","36545e987cf93d1f0a15988bc1000000000000000000ffffffffffffffffffffffff",2,3.82,,10,21.59,54.59,,0.00,,0,0,0,0,,,-1.00,-1.00,-1.00,-1.00,-1.00,-1.00
2024-11-12T22:32:00Z,"0002cc0100000ecc","36545e99e0f93d1f0a15948b60000000000000000000ffffffffffffffffffff",2,3.82,,10,21.58,54.44,,0.00,,0,0,0,0,,,,-1.00,-1.00,-1.00,-1.00,-1.00
2024-11-12T22:37:56Z,"0002cc0100000ecc","36545e9b44f93d1f0a15868b61000000000000000000ffffffffffffffffffffffff",2,3.82,,10,21.52,54.45,,0.00,,0,0,0,0,,,-1.00,-1.00,-1.00,-1.00,-1.00,-1.00
2024-11-12T22:43:52Z,"0002cc0100000ecc","36545e9ca8f93d1f0a157f8dbb000000000000000000ffffffffffffffffffff",2,3.82,,10,21.49,55.36,,0.00,,0,0,0,0,,,,-1.00,-1.00,-1.00,-1.00,-1.00
2024-11-12T22:49:48Z,"0002cc0100000ecc","36545e9e0cf93d170a157f8e3a000000000000000000ffffffffffffffffffff",2,3.82,,10,21.49,55.56,,0.00,,0,0,0,0,,,,-1.00,-1.00,-1.00,-1.00,-1.00
2024-11-12T22:55:44Z,"0002cc0100000ecc","36545e9f70f93d1f0a15748c51000000000000000000ffffffffffffffffffff",2,3.82,,10,21.45,54.81,,0.00,,0,0,0,0,,,,-1.00,-1.00,-1.00,-1.00,-1.00
2024-11-12T23:01:40Z,"0002cc0100000ecc","36545ea0d4f93d1f0a15718c78000000000000000000ffffffffffffffffffffffff",2,3.82,,10,21.44,54.87,,0.00,,0,0,0,0,,,-1.00,-1.00,-1.00,-1.00,-1.00,-1.00
2024-11-12T23:07:36Z,"0002cc0100000ecc","36545ea238f93d1f0a15748c89000000000000000000ffffffffffffffffffff",2,3.82,,10,21.45,54.90,,0.00,,0,0,0,0,,,,-1.00,-1.00,-1.00,-1.00,-1.00
2024-11-12T23:13:32Z,"0002cc0100000ecc","36545ea39cf93d1f0a15698d62000000000000000000ffffffffffffffffffff",2,3.82,,10,21.41,55.23,,0.00,,0,0,0,0,,,,-1.00,-1.00,-1.00,-1.00,-1.00
2024-11-12T23:19:28Z,"0002cc0100000ecc","36545ea500f93d1f0a15718e82000000000000000000ffffffffffffffffffff",2,3.82,,10,21.44,55.67,,0.00,,0,0,0,0,,,,-1.00,-1.00,-1.00,-1.00,-1.00
2024-11-12T23:25:24Z,"0002cc0100000ecc","36545ea664f93d1f0a15748f05000000000000000000ffffffffffffffffffffffff",2,3.82,,10,21.45,55.87,,0.00,,0,0,0,0,,,-1.00,-1.00,-1.00,-1.00,-1.00,-1.00
2024-11-12T23:31:20Z,"0002cc0100000ecc","36545ea7c8f93d1f0a15718f4a000000000000000000ffffffffffffffffffff",2,3.82,,10,21.44,55.97,,0.00,,0,0,0,0,,,,-1.00,-1.00,-1.00,-1.00,-1.00
2024-11-12T23:37:16Z,"0002cc0100000ecc","36545ea92cf93d1f0a15778f63000000000000000000ffffffffffffffffffffffff",2,3.82,,10,21.46,56.01,,0.00,,0,0,0,0,,,-1.00,-1.00,-1.00,-1.00,-1.00,-1.00
2024-11-12T23:43:12Z,"0002cc0100000ecc","36545eaa90f93d1f0a15778dd0000000000000000000ffffffffffffffffffff",2,3.82,,10,21.46,55.40,,0.00,,0,0,0,0,,,,-1.00,-1.00,-1.00,-1.00,-1.00
2024-11-12T23:49:08Z,"0002cc0100000ecc","36545eabf4f93d1f0a15778a6e000000000000000000ffffffffffffffffffff",2,3.82,,10,21.46,54.07,,0.00,,0,0,0,0,,,,-1.00,-1.00,-1.00,-1.00,-1.00
2024-11-12T23:55:04Z,"0002cc0100000ecc","36545ead58f93d1f0a157f87e6000000000000000000ffffffffffffffffffffffff",2,3.82,,10,21.49,53.09,,0.00,,0,0,0,0,,,-1.00,-1.00,-1.00,-1.00,-1.00,-1.00
