Time,DevEUI,Raw,Port,Vbat,Version,BootCount,T,RH,P,Light,CO2,P[0].delta,P[0].total,P[1].delta,P[1].total,Act[7],Act[6],Act[5],Act[4],Act[3],Act[2],Act[1],Act[0]
2024-11-10T00:01:06Z,"0002cc0100000ecc","36545aba42f93dbf0a159c8977392ed0000000000000ffabfe76fd3bff33565e",2,3.86,,10,21.61,53.70,,0.02,,0,0,0,0,,,,0.02,-0.90,-0.65,-0.81,-0.96
2024-11-10T00:07:02Z,"0002cc0100000ecc","36545abba6f93db70a15a28b2e000000000000000000ffdf5c9dfedafc77fe3b",2,3.86,,10,21.63,54.37,,0.00,,0,0,0,0,,,,-0.78,-0.56,-0.86,0.04,-0.98
2024-11-10T00:12:58Z,"0002cc0100000ecc","36545abd0af93dbf0a15ad8b8a000000000000000000fffffffffc9ef434ffc1ffff",2,3.86,,10,21.68,54.51,,0.00,,0,0,0,0,,,-1.00,-0.97,-0.26,-0.58,-1.00,-1.00
2024-11-10T00:18:54Z,"0002cc0100000ecc","36545abe6ef93dbf0a15b18b340000000000000000005e12fca8fffffc84e5f5",2,3.86,,10,21.69,54.38,,0.00,,0,0,0,0,,,,-0.09,-0.56,-1.00,-0.58,0.05
2024-11-10T00:24:50Z,"0002cc0100000ecc","36545abfd2f93db70a15b98a88000000000000000000fd25fffffffffe31fd92",2,3.86,,10,21.72,54.11,,0.00,,0,0,0,0,,,,-0.70,-0.77,-1.00,-1.00,-0.64
2024-11-10T00:30:46Z,"0002cc0100000ecc","36545ac136f20205000015c18b2a000000000000000000ffffff28fca8f5cffe7efe62",2,,2.5.0.0,,21.75,54.36,,0.00,,0,0,0,0,,,-0.80,-0.81,-0.36,-0.58,-0.89,-1.00
2024-11-10T00:36:42Z,"0002cc0100000ecc","36545ac29af93db70a15c48b430000000000000000006ec57d16fc7a673ced18",2,3.86,,10,21.76,54.40,,0.00,,0,0,0,0,,,,-0.16,0.11,-0.56,0.64,0.21
2024-11-10T00:42:38Z,"0002cc0100000ecc","36545ac3fef93daa0a15c78a95000000000000000000ffffffff6f91fc69ffff",2,3.85,,10,21.78,54.13,,0.00,,0,0,0,0,,,,-1.00,-0.55,0.24,-1.00,-1.00
2024-11-10T00:48:34Z,"0002cc0100000ecc","36545ac562f93db70a15bc8953000000000000000000fffffcd4f5e1d7604f7a",2,3.86,,10,21.73,53.64,,0.00,,0,0,0,0,,,,0.01,-0.03,-0.37,-0.60,-1.00
2024-11-10T00:54:30Z,"0002cc0100000ecc","36545ac6c6f93db70a15b68ab6000000000000000000ffffffffffffffffffffff85",2,3.86,,10,21.71,54.18,,0.00,,0,0,0,0,,,-0.94,-1.00,-1.00,-1.00,-1.00,-1.00
2024-11-10T01:00:26Z,"0002cc0100000ecc","36545ac82af93db70a15b98c8c0000000000000000006637ffdaff35f70b7469",2,3.86,,10,21.72,54.90,,0.00,,0,0,0,0,,,,0.28,-0.44,-0.90,-0.98,0.10
2024-11-10T01:06:22Z,"0002cc0100000ecc","36545ac98ef93db70a15b98ab80000000000000000007d0f778d7496ffffffff",2,3.86,,10,21.72,54.19,,0.00,,0,0,0,0,,,,-1.00,-1.00,0.29,0.47,0.63
2024-11-10T01:12:19Z,"0002cc0100000ecc","36545acaf3f93dbf0a15ad89fc000000000000000000efabff40ff13ffffff16",2,3.86,,10,21.68,53.90,,0.00,,0,0,0,0,,,,-0.89,-1.00,-0.88,-0.91,-0.24
2024-11-10T01:18:15Z,"0002cc0100000ecc","36545acc57d93db70a15bc8ad1000000000000ff0d5d117673dcd07d62",2,3.86,,10,21.73,54.23,,,,0,0,0,0,,,,0.67,-0.04,0.40,0.04,-0.88
2024-11-10T01:24:11Z,"0002cc0100000ecc","36545acdbbf93daa0a15ad8a25000000000000000000fec6fffffffff594fd5de607",2,3.85,,10,21.68,53.96,,0.00,,0,0,0,0,,,-0.09,-0.67,-0.35,-1.00,-1.00,-0.85
2024-11-10T01:30:07Z,"0002cc0100000ecc","36545acf1ff93db70a15ad8986000000000000000000fc176f246c7fef497560",2,3.86,,10,21.68,53.72,,0.00,,0,0,0,0,,,,0.34,-0.23,0.14,0.22,-0.51
2024-11-10T01:36:03Z,"0002cc0100000ecc","36545ad083f93db70a15ad8956392ed0000000000000fc8afe37eee7fc4cffff",2,3.86,,10,21.68,53.65,,0.02,,0,0,0,0,,,,-1.00,-0.54,-0.22,-0.78,-0.57
2024-11-10T01:41:59Z,"0002cc0100000ecc","36545ad1e7f93db70a15aa8c4e000000000000000000fcfd6e7956acfe5ffffff67f",2,3.86,,10,21.66,54.81,,0.00,,0,0,0,0,,,-0.41,-1.00,-0.80,0.03,0.20,-0.62
2024-11-10T01:47:55Z,"0002cc0100000ecc","36545ad34bf93db70a15a78aa0000000000000000000fc7efedafffffff6ffff",2,3.86,,10,21.65,54.15,,0.00,,0,0,0,0,,,,-1.00,-0.99,-1.00,-0.86,-0.56
2024-11-10T01:53:51Z,"0002cc0100000ecc","36545ad4aff93db70a15aa8945000000000000000000fffffefafe47f77effff",2,3.86,,10,21.66,53.62,,0.00,,0,0,0,0,,,,-1.00,-0.47,-0.78,-0.87,-1.00
2024-11-10T01:59:48Z,"0002cc0100000ecc","36545ad614f93db70a15a78c3600000000000000000076cff76afd96ffffffff541a",2,3.86,,10,21.65,54.77,,0.00,,0,0,0,0,,,0.02,-1.00,-1.00,-0.70,-0.46,0.43
2024-11-10T02:05:43Z,"0002cc0100000ecc","36545ad777f93db70a15a78c96000000000000000000fdacf49bff91f627ef45",2,3.86,,10,21.65,54.92,,0.00,,0,0,0,0,,,,-0.23,-0.38,-0.95,-0.29,-0.71
2024-11-10T02:11:40Z,"0002cc0100000ecc","36545ad8dcf93daf0a15aa8c57421356000000000000e4277570fd71f429ffff4e4b",2,3.86,,10,21.66,54.82,,8.60,,0,0,0,0,,,0.01,-1.00,-0.26,-0.68,0.34,-0.06
2024-11-10T02:17:36Z,"0002cc0100000ecc","36545ada40f93db70a15aa8c8f4315fc00000000000077b37cd7feacffffffff",2,3.86,,10,21.66,54.91,,17.37,,0,0,0,0,,,,-1.00,-1.00,-0.83,0.61,0.48
2024-11-10T02:23:32Z,"0002cc0100000ecc","36545adba4f93daf0a15b18bc34310b2000000000000ed00ff9afcce74927cd4",2,3.86,,10,21.69,54.60,,17.04,,0,0,0,0,,,,0.60,0.29,-0.60,-0.95,-0.16
2024-11-10T02:29:28Z,"0002cc0100000ecc","36545add08f93daf0a15b1898f4317e4000000000000f7cbffffffffff4dff75",2,3.86,,10,21.69,53.73,,17.49,,0,0,0,0,,,,-0.93,-0.91,-1.00,-1.00,-0.49
2024-11-10T02:35:24Z,"0002cc0100000ecc","36545ade6cf93daf0a15c7898f431ed1000000000000ffffffa9ee676d445c51ec40",2,3.86,,10,21.78,53.73,,17.93,,0,0,0,0,,,-0.13,0.03,0.16,-0.20,-0.96,-1.00
2024-11-10T02:41:20Z,"0002cc0100000ecc","36545adfd0f93daf0a15cb8ae843219c000000000000e795ffffef607ee7f55e",2,3.86,,10,21.79,54.26,,18.10,,0,0,0,0,,,,-0.34,0.86,-0.23,-1.00,-0.12
2024-11-10T02:47:16Z,"0002cc0100000ecc","36545ae134f93daf0a15d98b3c433d52000000000000ff23ffffffffffc4ffff",2,3.86,,10,21.85,54.39,,19.83,,0,0,0,0,,,,-1.00,-0.97,-1.00,-1.00,-0.89
2024-11-10T02:53:12Z,"0002cc0100000ecc","36545ae298f93daf0a15d98b64434cce000000000000fffffffffffffef0ffff",2,3.86,,10,21.85,54.45,,20.80,,0,0,0,0,,,,-1.00,-0.87,-1.00,-1.00,-1.00
2024-11-10T02:59:08Z,"0002cc0100000ecc","36545ae3fcf93db70a15e888de434cfd000000000000ffffffffffffffffffff",2,3.86,,10,21.90,53.46,,20.81,,0,0,0,0,,,,-1.00,-1.00,-1.00,-1.00,-1.00
2024-11-10T03:05:04Z,"0002cc0100000ecc","36545ae560f93db70a15e8891d4352a2000000000000ffffffffffffffffffff",2,3.86,,10,21.90,53.56,,21.16,,0,0,0,0,,,,-1.00,-1.00,-1.00,-1.00,-1.00
2024-11-10T03:11:00Z,"0002cc0100000ecc","36545ae6c4f93daf0a15f2878b43524f000000000000ffffffffffffffffffff",2,3.86,,10,21.95,52.95,,21.14,,0,0,0,0,,,,-1.00,-1.00,-1.00,-1.00,-1.00
2024-11-10T03:16:57Z,"0002cc0100000ecc","36545ae829f93daf0a15fa874743524f000000000000ffffffffffffffffffffffff",2,3.86,,10,21.97,52.84,,21.14,,0,0,0,0,,,-1.00,-1.00,-1.00,-1.00,-1.00,-1.00
2024-11-10T03:22:52Z,"0002cc0100000ecc","36545ae98cf93daf0a15fd87684352b2000000000000ffffffffffffffffffff",2,3.86,,10,21.99,52.89,,21.17,,0,0,0,0,,,,-1.00,-1.00,-1.00,-1.00,-1.00
2024-11-10T03:28:48Z,"0002cc0100000ecc","36545aeaf0f93daf0a15fd87b043541f000000000000ffffffffffffffffffff",2,3.86,,10,21.99,53.00,,21.26,,0,0,0,0,,,,-1.00,-1.00,-1.00,-1.00,-1.00
2024-11-10T03:34:44Z,"0002cc0100000ecc","36545aec54f93daf0a160887c443558c000000000000ffffffffffffffffffffffff",2,3.86,,10,22.03,53.03,,21.35,,0,0,0,0,,,-1.00,-1.00,-1.00,-1.00,-1.00,-1.00
2024-11-10T03:40:40Z,"0002cc0100000ecc","36545aedb8f93daf0a161387984352c1000000000000ffffffffffffffffffff",2,3.86,,10,22.07,52.97,,21.17,,0,0,0,0,,,,-1.00,-1.00,-1.00,-1.00,-1.00
2024-11-10T03:46:36Z,"0002cc0100000ecc","36545aef1cf93daf0a161787b24355df000000000000ffffffffffffffffffff",2,3.86,,10,22.09,53.01,,21.37,,0,0,0,0,,,,-1.00,-1.00,-1.00,-1.00,-1.00
2024-11-10T03:52:32Z,"0002cc0100000ecc","36545af080f93daf0a161a87fb4352c1000000000000ffffffffffffffffffffffff",2,3.86,,10,22.10,53.12,,21.17,,0,0,0,0,,,-1.00,-1.00,-1.00,-1.00,-1.00,-1.00
2024-11-10T03:58:28Z,"0002cc0100000ecc","36545af1e4f93daf0a161a87eb435686000000000000ffffffffffffffffffff",2,3.86,,10,22.10,53.09,,21.41,,0,0,0,0,,,,-1.00,-1.00,-1.00,-1.00,-1.00
2024-11-10T04:04:24Z,"0002cc0100000ecc","36545af348f93daf0a1622882543574c000000000000ffffffffffffffffffff",2,3.86,,10,22.13,53.18,,21.46,,0,0,0,0,,,,-1.00,-1.00,-1.00,-1.00,-1.00
2024-11-10T04:10:20Z,"0002cc0100000ecc","36545af4acf93daf0a162d8812435482000000000000ffffffffffffffffffffffff",2,3.86,,10,22.17,53.15,,21.28,,0,0,0,0,,,-1.00,-1.00,-1.00,-1.00,-1.00,-1.00
2024-11-10T04:16:16Z,"0002cc0100000ecc","36545af610f93daf0a16288830435696000000000000ffffffffffffffffffff",2,3.86,,10,22.16,53.20,,21.41,,0,0,0,0,,,,-1.00,-1.00,-1.00,-1.00,-1.00
2024-11-10T04:22:12Z,"0002cc0100000ecc","36545af774f93daf0a163088634357a0000000000000ffffffffffffffffffff",2,3.86,,10,22.19,53.28,,21.48,,0,0,0,0,,,,-1.00,-1.00,-1.00,-1.00,-1.00
2024-11-10T04:28:08Z,"0002cc0100000ecc","36545af8d8f93daf0a16338873435539000000000000ffffffffffffffffffff",2,3.86,,10,22.20,53.30,,21.33,,0,0,0,0,,,,-1.00,-1.00,-1.00,-1.00,-1.00
2024-11-10T04:34:04Z,"0002cc0100000ecc","36545afa3cf202050000163388644357a0000000000000ffffffffffffffffffff",2,,2.5.0.0,,22.20,53.28,,21.48,,0,0,0,0,,,,-1.00,-1.00,-1.00,-1.00,-1.00
2024-11-10T04:40:00Z,"0002cc0100000ecc","36545afba0f93daf0a163788664357a0000000000000ffffffffffffffffffffffff",2,3.86,,10,22.21,53.28,,21.48,,0,0,0,0,,,-1.00,-1.00,-1.00,-1.00,-1.00,-1.00
2024-11-10T04:45:56Z,"0002cc0100000ecc","36545afd04f93da60a163e8809435539000000000000ffffffffffffffffffff",2,3.85,,10,22.24,53.14,,21.33,,0,0,0,0,,,,-1.00,-1.00,-1.00,-1.00,-1.00
2024-11-10T04:51:52Z,"0002cc0100000ecc","36545afe68f93daf0a163b87f1435856000000000000ffffffffffffffffffff",2,3.86,,10,22.23,53.10,,21.52,,0,0,0,0,,,,-1.00,-1.00,-1.00,-1.00,-1.00
2024-11-10T04:57:48Z,"0002cc0100000ecc","36545affccf93daf0a163b8729435539000000000000ffffffffffffffffffff",2,3.86,,10,22.23,52.80,,21.33,,0,0,0,0,,,,-1.00,-1.00,-1.00,-1.00,-1.00
2024-11-10T05:03:44Z,"0002cc0100000ecc","36545b0130f93daf0a163786ff435642000000000000ffffffffffffffffffff",2,3.86,,10,22.21,52.73,,21.39,,0,0,0,0,,,,-1.00,-1.00,-1.00,-1.00,-1.00
2024-11-10T05:09:40Z,"0002cc0100000ecc","36545b0294f93daf0a163b87384355df000000000000ffffffffffffffffffffffff",2,3.86,,10,22.23,52.82,,21.37,,0,0,0,0,,,-1.00,-1.00,-1.00,-1.00,-1.00,-1.00
2024-11-10T05:15:36Z,"0002cc0100000ecc","36545b03f8f93daf0a164286fb4357b0000000000000ffffffffffffffffffff",2,3.86,,10,22.25,52.73,,21.48,,0,0,0,0,,,,-1.00,-1.00,-1.00,-1.00,-1.00
2024-11-10T05:21:32Z,"0002cc0100000ecc","36545b055cf93d9e0a163e869243590d000000000000ffffffffffffffffffff",2,3.85,,10,22.24,52.57,,21.57,,0,0,0,0,,,,-1.00,-1.00,-1.00,-1.00,-1.00
2024-11-10T05:27:28Z,"0002cc0100000ecc","36545b06c0f93daa0a164a86b04358ba000000000000ffffffffffffffffffff",2,3.85,,10,22.29,52.61,,21.55,,0,0,0,0,,,,-1.00,-1.00,-1.00,-1.00,-1.00
2024-11-10T05:33:24Z,"0002cc0100000ecc","36545b0824f93daf0a1646866543591d000000000000ffffffffffffffffffff",2,3.86,,10,22.27,52.50,,21.57,,0,0,0,0,,,,-1.00,-1.00,-1.00,-1.00,-1.00
2024-11-10T05:39:20Z,"0002cc0100000ecc","36545b0988f93daf0a16468656435970000000000000ffffffffffffffffffff",2,3.86,,10,22.27,52.48,,21.59,,0,0,0,0,,,,-1.00,-1.00,-1.00,-1.00,-1.00
2024-11-10T05:45:16Z,"0002cc0100000ecc","36545b0aecf93daf0a164a866f4356a6000000000000ffffffffffffffffffff",2,3.86,,10,22.29,52.51,,21.42,,0,0,0,0,,,,-1.00,-1.00,-1.00,-1.00,-1.00
2024-11-10T05:51:12Z,"0002cc0100000ecc","36545b0c50f93daf0a164a869643590d000000000000ffffffffffffffffffffffff",2,3.86,,10,22.29,52.57,,21.57,,0,0,0,0,,,-1.00,-1.00,-1.00,-1.00,-1.00,-1.00
2024-11-10T05:57:08Z,"0002cc0100000ecc","36545b0db4f93daa0a164a8666435709000000000000ffffffffffffffffffff",2,3.85,,10,22.29,52.50,,21.44,,0,0,0,0,,,,-1.00,-1.00,-1.00,-1.00,-1.00
2024-11-10T06:03:04Z,"0002cc0100000ecc","36545b0f18f93daa0a1651865a435a27000000000000ffffffffffffffffffff",2,3.85,,10,22.31,52.48,,21.63,,0,0,0,0,,,,-1.00,-1.00,-1.00,-1.00,-1.00
2024-11-10T06:09:00Z,"0002cc0100000ecc","36545b107cf93daf0a164d862943590d000000000000ffffffffffffffffffff",2,3.86,,10,22.30,52.41,,21.57,,0,0,0,0,,,,-1.00,-1.00,-1.00,-1.00,-1.00
2024-11-10T06:14:56Z,"0002cc0100000ecc","36545b11e0f93daf0a165185a343590d000000000000ffffffffffffffffffff",2,3.86,,10,22.31,52.20,,21.57,,0,0,0,0,,,,-1.00,-1.00,-1.00,-1.00,-1.00
2024-11-10T06:20:52Z,"0002cc0100000ecc","36545b1344f93dbb0a165185a3435642000000000000ffffffffffffffffffff",2,3.86,,10,22.31,52.20,,21.39,,0,0,0,0,,,,-1.00,-1.00,-1.00,-1.00,-1.00
2024-11-10T06:26:48Z,"0002cc0100000ecc","36545b14a8f93daa0a165185d3435813000000000000ffffffffffffffffffffffff",2,3.85,,10,22.31,52.28,,21.50,,0,0,0,0,,,-1.00,-1.00,-1.00,-1.00,-1.00,-1.00
2024-11-10T06:32:44Z,"0002cc0100000ecc","36545b160cf93daa0a164a86804357b0000000000000ffffffffffffffffffff",2,3.85,,10,22.29,52.54,,21.48,,0,0,0,0,,,,-1.00,-1.00,-1.00,-1.00,-1.00
2024-11-10T06:38:40Z,"0002cc0100000ecc","36545b1770f93d9e0a165486934356f9000000000000ffffffffffffffffffffffff",2,3.85,,10,22.33,52.57,,21.44,,0,0,0,0,,,-1.00,-1.00,-1.00,-1.00,-1.00,-1.00
2024-11-10T06:44:36Z,"0002cc0100000ecc","36545b18d4f93daa0a164d86b1435960000000000000ffffffffffffffffffff",2,3.85,,10,22.30,52.61,,21.59,,0,0,0,0,,,,-1.00,-1.00,-1.00,-1.00,-1.00
2024-11-10T06:50:32Z,"0002cc0100000ecc","36545b1a38f93daa0a1654868c435803000000000000ffffffffffffffffffff",2,3.85,,10,22.33,52.56,,21.50,,0,0,0,0,,,,-1.00,-1.00,-1.00,-1.00,-1.00
2024-11-10T06:56:28Z,"0002cc0100000ecc","36545b1b9cf93daa0a1654865c43574c000000000000ffffffffffffffffffff",2,3.85,,10,22.33,52.48,,21.46,,0,0,0,0,,,,-1.00,-1.00,-1.00,-1.00,-1.00
2024-11-10T07:02:24Z,"0002cc0100000ecc","36545b1d00f93daf0a165186324359b4000000000000ffffffffffffffffffff",2,3.86,,10,22.31,52.42,,21.61,,0,0,0,0,,,,-1.00,-1.00,-1.00,-1.00,-1.00
2024-11-10T07:08:20Z,"0002cc0100000ecc","36545b1e64f93daa0a1651862a4354e5000000000000ffffffffffffffffffffffff",2,3.85,,10,22.31,52.41,,21.31,,0,0,0,0,,,-1.00,-1.00,-1.00,-1.00,-1.00,-1.00
2024-11-10T07:14:16Z,"0002cc0100000ecc","36545b1fc8f93daa0a1654861b43574c000000000000ffffffffffffffffffff",2,3.85,,10,22.33,52.39,,21.46,,0,0,0,0,,,,-1.00,-1.00,-1.00,-1.00,-1.00
2024-11-10T07:20:12Z,"0002cc0100000ecc","36545b212cf93daa0a164d86004356a6000000000000ffffffffffffffffffff",2,3.85,,10,22.30,52.34,,21.42,,0,0,0,0,,,,-1.00,-1.00,-1.00,-1.00,-1.00
2024-11-10T07:26:08Z,"0002cc0100000ecc","36545b2290f93daa0a1654866b43590d000000000000ffffffffffffffffffff",2,3.85,,10,22.33,52.51,,21.57,,0,0,0,0,,,,-1.00,-1.00,-1.00,-1.00,-1.00
2024-11-10T07:32:04Z,"0002cc0100000ecc","36545b23f4f93daa0a165885fd4357b0000000000000ffffffffffffffffffffffff",2,3.85,,10,22.34,52.34,,21.48,,0,0,0,0,,,-1.00,-1.00,-1.00,-1.00,-1.00,-1.00
2024-11-10T07:38:00Z,"0002cc0100000ecc","36545b2558f93daa0a165c86174359b4000000000000ffffffffffffffffffff",2,3.85,,10,22.36,52.38,,21.61,,0,0,0,0,,,,-1.00,-1.00,-1.00,-1.00,-1.00
2024-11-10T07:43:56Z,"0002cc0100000ecc","36545b26bcf93daa0a165c86364358fd000000000000ffffffffffffffffffffffff",2,3.85,,10,22.36,52.43,,21.56,,0,0,0,0,,,-1.00,-1.00,-1.00,-1.00,-1.00,-1.00
2024-11-10T07:49:52Z,"0002cc0100000ecc","36545b2820f93daa0a165885d6435803000000000000ffffffffffffffffffff",2,3.85,,10,22.34,52.28,,21.50,,0,0,0,0,,,,-1.00,-1.00,-1.00,-1.00,-1.00
2024-11-10T07:55:48Z,"0002cc0100000ecc","36545b2984f93daa0a16548545435a17000000000000ffffffffffffffffffff",2,3.85,,10,22.33,52.06,,21.63,,0,0,0,0,,,,-1.00,-1.00,-1.00,-1.00,-1.00
2024-11-10T08:01:44Z,"0002cc0100000ecc","36545b2ae8f93daa0a165f8558435866000000000000ffffffffffffffffffff",2,3.85,,10,22.37,52.09,,21.52,,0,0,0,0,,,,-1.00,-1.00,-1.00,-1.00,-1.00
2024-11-10T08:07:40Z,"0002cc0100000ecc","36545b2c4cf93daa0a16588546435a17000000000000ffffffffffffffffffff",2,3.85,,10,22.34,52.06,,21.63,,0,0,0,0,,,,-1.00,-1.00,-1.00,-1.00,-1.00
2024-11-10T08:13:36Z,"0002cc0100000ecc","36545b2db0f93daa0a165f85404358ba000000000000ffffffffffffffffffff",2,3.85,,10,22.37,52.05,,21.55,,0,0,0,0,,,,-1.00,-1.00,-1.00,-1.00,-1.00
2024-11-10T08:19:32Z,"0002cc0100000ecc","36545b2f14f93daa0a165c854f435803000000000000ffffffffffffffffffffffff",2,3.85,,10,22.36,52.07,,21.50,,0,0,0,0,,,-1.00,-1.00,-1.00,-1.00,-1.00,-1.00
2024-11-10T08:25:28Z,"0002cc0100000ecc","36545b3078f93daa0a165f85104358ba000000000000ffffffffffffffffffff",2,3.85,,10,22.37,51.98,,21.55,,0,0,0,0,,,,-1.00,-1.00,-1.00,-1.00,-1.00
2024-11-10T08:31:24Z,"0002cc0100000ecc","36545b31dcf93daa0a165c852e435a27000000000000ff94fffffffffc2cee43",2,3.85,,10,22.36,52.02,,21.63,,0,0,0,0,,,,-0.20,-0.52,-1.00,-1.00,-0.95
2024-11-10T08:37:20Z,"0002cc0100000ecc","36545b3340f202050000165c85404357f3000000000000fffff714ffe2fef8ffffff2d",2,,2.5.0.0,,22.36,52.05,,21.50,,0,0,0,0,,,-0.90,-1.00,-0.87,-0.99,-0.44,-1.00
2024-11-10T08:43:16Z,"0002cc0100000ecc","36545b34a4f93daa0a165f8501435159000000000000fffffea6fe30fdccff34",2,3.85,,10,22.37,51.96,,21.08,,0,0,0,0,,,,-0.90,-0.72,-0.77,-0.83,-1.00
2024-11-10T08:49:12Z,"0002cc0100000ecc","36545b3608f93da20a165f84e0435329000000000000f58dfec5fffff549f767",2,3.85,,10,22.37,51.91,,21.20,,0,0,0,0,,,,-0.46,-0.33,-1.00,-0.85,-0.35
2024-11-10T08:55:08Z,"0002cc0100000ecc","36545b376cf93da20a1663855243513a000000000000fffffffffffff4d7fd06",2,3.85,,10,22.38,52.08,,21.08,,0,0,0,0,,,,-0.63,-0.30,-1.00,-1.00,-1.00
2024-11-10T09:01:04Z,"0002cc0100000ecc","36545b38d0f93da20a165f85094351ac000000000000fffffffffe6affffffff",2,3.85,,10,22.37,51.97,,21.10,,0,0,0,0,,,,-1.00,-1.00,-0.80,-1.00,-1.00
2024-11-10T09:07:00Z,"0002cc0100000ecc","36545b3a34f93da20a16678513435159000000000000f4edff23ffffffffffff",2,3.85,,10,22.40,51.98,,21.08,,0,0,0,0,,,,-1.00,-1.00,-1.00,-0.89,-0.31
2024-11-10T09:12:56Z,"0002cc0100000ecc","36545b3b98f93daa0a166784e3435329000000000000ffffffffffffffffffffffff",2,3.85,,10,22.40,51.91,,21.20,,0,0,0,0,,,-1.00,-1.00,-1.00,-1.00,-1.00,-1.00
2024-11-10T09:18:52Z,"0002cc0100000ecc","36545b3cfcf93da20a166a85344352c6000000000000ffffffffffffffffffff",2,3.85,,10,22.41,52.03,,21.17,,0,0,0,0,,,,-1.00,-1.00,-1.00,-1.00,-1.00
2024-11-10T09:24:48Z,"0002cc0100000ecc","36545b3e60f93da20a16638512435263000000000000ffffffffffffffffffffffff",2,3.85,,10,22.38,51.98,,21.15,,0,0,0,0,,,-1.00,-1.00,-1.00,-1.00,-1.00,-1.00
2024-11-10T09:30:44Z,"0002cc0100000ecc","36545b3fc4f93da20a16638561435210000000000000ffffffffffffffffffff",2,3.85,,10,22.38,52.10,,21.13,,0,0,0,0,,,,-1.00,-1.00,-1.00,-1.00,-1.00
2024-11-10T09:36:40Z,"0002cc0100000ecc","36545b4128f93da20a1667851c4351bc000000000000ffffffffffffffffffff",2,3.85,,10,22.40,52.00,,21.11,,0,0,0,0,,,,-1.00,-1.00,-1.00,-1.00,-1.00
2024-11-10T09:42:36Z,"0002cc0100000ecc","36545b428cf93da20a16678533435273000000000000ffffffffffffffffffffffff",2,3.85,,10,22.40,52.03,,21.15,,0,0,0,0,,,-1.00,-1.00,-1.00,-1.00,-1.00,-1.00
2024-11-10T09:48:32Z,"0002cc0100000ecc","36545b43f0f93da20a16638522435273000000000000ffffffffffffffffffff",2,3.85,,10,22.38,52.01,,21.15,,0,0,0,0,,,,-1.00,-1.00,-1.00,-1.00,-1.00
2024-11-10T09:54:28Z,"0002cc0100000ecc","36545b4554f93da20a1663851b435263000000000000ffffffffffffffffffff",2,3.85,,10,22.38,52.00,,21.15,,0,0,0,0,,,,-1.00,-1.00,-1.00,-1.00,-1.00
2024-11-10T10:00:24Z,"0002cc0100000ecc","36545b46b8f93da20a166384fa4352c6000000000000ffffffffffffffffffffffff",2,3.85,,10,22.38,51.94,,21.17,,0,0,0,0,,,-1.00,-1.00,-1.00,-1.00,-1.00,-1.00
2024-11-10T10:06:20Z,"0002cc0100000ecc","36545b481cf93da20a1667850c435329000000000000ffffffffffffffffffff",2,3.85,,10,22.40,51.97,,21.20,,0,0,0,0,,,,-1.00,-1.00,-1.00,-1.00,-1.00
2024-11-10T10:12:16Z,"0002cc0100000ecc","36545b4980f93da20a1663851b435273000000000000ffffffffffffffffffff",2,3.85,,10,22.38,52.00,,21.15,,0,0,0,0,,,,-1.00,-1.00,-1.00,-1.00,-1.00
2024-11-10T10:18:12Z,"0002cc0100000ecc","36545b4ae4f93da20a1663852a435273000000000000ffffffffffffffffffff",2,3.85,,10,22.38,52.02,,21.15,,0,0,0,0,,,,-1.00,-1.00,-1.00,-1.00,-1.00
2024-11-10T10:24:08Z,"0002cc0100000ecc","36545b4c48f93da20a165f858843521f000000000000ffffffffffffffffffff",2,3.85,,10,22.37,52.16,,21.13,,0,0,0,0,,,,-1.00,-1.00,-1.00,-1.00,-1.00
2024-11-10T10:30:04Z,"0002cc0100000ecc","36545b4dacf93da20a165f85c7435273000000000000ffffffffffffffffffff",2,3.85,,10,22.37,52.26,,21.15,,0,0,0,0,,,,-1.00,-1.00,-1.00,-1.00,-1.00
2024-11-10T10:36:00Z,"0002cc0100000ecc","36545b4f10f93da20a166385e2435329000000000000ffffffffffffffffffffffff",2,3.85,,10,22.38,52.30,,21.20,,0,0,0,0,,,-1.00,-1.00,-1.00,-1.00,-1.00,-1.00
2024-11-10T10:41:56Z,"0002cc0100000ecc","36545b5074f93da20a165f85f74352d6000000000000ffffffffffffffffffffffff",2,3.85,,10,22.37,52.33,,21.18,,0,0,0,0,,,-1.00,-1.00,-1.00,-1.00,-1.00,-1.00
2024-11-10T10:47:52Z,"0002cc0100000ecc","36545b51d8f93da20a166385f1435273000000000000ffffffffffffffffffff",2,3.85,,10,22.38,52.32,,21.15,,0,0,0,0,,,,-1.00,-1.00,-1.00,-1.00,-1.00
2024-11-10T10:53:48Z,"0002cc0100000ecc","36545b533cf93da20a1667866243536d000000000000ffffffffffffffffffff",2,3.85,,10,22.40,52.49,,21.21,,0,0,0,0,,,,-1.00,-1.00,-1.00,-1.00,-1.00
2024-11-10T10:59:44Z,"0002cc0100000ecc","36545b54a0f93d9a0a1667867243519d000000000000ffffffffffffffffffff",2,3.85,,10,22.40,52.52,,21.10,,0,0,0,0,,,,-1.00,-1.00,-1.00,-1.00,-1.00
2024-11-10T11:05:40Z,"0002cc0100000ecc","36545b5604f93da20a1667866b435263000000000000ffffffffffffffffffff",2,3.85,,10,22.40,52.51,,21.15,,0,0,0,0,,,,-1.00,-1.00,-1.00,-1.00,-1.00
2024-11-10T11:11:36Z,"0002cc0100000ecc","36545b5768f93da20a166e86744352c6000000000000ffffffffffffffffffff",2,3.85,,10,22.43,52.52,,21.17,,0,0,0,0,,,,-1.00,-1.00,-1.00,-1.00,-1.00
2024-11-10T11:17:32Z,"0002cc0100000ecc","36545b58ccf93da20a167285df435210000000000000ffffffffffffffffffff",2,3.85,,10,22.44,52.29,,21.13,,0,0,0,0,,,,-1.00,-1.00,-1.00,-1.00,-1.00
2024-11-10T11:23:28Z,"0002cc0100000ecc","36545b5a30f93da20a166a858d435329000000000000ffffffffffffffffffff",2,3.85,,10,22.41,52.17,,21.20,,0,0,0,0,,,,-1.00,-1.00,-1.00,-1.00,-1.00
2024-11-10T11:29:24Z,"0002cc0100000ecc","36545b5b94f93da20a166e84be43531a000000000000ffffffffffffffffffff",2,3.85,,10,22.43,51.85,,21.19,,0,0,0,0,,,,-1.00,-1.00,-1.00,-1.00,-1.00
2024-11-10T11:35:20Z,"0002cc0100000ecc","36545b5cf8f93da20a1667845e4352c6000000000000ffffffffffffffffffff",2,3.85,,10,22.40,51.71,,21.17,,0,0,0,0,,,,-1.00,-1.00,-1.00,-1.00,-1.00
2024-11-10T11:41:16Z,"0002cc0100000ecc","36545b5e5cf93da20a166a8497435273000000000000ffffffffffffffffffff",2,3.85,,10,22.41,51.79,,21.15,,0,0,0,0,,,,-1.00,-1.00,-1.00,-1.00,-1.00
2024-11-10T11:47:12Z,"0002cc0100000ecc","36545b5fc0f93da20a166e84774352d6000000000000ffffffffffffffffffff",2,3.85,,10,22.43,51.74,,21.18,,0,0,0,0,,,,-1.00,-1.00,-1.00,-1.00,-1.00
2024-11-10T11:53:08Z,"0002cc0100000ecc","36545b6124f93da20a166e847f435329000000000000ffffffffffffffffffff",2,3.85,,10,22.43,51.76,,21.20,,0,0,0,0,,,,-1.00,-1.00,-1.00,-1.00,-1.00
2024-11-10T11:59:04Z,"0002cc0100000ecc","36545b6288f93da20a166a844d435159000000000000ffffffffffffffffffffffff",2,3.85,,10,22.41,51.68,,21.08,,0,0,0,0,,,-1.00,-1.00,-1.00,-1.00,-1.00,-1.00
2024-11-10T12:05:00Z,"0002cc0100000ecc","36545b63ecf93d9a0a16728413435210000000000000ffffffffffffffffffff",2,3.85,,10,22.44,51.59,,21.13,,0,0,0,0,,,,-1.00,-1.00,-1.00,-1.00,-1.00
2024-11-10T12:10:56Z,"0002cc0100000ecc","36545b6550f93da20a16728471435263000000000000ffffffffffffffffffff",2,3.85,,10,22.44,51.74,,21.15,,0,0,0,0,,,,-1.00,-1.00,-1.00,-1.00,-1.00
2024-11-10T12:16:52Z,"0002cc0100000ecc","36545b66b4f93d9a0a167284bf43537d000000000000ffffffffffffffffffff",2,3.85,,10,22.44,51.85,,21.22,,0,0,0,0,,,,-1.00,-1.00,-1.00,-1.00,-1.00
2024-11-10T12:22:48Z,"0002cc0100000ecc","36545b6818f93d9a0a166e84a7435263000000000000fffffffffda5ffa5ffff",2,3.85,,10,22.43,51.82,,21.15,,0,0,0,0,,,,-1.00,-0.96,-0.71,-1.00,-1.00
2024-11-10T12:28:44Z,"0002cc0100000ecc","36545b697cf93da20a167885134353d0000000000000ffffffffffffffffffffffff",2,3.85,,10,22.47,51.98,,21.24,,0,0,0,0,,,-1.00,-1.00,-1.00,-1.00,-1.00,-1.00
2024-11-10T12:34:40Z,"0002cc0100000ecc","36545b6ae0f93da20a1680853d43531a000000000000ffffffffffffffffffff",2,3.85,,10,22.50,52.05,,21.19,,0,0,0,0,,,,-1.00,-1.00,-1.00,-1.00,-1.00
2024-11-10T12:40:36Z,"0002cc0100000ecc","36545b6c44f20205000016758539435433000000000000ffffffffffffffffffff",2,,2.5.0.0,,22.46,52.04,,21.26,,0,0,0,0,,,,-1.00,-1.00,-1.00,-1.00,-1.00
2024-11-10T12:46:32Z,"0002cc0100000ecc","36545b6da8f93d9a0a16758558435273000000000000ffffffffffffffffffffffff",2,3.85,,10,22.46,52.09,,21.15,,0,0,0,0,,,-1.00,-1.00,-1.00,-1.00,-1.00,-1.00
2024-11-10T12:52:28Z,"0002cc0100000ecc","36545b6f0cf93d9a0a167585884353d0000000000000fffffe33fffffc10ff3e",2,3.85,,10,22.46,52.16,,21.24,,0,0,0,0,,,,-0.91,-0.51,-1.00,-0.78,-1.00
2024-11-10T12:58:24Z,"0002cc0100000ecc","36545b7070f93da20a1678853a43537d000000000000ffffffb0ff92fd92ffb4",2,3.85,,10,22.47,52.04,,21.22,,0,0,0,0,,,,-0.96,-0.70,-0.95,-0.96,-1.00
2024-11-10T13:04:20Z,"0002cc0100000ecc","36545b71d4f93d9a0a1678857b435433000000000000ffffffffffffffffffff",2,3.85,,10,22.47,52.14,,21.26,,0,0,0,0,,,,-1.00,-1.00,-1.00,-1.00,-1.00
2024-11-10T13:10:16Z,"0002cc0100000ecc","36545b7338f93d9a0a167585794353e0000000000000ffffffffffffffffffff",2,3.85,,10,22.46,52.14,,21.24,,0,0,0,0,,,,-1.00,-1.00,-1.00,-1.00,-1.00
2024-11-10T13:16:12Z,"0002cc0100000ecc","36545b749cf93d9a0a167885a2435433000000000000ffffffffffffffffffff",2,3.85,,10,22.47,52.20,,21.26,,0,0,0,0,,,,-1.00,-1.00,-1.00,-1.00,-1.00
2024-11-10T13:22:08Z,"0002cc0100000ecc","36545b7600f93d9a0a167885ba435433000000000000ffffffffffffffffffff",2,3.85,,10,22.47,52.24,,21.26,,0,0,0,0,,,,-1.00,-1.00,-1.00,-1.00,-1.00
2024-11-10T13:28:04Z,"0002cc0100000ecc","36545b7764f93d9a0a167885fa435433000000000000ffffffffffffffffffff",2,3.85,,10,22.47,52.34,,21.26,,0,0,0,0,,,,-1.00,-1.00,-1.00,-1.00,-1.00
2024-11-10T13:34:00Z,"0002cc0100000ecc","36545b78c8f93d9a0a167c85bb43537d000000000000ffffffffffffffffffff",2,3.85,,10,22.48,52.24,,21.22,,0,0,0,0,,,,-1.00,-1.00,-1.00,-1.00,-1.00
2024-11-10T13:39:56Z,"0002cc0100000ecc","36545b7a2cf93d9a0a168085cc4353e0000000000000ffffffffffffffffffffffff",2,3.85,,10,22.50,52.27,,21.24,,0,0,0,0,,,-1.00,-1.00,-1.00,-1.00,-1.00,-1.00
2024-11-10T13:45:52Z,"0002cc0100000ecc","36545b7b90f93d9a0a167c85c34353e0000000000000ffffffffffffffffffff",2,3.85,,10,22.48,52.25,,21.24,,0,0,0,0,,,,-1.00,-1.00,-1.00,-1.00,-1.00
2024-11-10T13:51:48Z,"0002cc0100000ecc","36545b7cf4f93d920a167c859a435433000000000000ffffffffffffffffffffffff",2,3.85,,10,22.48,52.19,,21.26,,0,0,0,0,,,-1.00,-1.00,-1.00,-1.00,-1.00,-1.00
2024-11-10T13:57:44Z,"0002cc0100000ecc","36545b7e58f93d9a0a168085f44356ca000000000000fffffffffffffffffdb3",2,3.85,,10,22.50,52.33,,21.42,,0,0,0,0,,,,-0.71,-1.00,-1.00,-1.00,-1.00
2024-11-10T14:03:40Z,"0002cc0100000ecc","36545b7fbcf93d9a0a1680867443538c000000000000ffffffffffffffffffff",2,3.85,,10,22.50,52.52,,21.22,,0,0,0,0,,,,-1.00,-1.00,-1.00,-1.00,-1.00
2024-11-10T14:09:36Z,"0002cc0100000ecc","36545b8120f93d9a0a16808614000000000000000000ffffffffff87ffffffffffff",2,3.85,,10,22.50,52.38,,0.00,,0,0,0,0,,,-1.00,-1.00,-1.00,-0.94,-1.00,-1.00
2024-11-10T14:15:32Z,"0002cc0100000ecc","36545b8284f93d9a0a168386560000000000000000007c87ef8274c2ee61f4a0",2,3.85,,10,22.51,52.48,,0.00,,0,0,0,0,,,,-0.29,-0.20,0.30,-0.23,0.57
2024-11-10T14:21:28Z,"0002cc0100000ecc","36545b83e8f93d9a0a167c85db000000000000000000ffffffffffa8fceaffffffd6",2,3.85,,10,22.48,52.29,,0.00,,0,0,0,0,,,-0.98,-1.00,-0.61,-0.96,-1.00,-1.00
2024-11-10T14:27:24Z,"0002cc0100000ecc","36545b854cf93d9a0a167285df0000000000000000006c016cf5f646ff19ffff",2,3.85,,10,22.44,52.29,,0.00,,0,0,0,0,,,,-1.00,-0.89,-0.39,0.15,0.13
2024-11-10T14:33:20Z,"0002cc0100000ecc","36545b86b0f93d960a16638582000000000000000000fd386d88f57bffffffffffff",2,3.85,,10,22.38,52.15,,0.00,,0,0,0,0,,,-1.00,-1.00,-1.00,-0.34,0.17,-0.65
2024-11-10T14:39:16Z,"0002cc0100000ecc","36545b8814f93d9a0a1654866b000000000000000000fffffc96ffffffeeff2f",2,3.85,,10,22.33,52.51,,0.00,,0,0,0,0,,,,-0.90,-0.99,-1.00,-0.57,-1.00
2024-11-10T14:45:12Z,"0002cc0100000ecc","36545b8978f93d9a0a163e8614392ed0000000000000fffffffffed9ffffff10",2,3.85,,10,22.24,52.38,,0.02,,0,0,0,0,,,,-0.88,-1.00,-0.86,-1.00,-1.00
2024-11-10T14:51:08Z,"0002cc0100000ecc","36545b8adcf93d9a0a16378657000000000000000000ee81ffffff5df727ffff",2,3.85,,10,22.21,52.48,,0.00,,0,0,0,0,,,,-1.00,-0.45,-0.92,-1.00,-0.20
2024-11-10T14:57:05Z,"0002cc0100000ecc","36545b8c41f93d920a162886c9000000000000000000fffffffffffffd86feb4fd06",2,3.85,,10,22.16,52.65,,0.00,,0,0,0,0,,,-0.63,-0.84,-0.69,-1.00,-1.00,-1.00
2024-11-10T15:03:01Z,"0002cc0100000ecc","36545b8da5f93d9a0a1622872e000000000000000000fccaee36e626ffb3ffff",2,3.85,,10,22.13,52.81,,0.00,,0,0,0,0,,,,-1.00,-0.96,-0.10,-0.19,-0.60
2024-11-10T15:08:57Z,"0002cc0100000ecc","36545b8f09f93d9a0a161e87a6392ed0000000000000cc99fd9af53cfeaf5ce2",2,3.85,,10,22.11,52.99,,0.02,,0,0,0,0,,,,0.04,-0.84,-0.33,-0.70,-0.01
2024-11-10T15:14:53Z,"0002cc0100000ecc","36545b906df93d920a160c8993000000000000000000ec6f7c5afc65fdce7459",2,3.85,,10,22.04,53.74,,0.00,,0,0,0,0,,,,0.27,-0.73,-0.55,0.54,-0.14
2024-11-10T15:20:49Z,"0002cc0100000ecc","36545b91d1f93d960a160c89cb000000000000000000fca7fffffd88fffffdf6fdcd",2,3.85,,10,22.04,53.83,,0.00,,0,0,0,0,,,-0.73,-0.75,-1.00,-0.69,-1.00,-0.58
2024-11-10T15:26:45Z,"0002cc0100000ecc","36545b9335f93d9a0a16088a20000000000000000000fffffeceffffff03fc23",2,3.85,,10,22.03,53.96,,0.00,,0,0,0,0,,,,-0.52,-0.88,-1.00,-0.85,-1.00
2024-11-10T15:32:41Z,"0002cc0100000ecc","36545b9499f93d960a16058af5000000000000000000f735fd82fe0a653fec87",2,3.85,,10,22.02,54.28,,0.00,,0,0,0,0,,,,-0.14,0.08,-0.75,-0.69,-0.45
2024-11-10T15:38:37Z,"0002cc0100000ecc","36545b95fdf93d960a15fd8a4c000000000000000000f63fe48475c2fcfdffff",2,3.85,,10,21.99,54.02,,0.00,,0,0,0,0,,,,-1.00,-0.62,0.36,-0.07,-0.39
2024-11-10T15:44:33Z,"0002cc0100000ecc","36545b9761f93d960a15fd8adc000000000000000000fd9ffe9ffd5dedc5fc4cfc9c",2,3.85,,10,21.99,54.24,,0.00,,0,0,0,0,,,-0.58,-0.54,-0.18,-0.67,-0.83,-0.70
2024-11-10T15:50:29Z,"0002cc0100000ecc","36545b98c5f93d960a15f78b39000000000000000000fcc4ff2ffca6c6e5ff26",2,3.85,,10,21.96,54.38,,0.00,,0,0,0,0,,,,-0.89,-0.01,-0.58,-0.90,-0.60
2024-11-10T15:56:25Z,"0002cc0100000ecc","36545b9a29f93d960a15f28b55000000000000000000fffffffffdb555fef4dc",2,3.85,,10,21.95,54.43,,0.00,,0,0,0,0,,,,-0.30,0.02,-0.71,-1.00,-1.00
2024-11-10T16:02:21Z,"0002cc0100000ecc","36545b9b8df93d960a15ef8b36000000000000000000fe8ffedaff7bffffffff",2,3.85,,10,21.93,54.38,,0.00,,0,0,0,0,,,,-1.00,-1.00,-0.94,-0.86,-0.82
2024-11-10T16:08:17Z,"0002cc0100000ecc","36545b9cf1f93d960a15e48b78000000000000000000fdf5fffffffffdcdffff",2,3.85,,10,21.89,54.48,,0.00,,0,0,0,0,,,,-1.00,-0.73,-1.00,-1.00,-0.74
2024-11-10T16:14:14Z,"0002cc0100000ecc","36545b9e56f93d960a15e18b76000000000000000000fd07fffbe4aaffffeeabfdb6",2,3.85,,10,21.88,54.48,,0.00,,0,0,0,0,,,-0.71,-0.21,-1.00,-0.07,-1.00,-0.63
2024-11-10T16:20:10Z,"0002cc0100000ecc","36545b9fbaf93d9a0a15e48c080000000000000000007569e76ffd52ffffffff",2,3.85,,10,21.89,54.70,,0.00,,0,0,0,0,,,,-1.00,-1.00,-0.67,-0.12,0.34
2024-11-10T16:26:06Z,"0002cc0100000ecc","36545ba11ef93d960a15dd8c63000000000000000000fffffffffdf0f7e6f7c3",2,3.85,,10,21.86,54.84,,0.00,,0,0,0,0,,,,-0.49,-0.49,-0.74,-1.00,-1.00
2024-11-10T16:32:02Z,"0002cc0100000ecc","36545ba282f93d8a0a15dd8d02000000000000000000c64cec92fffffffffdab",2,3.85,,10,21.86,55.08,,0.00,,0,0,0,0,,,,-0.71,-1.00,-1.00,-0.14,-0.01
2024-11-10T16:37:58Z,"0002cc0100000ecc","36545ba3e6f93d960a15d28cb7000000000000000000fc0d5dfefd45ffb8f595",2,3.85,,10,21.82,54.97,,0.00,,0,0,0,0,,,,-0.35,-0.96,-0.66,0.05,-0.51
2024-11-10T16:43:54Z,"0002cc0100000ecc","36545ba54af20205000015d28cfe000000000000000000ecccfc91fed0f6046dc1",2,,2.5.0.0,,21.82,55.08,,0.00,,0,0,0,0,,,,0.18,-0.38,-0.85,-0.57,-0.15
2024-11-10T16:49:50Z,"0002cc0100000ecc","36545ba6aef93d960a15cb8cd4000000000000000000eec8fe34ffffffffffff",2,3.85,,10,21.79,55.01,,0.00,,0,0,0,0,,,,-1.00,-1.00,-1.00,-0.78,-0.21
2024-11-10T16:55:46Z,"0002cc0100000ecc","36545ba812f93d960a15c78cf9000000000000000000ffb2f45cfe88fffffd50",2,3.85,,10,21.78,55.07,,0.00,,0,0,0,0,,,,-0.66,-1.00,-0.82,-0.27,-0.96
2024-11-10T17:01:42Z,"0002cc0100000ecc","36545ba976f93d960a15bc8da4000000000000000000fffffffffd1bfffffffffd0a",2,3.85,,10,21.73,55.33,,0.00,,0,0,0,0,,,-0.63,-1.00,-1.00,-0.64,-1.00,-1.00
2024-11-10T17:07:39Z,"0002cc0100000ecc","36545baadbf93d960a15bc8da4000000000000000000f5defffffffff5a0fe82",2,3.85,,10,21.73,55.33,,0.00,,0,0,0,0,,,,-0.81,-0.35,-1.00,-1.00,-0.37
2024-11-10T17:13:35Z,"0002cc0100000ecc","36545bac3ff93d960a15b68de2392ed0000000000000fffff7a7fe68f636de07",2,3.85,,10,21.71,55.42,,0.02,,0,0,0,0,,,,-0.05,-0.39,-0.80,-0.48,-1.00
2024-11-10T17:19:31Z,"0002cc0100000ecc","36545bada3f93d960a15b98df20000000000000000004441ed18feb6fe65ffa1",2,3.85,,10,21.72,55.45,,0.00,,0,0,0,0,,,,-0.95,-0.80,-0.84,-0.16,0.00
2024-11-10T17:25:27Z,"0002cc0100000ecc","36545baf07f93d960a15b18db0392ed0000000000000fc2cf648fffffefcffffffe9",2,3.85,,10,21.69,55.35,,0.02,,0,0,0,0,,,-0.99,-1.00,-0.87,-1.00,-0.39,-0.52
2024-11-10T17:31:23Z,"0002cc0100000ecc","36545bb06bf93d960a15ad8dd6000000000000000000e643ff19fffffdb55e59",2,3.85,,10,21.68,55.41,,0.00,,0,0,0,0,,,,0.05,-0.71,-1.00,-0.89,-0.10
2024-11-10T17:37:19Z,"0002cc0100000ecc","36545bb1cff93d8e0a15aa8f0b000000000000000000fcefffffffffffffec0c",2,3.85,,10,21.66,55.88,,0.00,,0,0,0,0,,,,-0.13,-1.00,-1.00,-1.00,-0.62
2024-11-10T17:43:15Z,"0002cc0100000ecc","36545bb333f93d960a15cf90380000000000000000007ca07c6676e567e8bf3f",2,3.85,,10,21.81,56.34,,0.00,,0,0,0,0,,,,-0.00,0.12,0.43,0.55,0.58
2024-11-10T17:49:11Z,"0002cc0100000ecc","36545bb497f93d960a15c18f42000000000000000000fdbdffffec39e672fc19fe0d",2,3.85,,10,21.75,55.96,,0.00,,0,0,0,0,,,-0.76,-0.51,-0.10,-0.13,-1.00,-0.72
2024-11-10T17:55:07Z,"0002cc0100000ecc","36545bb5fbf93d8e0a15b68fc6000000000000000000fec3ffffffffffffffff",2,3.85,,10,21.71,56.16,,0.00,,0,0,0,0,,,,-1.00,-1.00,-1.00,-1.00,-0.85
2024-11-10T18:01:03Z,"0002cc0100000ecc","36545bb75ff93d8a0a15bc914e392ed000000000000074057438f76bfe0ef674760c",2,3.85,,10,21.73,56.76,,0.02,,0,0,0,0,,,0.38,-0.40,-0.76,-0.46,0.26,0.25
2024-11-10T18:07:00Z,"0002cc0100000ecc","36545bb8c4f93d960a15b98fde00000000000000000074aa6698ff67ffffff2e",2,3.85,,10,21.72,56.20,,0.00,,0,0,0,0,,,,-0.90,-1.00,-0.93,0.10,0.29
2024-11-10T18:12:56Z,"0002cc0100000ecc","36545bba28f93d8e0a15b690dc392ed0000000000000feeffffffffff53e5716",2,3.85,,10,21.71,56.59,,0.02,,0,0,0,0,,,,0.03,-0.33,-1.00,-1.00,-0.87
2024-11-10T18:18:52Z,"0002cc0100000ecc","36545bbb8cf93d8e0a15b68fc6000000000000000000765176c37c59c405fffff6d5",2,3.85,,10,21.71,56.16,,0.00,,0,0,0,0,,,-0.43,-1.00,-0.00,0.54,0.42,0.39
2024-11-10T18:24:48Z,"0002cc0100000ecc","36545bbcf0f93d8e0a15ad8d37392ed0000000000000fc3ffffffe97fffff536",2,3.85,,10,21.68,55.16,,0.02,,0,0,0,0,,,,-0.33,-1.00,-0.82,-1.00,-0.53
2024-11-10T18:30:44Z,"0002cc0100000ecc","36545bbe54f93d8e0a15a28cab0000000000000000007dab5455fd14fd66ffffffff",2,3.85,,10,21.63,54.95,,0.00,,0,0,0,0,,,-1.00,-1.00,-0.67,-0.63,0.02,0.71
2024-11-10T18:36:40Z,"0002cc0100000ecc","36545bbfb8f93d960a15a28cc3000000000000000000feb85eb3ff10fe7effc4",2,3.85,,10,21.63,54.99,,0.00,,0,0,0,0,,,,-0.97,-0.81,-0.88,0.05,-0.84
2024-11-10T18:42:36Z,"0002cc0100000ecc","36545bc11cf93d960a15b18db0000000000000000000e628fc046cd76de26e68",2,3.85,,10,21.69,55.35,,0.00,,0,0,0,0,,,,0.20,0.18,0.15,-0.50,-0.10
2024-11-10T18:48:32Z,"0002cc0100000ecc","36545bc280f93d8e0a159f8c3b000000000000000000ffb0fffffe30fe15ffff",2,3.85,,10,21.62,54.78,,0.00,,0,0,0,0,,,,-1.00,-0.76,-0.77,-1.00,-0.96
2024-11-10T18:54:28Z,"0002cc0100000ecc","36545bc3e4f93d8e0a15a28cba00000000000000000074e275c26692f489f78c65c3",2,3.85,,10,21.63,54.97,,0.00,,0,0,0,0,,,0.09,-0.47,-0.28,0.10,0.36,0.31
2024-11-10T19:00:24Z,"0002cc0100000ecc","36545bc548f93d8e0a159f8c63392ed0000000000000747cfc8dfec7e5a26e69",2,3.85,,10,21.62,54.84,,0.02,,0,0,0,0,,,,0.20,-0.09,-0.85,-0.57,0.28
2024-11-10T19:06:21Z,"0002cc0100000ecc","36545bc6adf93d8e0a159f8c53392ed00000000000007d467639f53ffc31ec4bfecb",2,3.85,,10,21.62,54.81,,0.02,,0,0,0,0,,,-0.85,-0.13,-0.52,-0.33,0.39,0.66
2024-11-10T19:12:17Z,"0002cc0100000ecc","36545bc811f93d8e0a15988cff0000000000000000007c21f434f77effffffff",2,3.85,,10,21.59,55.08,,0.00,,0,0,0,0,,,,-1.00,-1.00,-0.47,-0.26,0.52
2024-11-10T19:18:13Z,"0002cc0100000ecc","36545bc975f93d8a0a15948d9d392ed0000000000000fffffffffcd9f40df56f",2,3.85,,10,21.58,55.32,,0.02,,0,0,0,0,,,,-0.34,-0.25,-0.61,-1.00,-1.00
2024-11-10T19:24:09Z,"0002cc0100000ecc","36545bcad9f93d8e0a15948db3392ed00000000000007dc4779476b6ffeefc766c65",2,3.85,,10,21.58,55.35,,0.02,,0,0,0,0,,,0.14,-0.56,-0.99,0.42,0.47,0.72
2024-11-10T19:30:05Z,"0002cc0100000ecc","36545bcc3df93d8e0a15918e19000000000000000000e704fe45fffff604f5f1",2,3.85,,10,21.56,55.51,,0.00,,0,0,0,0,,,,-0.37,-0.38,-1.00,-0.78,-0.11
2024-11-10T19:36:01Z,"0002cc0100000ecc","36545bcda1f93d8e0a15988e9c000000000000000000ffffedc3fec6771976e0",2,3.85,,10,21.59,55.71,,0.00,,0,0,0,0,,,,0.43,0.44,-0.85,-0.18,-1.00
2024-11-10T19:41:57Z,"0002cc0100000ecc","36545bcf05f93d8e0a158d8ea0000000000000000000fffffed077d5f6d5ffffffff",2,3.85,,10,21.55,55.71,,0.00,,0,0,0,0,,,-1.00,-1.00,-0.43,0.49,-0.85,-1.00
2024-11-10T19:47:53Z,"0002cc0100000ecc","36545bd069f93d8e0a157f8ed9000000000000000000ffffffffffffffffffff",2,3.85,,10,21.49,55.80,,0.00,,0,0,0,0,,,,-1.00,-1.00,-1.00,-1.00,-1.00
2024-11-10T19:53:49Z,"0002cc0100000ecc","36545bd1cdf93d8e0a15778eb5000000000000000000ffffffffffffffffffffffff",2,3.85,,10,21.46,55.75,,0.00,,0,0,0,0,,,-1.00,-1.00,-1.00,-1.00,-1.00,-1.00
2024-11-10T19:59:45Z,"0002cc0100000ecc","36545bd331f93d860a15718e8b000000000000000000ffffffffffffffffffff",2,3.85,,10,21.44,55.68,,0.00,,0,0,0,0,,,,-1.00,-1.00,-1.00,-1.00,-1.00
2024-11-10T20:05:41Z,"0002cc0100000ecc","36545bd495f93d8e0a15698ea0000000000000000000ffffffffffffffffffffffff",2,3.85,,10,21.41,55.71,,0.00,,0,0,0,0,,,-1.00,-1.00,-1.00,-1.00,-1.00,-1.00
2024-11-10T20:11:37Z,"0002cc0100000ecc","36545bd5f9f93d8e0a15628f05000000000000000000ffffffffffffffffffff",2,3.85,,10,21.38,55.87,,0.00,,0,0,0,0,,,,-1.00,-1.00,-1.00,-1.00,-1.00
2024-11-10T20:17:33Z,"0002cc0100000ecc","36545bd75df93d8e0a15628f05000000000000000000ffffffffffffffffffff",2,3.85,,10,21.38,55.87,,0.00,,0,0,0,0,,,,-1.00,-1.00,-1.00,-1.00,-1.00
2024-11-10T20:23:29Z,"0002cc0100000ecc","36545bd8c1f93d8e0a15628f74000000000000000000ffffffffffffffffffff",2,3.85,,10,21.38,56.04,,0.00,,0,0,0,0,,,,-1.00,-1.00,-1.00,-1.00,-1.00
2024-11-10T20:29:25Z,"0002cc0100000ecc","36545bda25f93d8e0a15578fbd000000000000000000ffffffffffffffffffffffff",2,3.85,,10,21.34,56.15,,0.00,,0,0,0,0,,,-1.00,-1.00,-1.00,-1.00,-1.00,-1.00
2024-11-10T20:35:21Z,"0002cc0100000ecc","36545bdb89f93d8e0a15578fe6000000000000000000ffffffffffffffffffff",2,3.85,,10,21.34,56.21,,0.00,,0,0,0,0,,,,-1.00,-1.00,-1.00,-1.00,-1.00
2024-11-10T20:41:17Z,"0002cc0100000ecc","36545bdcedf93d8e0a1557901d000000000000000000ffffffffffffffffffffffff",2,3.85,,10,21.34,56.30,,0.00,,0,0,0,0,,,-1.00,-1.00,-1.00,-1.00,-1.00,-1.00
2024-11-10T20:47:13Z,"0002cc0100000ecc","36545bde51f20205000015578fd7000000000000000000ffffffffffffffffffff",2,,2.5.0.0,,21.34,56.19,,0.00,,0,0,0,0,,,,-1.00,-1.00,-1.00,-1.00,-1.00
2024-11-10T20:53:09Z,"0002cc0100000ecc","36545bdfb5f93d8e0a15548fc3000000000000000000ffffffffffffffffffff",2,3.85,,10,21.33,56.16,,0.00,,0,0,0,0,,,,-1.00,-1.00,-1.00,-1.00,-1.00
2024-11-10T20:59:05Z,"0002cc0100000ecc","36545be119f93d8a0a15578f8d000000000000000000ffffffffffffffffffffffff",2,3.85,,10,21.34,56.08,,0.00,,0,0,0,0,,,-1.00,-1.00,-1.00,-1.00,-1.00,-1.00
2024-11-10T21:05:01Z,"0002cc0100000ecc","36545be27df93d8a0a15548f7d000000000000000000ffffffffffffffffffff",2,3.85,,10,21.33,56.05,,0.00,,0,0,0,0,,,,-1.00,-1.00,-1.00,-1.00,-1.00
2024-11-10T21:10:57Z,"0002cc0100000ecc","36545be3e1f93d8a0a154c8f99000000000000000000ffffffffffffffffffffffff",2,3.85,,10,21.30,56.09,,0.00,,0,0,0,0,,,-1.00,-1.00,-1.00,-1.00,-1.00,-1.00
2024-11-10T21:16:53Z,"0002cc0100000ecc","36545be545f93d8a0a154c8fe1000000000000000000ffffffffffffffffffff",2,3.85,,10,21.30,56.20,,0.00,,0,0,0,0,,,,-1.00,-1.00,-1.00,-1.00,-1.00
2024-11-10T21:22:49Z,"0002cc0100000ecc","36545be6a9f93d8a0a15499010000000000000000000ffffffffffffffffffff",2,3.85,,10,21.28,56.28,,0.00,,0,0,0,0,,,,-1.00,-1.00,-1.00,-1.00,-1.00
2024-11-10T21:28:45Z,"0002cc0100000ecc","36545be80df93d7d0a15509059000000000000000000ffffffffffffffffffffffff",2,3.84,,10,21.31,56.39,,0.00,,0,0,0,0,,,-1.00,-1.00,-1.00,-1.00,-1.00,-1.00
2024-11-10T21:34:41Z,"0002cc0100000ecc","36545be971f93d8a0a154c9040000000000000000000ffffffffffffffffffff",2,3.85,,10,21.30,56.35,,0.00,,0,0,0,0,,,,-1.00,-1.00,-1.00,-1.00,-1.00
2024-11-10T21:40:37Z,"0002cc0100000ecc","36545bead5f93d8a0a1549906e000000000000000000ffffffffffffffffffffffff",2,3.85,,10,21.28,56.42,,0.00,,0,0,0,0,,,-1.00,-1.00,-1.00,-1.00,-1.00,-1.00
2024-11-10T21:46:33Z,"0002cc0100000ecc","36545bec39f93d8a0a15499086000000000000000000ffffffffffffffffffff",2,3.85,,10,21.28,56.46,,0.00,,0,0,0,0,,,,-1.00,-1.00,-1.00,-1.00,-1.00
2024-11-10T21:52:29Z,"0002cc0100000ecc","36545bed9df93d8a0a15499067000000000000000000ffffffffffffffffffff",2,3.85,,10,21.28,56.41,,0.00,,0,0,0,0,,,,-1.00,-1.00,-1.00,-1.00,-1.00
2024-11-10T21:58:25Z,"0002cc0100000ecc","36545bef01d93d8e0a15499040000000000000ffffffffffffffffffffffff",2,3.85,,10,21.28,56.35,,,,0,0,0,0,,,-1.00,-1.00,-1.00,-1.00,-1.00,-1.00
2024-11-10T22:04:21Z,"0002cc0100000ecc","36545bf065f93d8a0a15509041000000000000000000ffffffffffffffffffff",2,3.85,,10,21.31,56.35,,0.00,,0,0,0,0,,,,-1.00,-1.00,-1.00,-1.00,-1.00
2024-11-10T22:10:17Z,"0002cc0100000ecc","36545bf1c9f93d8a0a1549901f000000000000000000ffffffffffffffffffff",2,3.85,,10,21.28,56.30,,0.00,,0,0,0,0,,,,-1.00,-1.00,-1.00,-1.00,-1.00
2024-11-10T22:16:13Z,"0002cc0100000ecc","36545bf32df93d920a15499077000000000000000000ffffffffffffffffffffffff",2,3.85,,10,21.28,56.43,,0.00,,0,0,0,0,,,-1.00,-1.00,-1.00,-1.00,-1.00,-1.00
2024-11-10T22:22:09Z,"0002cc0100000ecc","36545bf491f93d8a0a154990d6000000000000000000ffffffffffffffffffff",2,3.85,,10,21.28,56.58,,0.00,,0,0,0,0,,,,-1.00,-1.00,-1.00,-1.00,-1.00
2024-11-10T22:28:05Z,"0002cc0100000ecc","36545bf5f5f93d7d0a155790dc000000000000000000ffffffffffffffffffff",2,3.84,,10,21.34,56.59,,0.00,,0,0,0,0,,,,-1.00,-1.00,-1.00,-1.00,-1.00
2024-11-10T22:34:01Z,"0002cc0100000ecc","36545bf759f93d8a0a15509130000000000000000000ffffffffffffffffffffffff",2,3.85,,10,21.31,56.71,,0.00,,0,0,0,0,,,-1.00,-1.00,-1.00,-1.00,-1.00,-1.00
2024-11-10T22:39:57Z,"0002cc0100000ecc","36545bf8bdf93d7d0a15509128000000000000000000ffffffffffffffffffff",2,3.84,,10,21.31,56.70,,0.00,,0,0,0,0,,,,-1.00,-1.00,-1.00,-1.00,-1.00
2024-11-10T22:45:53Z,"0002cc0100000ecc","36545bfa21f93d8a0a15549131000000000000000000ffffffffffffffffffffffff",2,3.85,,10,21.33,56.72,,0.00,,0,0,0,0,,,-1.00,-1.00,-1.00,-1.00,-1.00,-1.00
2024-11-10T22:51:49Z,"0002cc0100000ecc","36545bfb85f93d8a0a155e9136000000000000000000fffffffffcd9ffffffff",2,3.85,,10,21.37,56.72,,0.00,,0,0,0,0,,,,-1.00,-1.00,-0.61,-1.00,-1.00
2024-11-10T22:57:45Z,"0002cc0100000ecc","36545bfce9f93d8a0a15699278000000000000000000ffffffff6ce45d41fd5a",2,3.85,,10,21.41,57.22,,0.00,,0,0,0,0,,,,-0.67,0.04,0.15,-1.00,-1.00
2024-11-10T23:03:41Z,"0002cc0100000ecc","36545bfe4df93d8a0a157790bb000000000000000000f590fe35ffffd45bff13fd79",2,3.85,,10,21.46,56.54,,0.00,,0,0,0,0,,,-0.68,-0.88,-0.02,-1.00,-0.78,-0.35
2024-11-10T23:09:37Z,"0002cc0100000ecc","36545bffb1f93d8a0a157f90f50000000000000000004457fcaeff4deecd744c",2,3.85,,10,21.49,56.62,,0.00,,0,0,0,0,,,,0.27,-0.21,-0.91,-0.58,0.00
2024-11-10T23:15:33Z,"0002cc0100000ecc","36545c0115f93d8a0a158290ad0000000000000000006e7bfee1ffffc697ff53",2,3.85,,10,21.51,56.51,,0.00,,0,0,0,0,,,,-0.92,-0.01,-1.00,-0.86,0.20
2024-11-10T23:21:30Z,"0002cc0100000ecc","36545c027af93d8a0a158690af000000000000000000fe15fec0e677f61e7709f58d",2,3.85,,10,21.52,56.52,,0.00,,0,0,0,0,,,-0.35,0.44,-0.38,-0.10,-0.84,-0.76
2024-11-10T23:27:26Z,"0002cc0100000ecc","36545c03def93d8a0a158a9053392ed0000000000000ff2dfffff644fff6fdc3",2,3.85,,10,21.54,56.38,,0.02,,0,0,0,0,,,,-0.72,-0.99,-0.39,-1.00,-0.90
2024-11-10T23:33:22Z,"0002cc0100000ecc","36545c0542f93d8a0a159890380000000000000000005e3975defccbffffffffffff",2,3.85,,10,21.59,56.34,,0.00,,0,0,0,0,,,-1.00,-1.00,-1.00,-0.60,0.37,0.05
2024-11-10T23:39:18Z,"0002cc0100000ecc","36545c06a6f93d8a0a1594900e000000000000000000fffffffffffff550ffff",2,3.85,,10,21.58,56.27,,0.00,,0,0,0,0,,,,-1.00,-0.33,-1.00,-1.00,-1.00
2024-11-10T23:45:14Z,"0002cc0100000ecc","36545c080af93d8a0a15948fff000000000000000000fffff75affffffffffff",2,3.85,,10,21.58,56.25,,0.00,,0,0,0,0,,,,-1.00,-1.00,-1.00,-0.46,-1.00
2024-11-10T23:51:10Z,"0002cc0100000ecc","36545c096ef93d8a0a158d902c000000000000000000ffffffffffffffffffffffff",2,3.85,,10,21.55,56.32,,0.00,,0,0,0,0,,,-1.00,-1.00,-1.00,-1.00,-1.00,-1.00
2024-11-10T23:57:06Z,"0002cc0100000ecc","36545c0ad2f93d7d0a158a903a000000000000000000ffffffffffffffffffff",2,3.84,,10,21.54,56.34,,0.00,,0,0,0,0,,,,-1.00,-1.00,-1.00,-1.00,-1.00
