Time,DevEUI,Raw,Port,Vbat,Version,BootCount,T,RH,P,Light,CO2,P[0].delta,P[0].total,P[1].delta,P[1].total,Act[7],Act[6],Act[5],Act[4],Act[3],Act[2],Act[1],Act[0]
2024-11-14T00:02:59Z,"0002cc0100000ecc","36546000b3f93ce20a156969fb000000000000000000ffffde20ff7efffffef6",2,3.81,,10,21.41,41.40,,0.00,,0,0,0,0,,,,-0.87,-1.00,-0.94,-0.05,-1.00
2024-11-14T00:08:55Z,"0002cc0100000ecc","3654600217f93ce20a156c6901000000000000000000ff4efe20fc1bfdeefe7b",2,3.81,,10,21.42,41.02,,0.00,,0,0,0,0,,,,-0.81,-0.74,-0.51,-0.77,-0.91
2024-11-14T00:14:51Z,"0002cc0100000ecc","365460037bf93ce20a1574689c000000000000000000ffffffffffffffffffffffff",2,3.81,,10,21.45,40.86,,0.00,,0,0,0,0,,,-1.00,-1.00,-1.00,-1.00,-1.00,-1.00
2024-11-14T00:20:47Z,"0002cc0100000ecc","36546004dff93cea0a157168ae000000000000000000ffffffffee076e645eac",2,3.81,,10,21.44,40.89,,0.00,,0,0,0,0,,,,0.05,0.20,-0.19,-1.00,-1.00
2024-11-14T00:26:43Z,"0002cc0100000ecc","3654600643f93ce20a15746865000000000000000000ffffffffffffffffffff",2,3.81,,10,21.45,40.78,,0.00,,0,0,0,0,,,,-1.00,-1.00,-1.00,-1.00,-1.00
2024-11-14T00:32:39Z,"0002cc0100000ecc","36546007a7f93ce20a157468b0392ed0000000000000ffffffffffffffffffffdce0",2,3.81,,10,21.45,40.89,,0.02,,0,0,0,0,,,-0.04,-1.00,-1.00,-1.00,-1.00,-1.00
2024-11-14T00:38:36Z,"0002cc0100000ecc","365460090cf93ce20a15776881000000000000000000ec31ffffffffffffffff",2,3.81,,10,21.46,40.82,,0.00,,0,0,0,0,,,,-1.00,-1.00,-1.00,-1.00,-0.13
2024-11-14T00:44:32Z,"0002cc0100000ecc","3654600a70f93ce20a1571683e0000000000000000007543fd3affffffffffff",2,3.81,,10,21.44,40.72,,0.00,,0,0,0,0,,,,-1.00,-1.00,-1.00,-0.65,0.33
2024-11-14T00:50:28Z,"0002cc0100000ecc","3654600bd4f93cda0a157167f4000000000000000000ffffffffffffffffffff",2,3.80,,10,21.44,40.61,,0.00,,0,0,0,0,,,,-1.00,-1.00,-1.00,-1.00,-1.00
2024-11-14T00:56:24Z,"0002cc0100000ecc","3654600d38d93cee0a156968a4000000000000ffffffffffffffff6f6c",2,3.81,,10,21.41,40.88,,,,0,0,0,0,,,,0.23,-1.00,-1.00,-1.00,-1.00
2024-11-14T01:02:20Z,"0002cc0100000ecc","3654600e9cf93cda0a156c680e0000000000000000006c82ec776dc16df5f67e",2,3.80,,10,21.42,40.65,,0.00,,0,0,0,0,,,,-0.41,0.19,0.18,-0.14,0.14
2024-11-14T01:08:16Z,"0002cc0100000ecc","3654601000f93ce20a156667fa000000000000000000fffffffffffffcc074e6",2,3.81,,10,21.40,40.62,,0.00,,0,0,0,0,,,,0.31,-0.59,-1.00,-1.00,-1.00
2024-11-14T01:14:12Z,"0002cc0100000ecc","3654601164f93ce20a1554677c000000000000000000ffffffffffffffffffff",2,3.81,,10,21.33,40.42,,0.00,,0,0,0,0,,,,-1.00,-1.00,-1.00,-1.00,-1.00
2024-11-14T01:20:08Z,"0002cc0100000ecc","36546012c8f93ce20a155767be000000000000000000ffffff11fee177dc67f2",2,3.81,,10,21.34,40.52,,0.00,,0,0,0,0,,,,0.12,0.49,-0.86,-0.88,-1.00
2024-11-14T01:26:04Z,"0002cc0100000ecc","365460142cf93ce20a15496749000000000000000000ffffffffffffffffffff",2,3.81,,10,21.28,40.35,,0.00,,0,0,0,0,,,,-1.00,-1.00,-1.00,-1.00,-1.00
2024-11-14T01:32:00Z,"0002cc0100000ecc","3654601590f93cda0a154667f1000000000000000000fffffffffff6fd65fe9afdd2",2,3.80,,10,21.27,40.60,,0.00,,0,0,0,0,,,-0.73,-0.83,-0.67,-0.99,-1.00,-1.00
2024-11-14T01:37:56Z,"0002cc0100000ecc","36546016f4f93cee0a15416802000000000000000000fc74ffffffffffffffffffff",2,3.81,,10,21.25,40.63,,0.00,,0,0,0,0,,,-1.00,-1.00,-1.00,-1.00,-1.00,-0.56
2024-11-14T01:43:52Z,"0002cc0100000ecc","3654601858f93ce20a153e67ee000000000000000000ffffffffffffffffffff",2,3.81,,10,21.24,40.60,,0.00,,0,0,0,0,,,,-1.00,-1.00,-1.00,-1.00,-1.00
2024-11-14T01:49:48Z,"0002cc0100000ecc","36546019bcf202050000154967a80000000000000000007c4f67fd76f97cd1f659ffff",2,,2.5.0.0,,21.28,40.49,,0.00,,0,0,0,0,,,-1.00,-0.40,0.60,0.44,0.12,0.54
2024-11-14T01:55:44Z,"0002cc0100000ecc","3654601b20f93cda0a154667a6000000000000000000ffffffffffffffffffff",2,3.80,,10,21.27,40.49,,0.00,,0,0,0,0,,,,-1.00,-1.00,-1.00,-1.00,-1.00
2024-11-14T02:01:40Z,"0002cc0100000ecc","3654601c84f93cda0a153e6788000000000000000000ffffffffffffffffffff",2,3.80,,10,21.24,40.44,,0.00,,0,0,0,0,,,,-1.00,-1.00,-1.00,-1.00,-1.00
2024-11-14T02:07:36Z,"0002cc0100000ecc","3654601de8f93cda0a154667ca000000000000000000fc1f7775f53674237786ffff",2,3.80,,10,21.27,40.54,,0.00,,0,0,0,0,,,-1.00,0.47,0.26,-0.33,0.47,-0.52
2024-11-14T02:13:33Z,"0002cc0100000ecc","3654601f4df93cda0a1541675b416811000000000000fffffffff7f1ff33fe6e",2,3.80,,10,21.25,40.37,,5.63,,0,0,0,0,,,,-0.80,-0.90,-0.50,-1.00,-1.00
2024-11-14T02:19:28Z,"0002cc0100000ecc","36546020b0f93cda0a153e674f41daf2000000000000ffffffffffffffffffff",2,3.80,,10,21.24,40.36,,7.42,,0,0,0,0,,,,-1.00,-1.00,-1.00,-1.00,-1.00
2024-11-14T02:25:25Z,"0002cc0100000ecc","3654602215f93cda0a153e66e941ea05000000000000ffffffffffffffffffffffff",2,3.80,,10,21.24,40.20,,7.66,,0,0,0,0,,,-1.00,-1.00,-1.00,-1.00,-1.00,-1.00
2024-11-14T02:31:21Z,"0002cc0100000ecc","3654602379f93cda0a154166d941f107000000000000ffffffffffffffffffff",2,3.80,,10,21.25,40.18,,7.77,,0,0,0,0,,,,-1.00,-1.00,-1.00,-1.00,-1.00
2024-11-14T02:37:17Z,"0002cc0100000ecc","36546024ddf93cda0a154166d941f67c000000000000ffffffffffffffffffff",2,3.80,,10,21.25,40.18,,7.85,,0,0,0,0,,,,-1.00,-1.00,-1.00,-1.00,-1.00
2024-11-14T02:43:13Z,"0002cc0100000ecc","3654602641f93cda0a154666be41f67c000000000000ffffffffffffffffffff",2,3.80,,10,21.27,40.13,,7.85,,0,0,0,0,,,,-1.00,-1.00,-1.00,-1.00,-1.00
2024-11-14T02:49:09Z,"0002cc0100000ecc","36546027a5f93cda0a154966be41faa4000000000000ffffffffff41ffffffffffff",2,3.80,,10,21.28,40.13,,7.92,,0,0,0,0,,,-1.00,-1.00,-1.00,-0.91,-1.00,-1.00
2024-11-14T02:55:05Z,"0002cc0100000ecc","3654602909f93ce60a155466c141faa4000000000000fffffd53ef3cfdcaffff",2,3.81,,10,21.33,40.14,,7.92,,0,0,0,0,,,,-1.00,-0.72,-0.23,-0.67,-1.00
2024-11-14T03:01:01Z,"0002cc0100000ecc","3654602a6df93cda0a1550666441faa4000000000000ffffffffffffffffffff",2,3.80,,10,21.31,40.00,,7.92,,0,0,0,0,,,,-1.00,-1.00,-1.00,-1.00,-1.00
2024-11-14T03:06:57Z,"0002cc0100000ecc","3654602bd1f93cda0a155e665c41fbf1000000000000ffffffffffffffffffffffff",2,3.80,,10,21.37,39.98,,7.94,,0,0,0,0,,,-1.00,-1.00,-1.00,-1.00,-1.00,-1.00
2024-11-14T03:12:53Z,"0002cc0100000ecc","3654602d35f93ce60a1566663b41fecc000000000000ffffffffffffffffffff",2,3.81,,10,21.40,39.93,,7.98,,0,0,0,0,,,,-1.00,-1.00,-1.00,-1.00,-1.00
2024-11-14T03:18:49Z,"0002cc0100000ecc","3654602e99f93cda0a156c65d54202e7000000000000ffffffffffffffffffff",2,3.80,,10,21.42,39.78,,8.09,,0,0,0,0,,,,-1.00,-1.00,-1.00,-1.00,-1.00
2024-11-14T03:24:45Z,"0002cc0100000ecc","3654602ffdf93cda0a1574662242000d000000000000fffff72fffffffffffffffff",2,3.80,,10,21.45,39.90,,8.00,,0,0,0,0,,,-1.00,-1.00,-1.00,-1.00,-0.45,-1.00
2024-11-14T03:30:41Z,"0002cc0100000ecc","3654603161f93cda0a157b65e342017a000000000000ffffffffffffffffffff",2,3.80,,10,21.48,39.80,,8.05,,0,0,0,0,,,,-1.00,-1.00,-1.00,-1.00,-1.00
2024-11-14T03:36:37Z,"0002cc0100000ecc","36546032c5f93cda0a157f659042000d000000000000ffffffffffffffffffff",2,3.80,,10,21.49,39.67,,8.00,,0,0,0,0,,,,-1.00,-1.00,-1.00,-1.00,-1.00
2024-11-14T03:42:33Z,"0002cc0100000ecc","3654603429f93cda0a1582653e4202e7000000000000ffffffffffffffffffffffff",2,3.80,,10,21.51,39.55,,8.09,,0,0,0,0,,,-1.00,-1.00,-1.00,-1.00,-1.00,-1.00
2024-11-14T03:48:29Z,"0002cc0100000ecc","365460358df93cda0a1586653542000d000000000000ffffffffffffffffffffffff",2,3.80,,10,21.52,39.53,,8.00,,0,0,0,0,,,-1.00,-1.00,-1.00,-1.00,-1.00,-1.00
2024-11-14T03:54:25Z,"0002cc0100000ecc","36546036f1f93ce60a159165004202e7000000000000ffffffffffffffffffff",2,3.81,,10,21.56,39.45,,8.09,,0,0,0,0,,,,-1.00,-1.00,-1.00,-1.00,-1.00
2024-11-14T04:00:21Z,"0002cc0100000ecc","3654603855f93cda0a1598651e420221000000000000ffffffffffffffffffffffff",2,3.80,,10,21.59,39.50,,8.07,,0,0,0,0,,,-1.00,-1.00,-1.00,-1.00,-1.00,-1.00
2024-11-14T04:06:17Z,"0002cc0100000ecc","36546039b9f93cda0a15a2659941ffda000000000000fd72fd98fffffffffc5b",2,3.80,,10,21.63,39.69,,8.00,,0,0,0,0,,,,-0.54,-1.00,-1.00,-0.70,-0.68
2024-11-14T04:12:13Z,"0002cc0100000ecc","3654603b1df93cda0a15a764fd420201000000000000ffffffffffffffffffff",2,3.80,,10,21.65,39.45,,8.06,,0,0,0,0,,,,-1.00,-1.00,-1.00,-1.00,-1.00
2024-11-14T04:18:09Z,"0002cc0100000ecc","3654603c81f93cda0a15b164d242036e000000000000ffffffffffffffffffffffff",2,3.80,,10,21.69,39.38,,8.11,,0,0,0,0,,,-1.00,-1.00,-1.00,-1.00,-1.00,-1.00
2024-11-14T04:24:05Z,"0002cc0100000ecc","3654603de5f93cd50a15b96451420094000000000000ffffffffffffffffffffffff",2,3.80,,10,21.72,39.19,,8.02,,0,0,0,0,,,-1.00,-1.00,-1.00,-1.00,-1.00,-1.00
2024-11-14T04:30:01Z,"0002cc0100000ecc","3654603f49f93cd50a15b66a12420094000000000000ffffffffffffffffffff",2,3.80,,10,21.71,41.43,,8.02,,0,0,0,0,,,,-1.00,-1.00,-1.00,-1.00,-1.00
2024-11-14T04:35:57Z,"0002cc0100000ecc","36546040adf93cd50a15bc728e420434000000000000ffffffffffffffffffff",2,3.80,,10,21.73,44.75,,8.13,,0,0,0,0,,,,-1.00,-1.00,-1.00,-1.00,-1.00
2024-11-14T04:41:53Z,"0002cc0100000ecc","3654604211f93cd50a15c77654420094000000000000ffffffffffffffffffffffff",2,3.80,,10,21.78,46.22,,8.02,,0,0,0,0,,,-1.00,-1.00,-1.00,-1.00,-1.00,-1.00
2024-11-14T04:47:49Z,"0002cc0100000ecc","3654604375f93cd50a15d27d6541ffda000000000000ffffffffffffffffffff",2,3.80,,10,21.82,48.98,,8.00,,0,0,0,0,,,,-1.00,-1.00,-1.00,-1.00,-1.00
2024-11-14T04:53:45Z,"0002cc0100000ecc","36546044d9f93cd50a15dd7d60420094000000000000ffffffffffffffffffffffff",2,3.80,,10,21.86,48.98,,8.02,,0,0,0,0,,,-1.00,-1.00,-1.00,-1.00,-1.00,-1.00
2024-11-14T04:59:41Z,"0002cc0100000ecc","365460463df93cd50a15e1830842036e000000000000ffffffffffffffffffff",2,3.80,,10,21.88,51.18,,8.11,,0,0,0,0,,,,-1.00,-1.00,-1.00,-1.00,-1.00
2024-11-14T05:05:37Z,"0002cc0100000ecc","36546047a1f93cda0a15e481ca4204db000000000000ffffffffffffffffffffffff",2,3.80,,10,21.89,50.70,,8.15,,0,0,0,0,,,-1.00,-1.00,-1.00,-1.00,-1.00,-1.00
2024-11-14T05:11:33Z,"0002cc0100000ecc","3654604905f93cd50a15ef879b42036e000000000000ffffffffffffffffffffffff",2,3.80,,10,21.93,52.97,,8.11,,0,0,0,0,,,-1.00,-1.00,-1.00,-1.00,-1.00,-1.00
2024-11-14T05:17:29Z,"0002cc0100000ecc","3654604a69f93cd50a15ef847f42036e000000000000ffffffffffffffffffff",2,3.80,,10,21.93,51.76,,8.11,,0,0,0,0,,,,-1.00,-1.00,-1.00,-1.00,-1.00
2024-11-14T05:23:25Z,"0002cc0100000ecc","3654604bcdf93cda0a15f7895a42036e000000000000ffffffffffffffffffff",2,3.80,,10,21.96,53.65,,8.11,,0,0,0,0,,,,-1.00,-1.00,-1.00,-1.00,-1.00
2024-11-14T05:29:21Z,"0002cc0100000ecc","3654604d31f93cd50a15f7867e4202c7000000000000ffffffffffffffffffffffff",2,3.80,,10,21.96,52.54,,8.09,,0,0,0,0,,,-1.00,-1.00,-1.00,-1.00,-1.00,-1.00
2024-11-14T05:35:17Z,"0002cc0100000ecc","3654604e95f93cde0a15fa8bd04204db000000000000ffffffffffffffffffff",2,3.80,,10,21.97,54.62,,8.15,,0,0,0,0,,,,-1.00,-1.00,-1.00,-1.00,-1.00
2024-11-14T05:41:13Z,"0002cc0100000ecc","3654604ff9f93cd50a160188b14204db000000000000ffffffffffffffffffff",2,3.80,,10,22.00,53.40,,8.15,,0,0,0,0,,,,-1.00,-1.00,-1.00,-1.00,-1.00
2024-11-14T05:47:09Z,"0002cc0100000ecc","365460515df93cd50a16058b9d41ffda000000000000ffffffffffffffffffffffff",2,3.80,,10,22.02,54.54,,8.00,,0,0,0,0,,,-1.00,-1.00,-1.00,-1.00,-1.00,-1.00
2024-11-14T05:53:05Z,"0002cc0100000ecc","36546052c1f202050000160587eb42036e000000000000ffffffffffffffffffff",2,,2.5.0.0,,22.02,53.09,,8.11,,0,0,0,0,,,,-1.00,-1.00,-1.00,-1.00,-1.00
2024-11-14T05:59:01Z,"0002cc0100000ecc","3654605425f93cd50a1605893041ffda000000000000ffffffffffffffffffff",2,3.80,,10,22.02,53.59,,8.00,,0,0,0,0,,,,-1.00,-1.00,-1.00,-1.00,-1.00
2024-11-14T06:04:57Z,"0002cc0100000ecc","3654605589f93cd50a160187a942036e000000000000ffffffffffffffffffffffff",2,3.80,,10,22.00,52.99,,8.11,,0,0,0,0,,,-1.00,-1.00,-1.00,-1.00,-1.00,-1.00
2024-11-14T06:10:53Z,"0002cc0100000ecc","36546056edf93cd50a160189964204db000000000000ffffffffffffffffffff",2,3.80,,10,22.00,53.75,,8.15,,0,0,0,0,,,,-1.00,-1.00,-1.00,-1.00,-1.00
2024-11-14T06:16:49Z,"0002cc0100000ecc","3654605851f93cd50a15fa874f420201000000000000ffffffffffffffffffffffff",2,3.80,,10,21.97,52.86,,8.06,,0,0,0,0,,,-1.00,-1.00,-1.00,-1.00,-1.00,-1.00
2024-11-14T06:22:45Z,"0002cc0100000ecc","36546059b5f93cd50a15f7899341ffda000000000000ffffffffffffffffffff",2,3.80,,10,21.96,53.74,,8.00,,0,0,0,0,,,,-1.00,-1.00,-1.00,-1.00,-1.00
2024-11-14T06:28:41Z,"0002cc0100000ecc","3654605b19f93cd50a15f787ec42036e000000000000ffffffffffffffffffff",2,3.80,,10,21.96,53.10,,8.11,,0,0,0,0,,,,-1.00,-1.00,-1.00,-1.00,-1.00
2024-11-14T06:34:37Z,"0002cc0100000ecc","3654605c7df93cd50a16018a0e4204db000000000000d6d8fffffffffd16ffffffff",2,3.80,,10,22.00,53.93,,8.15,,0,0,0,0,,,-1.00,-1.00,-0.64,-1.00,-1.00,-0.03
2024-11-14T06:40:33Z,"0002cc0100000ecc","3654605de1f93cd50a15ef883142036e000000000000ffffffffffffffffffff",2,3.80,,10,21.93,53.20,,8.11,,0,0,0,0,,,,-1.00,-1.00,-1.00,-1.00,-1.00
2024-11-14T06:46:29Z,"0002cc0100000ecc","3654605f45f93cda0a15e88770420201000000000000ffffffffffffffffffff",2,3.80,,10,21.90,52.91,,8.06,,0,0,0,0,,,,-1.00,-1.00,-1.00,-1.00,-1.00
2024-11-14T06:52:25Z,"0002cc0100000ecc","36546060a9f93cc90a15e88740420094000000000000ffffffffffffffffffffffff",2,3.80,,10,21.90,52.83,,8.02,,0,0,0,0,,,-1.00,-1.00,-1.00,-1.00,-1.00,-1.00
2024-11-14T06:58:21Z,"0002cc0100000ecc","365460620df93cd50a15d987c2420201000000000000ffffffffffffffffffff",2,3.80,,10,21.85,53.03,,8.06,,0,0,0,0,,,,-1.00,-1.00,-1.00,-1.00,-1.00
2024-11-14T07:04:17Z,"0002cc0100000ecc","3654606371f93cd50a15d687d04202c7000000000000ffffffffffffffffffff",2,3.80,,10,21.83,53.05,,8.09,,0,0,0,0,,,,-1.00,-1.00,-1.00,-1.00,-1.00
2024-11-14T07:10:13Z,"0002cc0100000ecc","36546064d5f93cd50a15cb872c42036e000000000000ffffffffffffffffffff",2,3.80,,10,21.79,52.80,,8.11,,0,0,0,0,,,,-1.00,-1.00,-1.00,-1.00,-1.00
2024-11-14T07:16:09Z,"0002cc0100000ecc","3654606639f93ccd0a15c7883a4204db000000000000ffffffffffffffffffff",2,3.80,,10,21.78,53.21,,8.15,,0,0,0,0,,,,-1.00,-1.00,-1.00,-1.00,-1.00
2024-11-14T07:22:05Z,"0002cc0100000ecc","365460679df93cd50a15cb883c420094000000000000ffffffffffffffffffffffff",2,3.80,,10,21.79,53.22,,8.02,,0,0,0,0,,,-1.00,-1.00,-1.00,-1.00,-1.00,-1.00
2024-11-14T07:28:01Z,"0002cc0100000ecc","3654606901f93cc90a15d689e64202c7000000000000ffffffffffffffffffffffff",2,3.80,,10,21.83,53.87,,8.09,,0,0,0,0,,,-1.00,-1.00,-1.00,-1.00,-1.00,-1.00
2024-11-14T07:33:57Z,"0002cc0100000ecc","3654606a65f93cd50a15e4893b420094000000000000ffffffffffffffffffff",2,3.80,,10,21.89,53.61,,8.02,,0,0,0,0,,,,-1.00,-1.00,-1.00,-1.00,-1.00
2024-11-14T07:39:53Z,"0002cc0100000ecc","3654606bc9f93ccd0a15ef8bcc42036e000000000000ffffffffffffffffffffffff",2,3.80,,10,21.93,54.61,,8.11,,0,0,0,0,,,-1.00,-1.00,-1.00,-1.00,-1.00,-1.00
2024-11-14T07:45:49Z,"0002cc0100000ecc","3654606d2df93cd50a15f7899341fe8d000000000000ffffffffffffffffffff",2,3.80,,10,21.96,53.74,,7.98,,0,0,0,0,,,,-1.00,-1.00,-1.00,-1.00,-1.00
2024-11-14T07:51:45Z,"0002cc0100000ecc","3654606e91f93cc90a16058c15420201000000000000ffffffffffffffffffff",2,3.80,,10,22.02,54.72,,8.06,,0,0,0,0,,,,-1.00,-1.00,-1.00,-1.00,-1.00
2024-11-14T07:57:41Z,"0002cc0100000ecc","3654606ff5f93cd50a160589e742013b000000000000ffffffffffffffffffff",2,3.80,,10,22.02,53.87,,8.04,,0,0,0,0,,,,-1.00,-1.00,-1.00,-1.00,-1.00
2024-11-14T08:03:37Z,"0002cc0100000ecc","3654607159f93ccd0a16088c8d420201000000000000ffffffffffffffffffffffff",2,3.80,,10,22.03,54.90,,8.06,,0,0,0,0,,,-1.00,-1.00,-1.00,-1.00,-1.00,-1.00
2024-11-14T08:09:33Z,"0002cc0100000ecc","36546072bdf93cd50a160c8a8941fe4e000000000000ffffffffffffffffffff",2,3.80,,10,22.04,54.12,,7.97,,0,0,0,0,,,,-1.00,-1.00,-1.00,-1.00,-1.00
2024-11-14T08:15:29Z,"0002cc0100000ecc","3654607421f93ccd0a160c8db54202a8000000000000ffffffffffffffffffff",2,3.80,,10,22.04,55.36,,8.08,,0,0,0,0,,,,-1.00,-1.00,-1.00,-1.00,-1.00
2024-11-14T08:21:25Z,"0002cc0100000ecc","3654607585f93ccd0a160c8b0142036e000000000000ffffffffffffffffffff",2,3.80,,10,22.04,54.30,,8.11,,0,0,0,0,,,,-1.00,-1.00,-1.00,-1.00,-1.00
2024-11-14T08:27:21Z,"0002cc0100000ecc","36546076e9f93cd50a16088e8a4204db000000000000fffff471fc40fc16fdd7ffff",2,3.80,,10,22.03,55.68,,8.15,,0,0,0,0,,,-1.00,-0.73,-0.51,-0.53,-0.28,-1.00
2024-11-14T08:33:17Z,"0002cc0100000ecc","365460784df93ccd0a160c8b49420201000000000000fffffc92fe0affffffff",2,3.80,,10,22.04,54.41,,8.06,,0,0,0,0,,,,-1.00,-1.00,-0.75,-0.57,-1.00
2024-11-14T08:39:13Z,"0002cc0100000ecc","36546079b1f93ccd0a16088eab420201000000000000ffffffffffffffffffffffff",2,3.80,,10,22.03,55.73,,8.06,,0,0,0,0,,,-1.00,-1.00,-1.00,-1.00,-1.00,-1.00
2024-11-14T08:45:10Z,"0002cc0100000ecc","3654607b16f93ccd0a15fa8bc0420434000000000000ffffffffffffffffffff",2,3.80,,10,21.97,54.59,,8.13,,0,0,0,0,,,,-1.00,-1.00,-1.00,-1.00,-1.00
2024-11-14T08:51:06Z,"0002cc0100000ecc","3654607c7af93ccd0a15fa8f5c4200b3000000000000ffffffffffffffffffff",2,3.80,,10,21.97,56.00,,8.02,,0,0,0,0,,,,-1.00,-1.00,-1.00,-1.00,-1.00
2024-11-14T08:57:01Z,"0002cc0100000ecc","3654607dddf93ccd0a15f28cc34204db000000000000ffffffffffffffffffff",2,3.80,,10,21.95,54.99,,8.15,,0,0,0,0,,,,-1.00,-1.00,-1.00,-1.00,-1.00
2024-11-14T09:02:58Z,"0002cc0100000ecc","3654607f42f93ccd0a15f29017420201000000000000ffffffffffffffffffffffff",2,3.80,,10,21.95,56.29,,8.06,,0,0,0,0,,,-1.00,-1.00,-1.00,-1.00,-1.00,-1.00
2024-11-14T09:08:53Z,"0002cc0100000ecc","36546080a5f93ccd0a15ec8dd7420582000000000000ffffffffffffffffffff",2,3.80,,10,21.92,55.41,,8.17,,0,0,0,0,,,,-1.00,-1.00,-1.00,-1.00,-1.00
2024-11-14T09:14:49Z,"0002cc0100000ecc","3654608209f93ccd0a15e8900b41ffda000000000000ffffffffffffffffffffffff",2,3.80,,10,21.90,56.27,,8.00,,0,0,0,0,,,-1.00,-1.00,-1.00,-1.00,-1.00,-1.00
2024-11-14T09:20:45Z,"0002cc0100000ecc","365460836df93ccd0a15e88dc742015a000000000000ffffffffffffffffffffffff",2,3.80,,10,21.90,55.38,,8.04,,0,0,0,0,,,-1.00,-1.00,-1.00,-1.00,-1.00,-1.00
2024-11-14T09:26:41Z,"0002cc0100000ecc","36546084d1f93ccd0a15e18f5041ffda000000000000ffffffffffffffffffff",2,3.80,,10,21.88,55.98,,8.00,,0,0,0,0,,,,-1.00,-1.00,-1.00,-1.00,-1.00
2024-11-14T09:32:38Z,"0002cc0100000ecc","3654608636f93ccd0a15dd8dfa42015a000000000000ffffffffffffffffffffffff",2,3.80,,10,21.86,55.46,,8.04,,0,0,0,0,,,-1.00,-1.00,-1.00,-1.00,-1.00,-1.00
2024-11-14T09:38:33Z,"0002cc0100000ecc","3654608799f93ccd0a15d98f4d4204db000000000000ffffffffffffffffffff",2,3.80,,10,21.85,55.98,,8.15,,0,0,0,0,,,,-1.00,-1.00,-1.00,-1.00,-1.00
2024-11-14T09:44:29Z,"0002cc0100000ecc","36546088fdf93ccd0a15d28e4c420201000000000000ffffffffffffffffffff",2,3.80,,10,21.82,55.59,,8.06,,0,0,0,0,,,,-1.00,-1.00,-1.00,-1.00,-1.00
2024-11-14T09:50:25Z,"0002cc0100000ecc","3654608a61f93ccd0a15cb8f30420648000000000000ffffffffffffffffffffffff",2,3.80,,10,21.79,55.93,,8.20,,0,0,0,0,,,-1.00,-1.00,-1.00,-1.00,-1.00,-1.00
2024-11-14T09:56:21Z,"0002cc0100000ecc","3654608bc5f20205000015d28f8342015a000000000000ffffffffffffffffffff",2,,2.5.0.0,,21.82,56.06,,8.04,,0,0,0,0,,,,-1.00,-1.00,-1.00,-1.00,-1.00
2024-11-14T10:02:17Z,"0002cc0100000ecc","3654608d29f93ccd0a15cb8fe6420201000000000000ffffffffffffffffffff",2,3.80,,10,21.79,56.21,,8.06,,0,0,0,0,,,,-1.00,-1.00,-1.00,-1.00,-1.00
2024-11-14T10:08:13Z,"0002cc0100000ecc","3654608e8df93ccd0a15cf905f420434000000000000ffffffffffffffffffff",2,3.80,,10,21.81,56.40,,8.13,,0,0,0,0,,,,-1.00,-1.00,-1.00,-1.00,-1.00
2024-11-14T10:14:09Z,"0002cc0100000ecc","3654608ff1f93ccd0a15cb8fc84204db000000000000ffffffffffffffffffff",2,3.80,,10,21.79,56.17,,8.15,,0,0,0,0,,,,-1.00,-1.00,-1.00,-1.00,-1.00
2024-11-14T10:20:05Z,"0002cc0100000ecc","3654609155f93cc90a15cb91244202c7000000000000ffffffffffffffffffff",2,3.80,,10,21.79,56.70,,8.09,,0,0,0,0,,,,-1.00,-1.00,-1.00,-1.00,-1.00
2024-11-14T10:26:01Z,"0002cc0100000ecc","36546092b9f93ccd0a15d29022420201000000000000ffffffffffffffffffffffff",2,3.80,,10,21.82,56.30,,8.06,,0,0,0,0,,,-1.00,-1.00,-1.00,-1.00,-1.00,-1.00
2024-11-14T10:31:57Z,"0002cc0100000ecc","365460941df93ccd0a15d291f74202c7000000000000ffffffffffffffffffffffff",2,3.80,,10,21.82,57.02,,8.09,,0,0,0,0,,,-1.00,-1.00,-1.00,-1.00,-1.00,-1.00
2024-11-14T10:37:53Z,"0002cc0100000ecc","3654609581f93cd10a15d6901a420201000000000000fffffffffffffe63fdd5",2,3.80,,10,21.83,56.29,,8.06,,0,0,0,0,,,,-0.73,-0.80,-1.00,-1.00,-1.00
2024-11-14T10:43:49Z,"0002cc0100000ecc","36546096e5f93ccd0a15dd92814204db000000000000ffffffffffffffffffff",2,3.80,,10,21.86,57.23,,8.15,,0,0,0,0,,,,-1.00,-1.00,-1.00,-1.00,-1.00
2024-11-14T10:49:45Z,"0002cc0100000ecc","3654609849f93cc90a15dd90074204db000000000000ffffffffffffffffffff",2,3.80,,10,21.86,56.26,,8.15,,0,0,0,0,,,,-1.00,-1.00,-1.00,-1.00,-1.00
2024-11-14T10:55:41Z,"0002cc0100000ecc","36546099adf93cc90a15e1928c420648000000000000ffffffffffffffffffff",2,3.80,,10,21.88,57.25,,8.20,,0,0,0,0,,,,-1.00,-1.00,-1.00,-1.00,-1.00
2024-11-14T11:01:37Z,"0002cc0100000ecc","3654609b11f93ccd0a15e18f9042015a000000000000ffffffffffffffffffff",2,3.80,,10,21.88,56.08,,8.04,,0,0,0,0,,,,-1.00,-1.00,-1.00,-1.00,-1.00
2024-11-14T11:07:33Z,"0002cc0100000ecc","3654609c75f93cda0a15e49314420434000000000000ffffffffffffffffffff",2,3.80,,10,21.89,57.45,,8.13,,0,0,0,0,,,,-1.00,-1.00,-1.00,-1.00,-1.00
2024-11-14T11:13:30Z,"0002cc0100000ecc","3654609ddaf93cc90a15e18fe7420201000000000000ffffffffffffffffffffffff",2,3.80,,10,21.88,56.21,,8.06,,0,0,0,0,,,-1.00,-1.00,-1.00,-1.00,-1.00,-1.00
2024-11-14T11:19:25Z,"0002cc0100000ecc","3654609f3df93ccd0a15e194014204db000000000000ffffffffffffffffffff",2,3.80,,10,21.88,57.81,,8.15,,0,0,0,0,,,,-1.00,-1.00,-1.00,-1.00,-1.00
2024-11-14T11:25:22Z,"0002cc0100000ecc","365460a0a2f93cc90a15e1906e4204db000000000000ffffffffffffffffffffffff",2,3.80,,10,21.88,56.42,,8.15,,0,0,0,0,,,-1.00,-1.00,-1.00,-1.00,-1.00,-1.00
2024-11-14T11:31:17Z,"0002cc0100000ecc","365460a205f93cc90a15e1940a420434000000000000ffffffffffffffffffff",2,3.80,,10,21.88,57.83,,8.13,,0,0,0,0,,,,-1.00,-1.00,-1.00,-1.00,-1.00
2024-11-14T11:37:13Z,"0002cc0100000ecc","365460a369f93cc90a15e8906242036e000000000000ffffffffffffffffffff",2,3.80,,10,21.90,56.40,,8.11,,0,0,0,0,,,,-1.00,-1.00,-1.00,-1.00,-1.00
2024-11-14T11:43:09Z,"0002cc0100000ecc","365460a4cdf93cc90a15e193d142015a000000000000ffffffffffffffffffff",2,3.80,,10,21.88,57.74,,8.04,,0,0,0,0,,,,-1.00,-1.00,-1.00,-1.00,-1.00
2024-11-14T11:49:05Z,"0002cc0100000ecc","365460a631f93cc90a15e8909a420201000000000000ffffffffffffffffffff",2,3.80,,10,21.90,56.49,,8.06,,0,0,0,0,,,,-1.00,-1.00,-1.00,-1.00,-1.00
2024-11-14T11:55:01Z,"0002cc0100000ecc","365460a795f93cc90a15e893bc4202c7000000000000ffffffffffffffffffff",2,3.80,,10,21.90,57.71,,8.09,,0,0,0,0,,,,-1.00,-1.00,-1.00,-1.00,-1.00
2024-11-14T12:00:57Z,"0002cc0100000ecc","365460a8f9f93cc90a15ec9034420434000000000000ffffffffffffffffffff",2,3.80,,10,21.92,56.33,,8.13,,0,0,0,0,,,,-1.00,-1.00,-1.00,-1.00,-1.00
2024-11-14T12:06:54Z,"0002cc0100000ecc","365460aa5ef93cc90a15dd84bf420201000000000000ffffffffffffffffffffffff",2,3.80,,10,21.86,51.85,,8.06,,0,0,0,0,,,-1.00,-1.00,-1.00,-1.00,-1.00,-1.00
2024-11-14T12:12:50Z,"0002cc0100000ecc","365460abc2f93cc90a15cf7fd8420434000000000000ffffffffffffffffffff",2,3.80,,10,21.81,49.94,,8.13,,0,0,0,0,,,,-1.00,-1.00,-1.00,-1.00,-1.00
2024-11-14T12:18:46Z,"0002cc0100000ecc","365460ad26f93cc90a15c77cd0420434000000000000ffffffffffffffffffffffff",2,3.80,,10,21.78,48.76,,8.13,,0,0,0,0,,,-1.00,-1.00,-1.00,-1.00,-1.00,-1.00
2024-11-14T12:24:42Z,"0002cc0100000ecc","365460ae8af93cc90a15bc7b85420434000000000000ffffffffffffffffffffffff",2,3.80,,10,21.73,48.25,,8.13,,0,0,0,0,,,-1.00,-1.00,-1.00,-1.00,-1.00,-1.00
2024-11-14T12:30:37Z,"0002cc0100000ecc","365460afedf93cc90a15ad795a420434000000000000ffffffffffffffffffff",2,3.80,,10,21.68,47.40,,8.13,,0,0,0,0,,,,-1.00,-1.00,-1.00,-1.00,-1.00
2024-11-14T12:36:34Z,"0002cc0100000ecc","365460b152f93cc90a15a7785642038e000000000000ffffffffffffffffffffffff",2,3.80,,10,21.65,47.01,,8.11,,0,0,0,0,,,-1.00,-1.00,-1.00,-1.00,-1.00,-1.00
2024-11-14T12:42:30Z,"0002cc0100000ecc","365460b2b6f93cc90a15987a54420434000000000000ffffffffffffffffffffffff",2,3.80,,10,21.59,47.79,,8.13,,0,0,0,0,,,-1.00,-1.00,-1.00,-1.00,-1.00,-1.00
2024-11-14T12:48:26Z,"0002cc0100000ecc","365460b41af93cc90a15917b6541828c000000000000ffffffffffffffffffff",2,3.80,,10,21.56,48.20,,6.04,,0,0,0,0,,,,-1.00,-1.00,-1.00,-1.00,-1.00
2024-11-14T12:54:22Z,"0002cc0100000ecc","365460b57ef93cc90a15947ed341e328000000000000fffffffffed2fdbaffff",2,3.80,,10,21.58,49.54,,7.55,,0,0,0,0,,,,-1.00,-0.72,-0.85,-1.00,-1.00
2024-11-14T13:00:18Z,"0002cc0100000ecc","365460b6e2f93cc90a1594847441f05d000000000000fffffcac74b5e749fde5ffff",2,3.80,,10,21.58,51.74,,7.76,,0,0,0,0,,,-1.00,-0.74,-0.11,0.29,-0.58,-1.00
2024-11-14T13:06:14Z,"0002cc0100000ecc","365460b846f93cc10a1591870741e7ce000000000000ffffffffffffffffffff",2,3.80,,10,21.56,52.75,,7.62,,0,0,0,0,,,,-1.00,-1.00,-1.00,-1.00,-1.00
2024-11-14T13:12:10Z,"0002cc0100000ecc","365460b9aaf93cc90a15988c3f41e0cc000000000000f587fe3aff2ffcf7765b",2,3.80,,10,21.59,54.78,,7.51,,0,0,0,0,,,,0.40,-0.62,-0.90,-0.78,-0.35
2024-11-14T13:18:06Z,"0002cc0100000ecc","365460bb0ef93cc10a15a290d441f9fa000000000000fee0fe26ee85fffffe50",2,3.80,,10,21.63,56.57,,7.91,,0,0,0,0,,,,-0.79,-1.00,-0.20,-0.77,-0.86
2024-11-14T13:24:02Z,"0002cc0100000ecc","365460bc72f93cc10a15ad919741eba4000000000000ff20ff9ff7d7fffffffffe42",2,3.80,,10,21.68,56.87,,7.68,,0,0,0,0,,,-0.78,-1.00,-1.00,-0.49,-0.95,-0.89
2024-11-14T13:29:58Z,"0002cc0100000ecc","365460bdd6f93cc90a15bc91ae41f3f4000000000000ec266eb0fc2fffffffff",2,3.80,,10,21.73,56.91,,7.81,,0,0,0,0,,,,-1.00,-1.00,-0.52,0.21,-0.13
2024-11-14T13:35:54Z,"0002cc0100000ecc","365460bf3af93cc90a15c4921841fc82000000000000ffffffffffffffffffff",2,3.80,,10,21.76,57.07,,7.95,,0,0,0,0,,,,-1.00,-1.00,-1.00,-1.00,-1.00
2024-11-14T13:41:50Z,"0002cc0100000ecc","365460c09ef93cc90a15c7920941f85a000000000000ffffffffffffffffffffffff",2,3.80,,10,21.78,57.05,,7.88,,0,0,0,0,,,-1.00,-1.00,-1.00,-1.00,-1.00,-1.00
2024-11-14T13:47:46Z,"0002cc0100000ecc","365460c202f93cc90a15cb91cc41fc82000000000000ffffffffffffffffffff",2,3.80,,10,21.79,56.95,,7.95,,0,0,0,0,,,,-1.00,-1.00,-1.00,-1.00,-1.00
2024-11-14T13:53:42Z,"0002cc0100000ecc","365460c366f93cc90a15d291b741fc82000000000000ffffffffffffffffffffffff",2,3.80,,10,21.82,56.92,,7.95,,0,0,0,0,,,-1.00,-1.00,-1.00,-1.00,-1.00,-1.00
2024-11-14T13:59:38Z,"0002cc0100000ecc","365460c4caf20205000015cf921d41f3f4000000000000fffffffffec3ffffffff",2,,2.5.0.0,,21.81,57.08,,7.81,,0,0,0,0,,,,-1.00,-1.00,-0.85,-1.00,-1.00
2024-11-14T14:05:34Z,"0002cc0100000ecc","365460c62ef93cc90a15d2926641f119000000000000ffffffffffffffffffff",2,3.80,,10,21.82,57.19,,7.77,,0,0,0,0,,,,-1.00,-1.00,-1.00,-1.00,-1.00
2024-11-14T14:11:30Z,"0002cc0100000ecc","365460c792f93cc10a15dd93a9000000000000000000ffffffffffffffffecee5eaf",2,3.80,,10,21.86,57.68,,0.00,,0,0,0,0,,,0.05,-0.15,-1.00,-1.00,-1.00,-1.00
2024-11-14T14:17:26Z,"0002cc0100000ecc","365460c8f6f93cc90a15e892ff392ed0000000000000e574e648ff49efebf7d6",2,3.80,,10,21.90,57.42,,0.02,,0,0,0,0,,,,-0.49,-0.25,-0.91,-0.10,-0.09
2024-11-14T14:23:22Z,"0002cc0100000ecc","365460ca5af93cc10a15e892e63a0540000000000000f6f3fd18fdcaffdfff9a",2,3.80,,10,21.90,57.38,,0.03,,0,0,0,0,,,,-0.95,-0.98,-0.72,-0.64,-0.43
2024-11-14T14:29:19Z,"0002cc0100000ecc","365460cbbff93cc90a15e49226392f65000000000000fffffdf4fee7f71cff59fe84",2,3.80,,10,21.89,57.09,,0.02,,0,0,0,0,,,-0.81,-0.92,-0.44,-0.86,-0.74,-1.00
2024-11-14T14:35:15Z,"0002cc0100000ecc","365460cd23f93cc10a15e190bf389484000000000000e69dff5ffe68fe32ff65",2,3.80,,10,21.88,56.54,,0.01,,0,0,0,0,,,,-0.92,-0.77,-0.80,-0.92,-0.10
2024-11-14T14:41:11Z,"0002cc0100000ecc","365460ce87f93cc10a15d9901439a8c1000000000000f558fcaffe1efffffebc",2,3.80,,10,21.85,56.28,,0.03,,0,0,0,0,,,,-0.84,-1.00,-0.76,-0.59,-0.33
2024-11-14T14:47:07Z,"0002cc0100000ecc","365460cfebf93cc10a15dd907639cb89000000000000f5b7fd96ffccfffffd6afec9",2,3.80,,10,21.86,56.43,,0.03,,0,0,0,0,,,-0.85,-0.68,-1.00,-0.97,-0.70,-0.36
2024-11-14T14:53:03Z,"0002cc0100000ecc","365460d14ff93cc10a15d29100392ed0000000000000fffffdecfdd9fe91fe9a",2,3.80,,10,21.82,56.64,,0.02,,0,0,0,0,,,,-0.83,-0.82,-0.73,-0.74,-1.00
2024-11-14T14:58:59Z,"0002cc0100000ecc","365460d2b3f93cc10a15cf9136398c94000000000000ffc6fdd1fff7ffffff48",2,3.80,,10,21.81,56.72,,0.02,,0,0,0,0,,,,-0.91,-1.00,-1.00,-0.73,-0.97
2024-11-14T15:04:55Z,"0002cc0100000ecc","365460d417f93cc10a15c791d9392ed0000000000000ff72fe9efd95fd9afedc",2,3.80,,10,21.78,56.97,,0.02,,0,0,0,0,,,,-0.86,-0.70,-0.70,-0.83,-0.93
2024-11-14T15:10:51Z,"0002cc0100000ecc","365460d57bf93cc10a15c19245000000000000000000fffffe2dcc66febffeb5",2,3.80,,10,21.75,57.14,,0.00,,0,0,0,0,,,,-0.84,-0.84,-0.01,-0.77,-1.00
2024-11-14T15:16:48Z,"0002cc0100000ecc","365460d6e0f93cc10a15c19314392ed0000000000000ff62ff7fffffffe2febeffff",2,3.80,,10,21.75,57.45,,0.02,,0,0,0,0,,,-1.00,-0.84,-0.99,-1.00,-0.94,-0.92
2024-11-14T15:22:44Z,"0002cc0100000ecc","365460d844f93cc10a15b99349418b04000000000000ffb7fde6fdaff4ce4fe8",2,3.80,,10,21.72,57.53,,6.17,,0,0,0,0,,,,0.02,-0.30,-0.71,-0.74,-0.96
2024-11-14T15:28:40Z,"0002cc0100000ecc","365460d9a8f93cc10a15b695543b14fd0000000000004d427d3dfe6afffffd687c6d",2,3.80,,10,21.71,58.33,,0.07,,0,0,0,0,,,0.55,-0.68,-1.00,-0.80,0.66,0.01
2024-11-14T15:34:36Z,"0002cc0100000ecc","365460db0cf93cc10a15c4953b3b05400000000000007eac7e6d76cf7656fdae",2,3.80,,10,21.76,58.29,,0.06,,0,0,0,0,,,,-0.71,0.40,0.43,0.80,0.83
2024-11-14T15:40:32Z,"0002cc0100000ecc","365460dc70f93cc10a15cf95683bcb89000000000000e650765165c3fe6afc7f656e",2,3.80,,10,21.81,58.36,,0.11,,0,0,0,0,,,0.08,-0.56,-0.80,0.09,0.39,-0.10
2024-11-14T15:46:28Z,"0002cc0100000ecc","365460ddd4f93cc10a15d6957a3badd0000000000000fed1fc22f51a5c7865b3",2,3.80,,10,21.83,58.39,,0.10,,0,0,0,0,,,,0.09,0.03,-0.32,-0.52,-0.85
2024-11-14T15:52:24Z,"0002cc0100000ecc","365460df38f93cc10a15e194d83b948700000000000057b3f593fd9aef787443",2,3.80,,10,21.88,58.14,,0.10,,0,0,0,0,,,,0.27,-0.23,-0.70,-0.35,0.03
2024-11-14T15:58:20Z,"0002cc0100000ecc","365460e09cf93cc10a15dd94e7000000000000000000fe6ffef4feb2fd19feb9dc7f",2,3.80,,10,21.86,58.17,,0.00,,0,0,0,0,,,-0.04,-0.84,-0.64,-0.84,-0.87,-0.80
2024-11-14T16:04:16Z,"0002cc0100000ecc","365460e200f93cb90a15e4948a0000000000000000007d327ca87ea77e9c7e8d",2,3.80,,10,21.89,58.02,,0.00,,0,0,0,0,,,,0.82,0.83,0.83,0.58,0.65
2024-11-14T16:10:13Z,"0002cc0100000ecc","365460e365f93cc10a15e194d8392ed00000000000007e317dd1f567ffffffff7491",2,3.80,,10,21.88,58.14,,0.02,,0,0,0,0,,,0.29,-1.00,-1.00,-0.34,0.73,0.77
2024-11-14T16:16:08Z,"0002cc0100000ecc","365460e4c8f93cc10a15dd9536392ed00000000000007e5d7ea77df5efd3ffff",2,3.80,,10,21.86,58.29,,0.02,,0,0,0,0,,,,-1.00,-0.24,0.74,0.83,0.80
2024-11-14T16:22:05Z,"0002cc0100000ecc","365460e62df93cb90a15d995440000000000000000007d887ea57e187d61fc34",2,3.80,,10,21.85,58.31,,0.00,,0,0,0,0,,,,-0.53,0.67,0.76,0.83,0.69
2024-11-14T16:28:01Z,"0002cc0100000ecc","365460e791f93cb90a15e19587000000000000000000775e7e8b7c547e147d637ece",2,3.80,,10,21.88,58.41,,0.00,,0,0,0,0,,,0.85,0.67,0.76,0.54,0.82,0.46
2024-11-14T16:33:57Z,"0002cc0100000ecc","365460e8f5f93cb90a15d99554392ed00000000000007dfc7e427dccff84ffff",2,3.80,,10,21.85,58.33,,0.02,,0,0,0,0,,,,-1.00,-0.94,0.72,0.78,0.75
2024-11-14T16:39:53Z,"0002cc0100000ecc","365460ea59f93cc10a15d6959b0000000000000000007e267e437d397ccd7e05",2,3.80,,10,21.83,58.44,,0.00,,0,0,0,0,,,,0.75,0.60,0.65,0.78,0.77
2024-11-14T16:45:49Z,"0002cc0100000ecc","365460ebbdf93cb90a15d295d1000000000000000000ffff7d2855c17d537daffc50",2,3.80,,10,21.82,58.52,,0.00,,0,0,0,0,,,-0.54,0.71,0.67,0.02,0.64,-1.00
2024-11-14T16:51:45Z,"0002cc0100000ecc","365460ed21f93cb90a15c49691392ed0000000000000ffffffff7ddb7c317c55",2,3.80,,10,21.76,58.82,,0.02,,0,0,0,0,,,,0.54,0.52,0.73,-1.00,-1.00
2024-11-14T16:57:41Z,"0002cc0100000ecc","365460ee85f93cb90a15cb96fb0000000000000000007ed27dc57e827ef07dfd",2,3.80,,10,21.79,58.98,,0.00,,0,0,0,0,,,,0.75,0.87,0.81,0.72,0.85
2024-11-14T17:03:37Z,"0002cc0100000ecc","365460efe9f93cb90a15cf9715000000000000000000ffffddfc7eb27ebb7de5ed21",2,3.80,,10,21.81,59.02,,0.00,,0,0,0,0,,,-0.16,0.74,0.84,0.84,-0.05,-1.00
2024-11-14T17:09:33Z,"0002cc0100000ecc","365460f14df93cb90a15cb977b392ed0000000000000fffffd987e4b7ecd7e0b",2,3.80,,10,21.79,59.17,,0.02,,0,0,0,0,,,,0.76,0.85,0.79,-0.70,-1.00
2024-11-14T17:15:30Z,"0002cc0100000ecc","365460f2b2f93cb50a15cf97930000000000000000007eaa7e887f0e7d337e637e7d",2,3.79,,10,21.81,59.21,,0.00,,0,0,0,0,,,0.81,0.80,0.65,0.88,0.82,0.83
2024-11-14T17:21:26Z,"0002cc0100000ecc","365460f416f93cb50a15cb97d2392ed00000000000007e2e7de07eb56514f636",2,3.79,,10,21.79,59.31,,0.02,,0,0,0,0,,,,-0.39,0.08,0.84,0.73,0.77
2024-11-14T17:27:22Z,"0002cc0100000ecc","365460f57af93cb50a15cb9841392ed00000000000007e6d7e897e307ee37ec5",2,3.79,,10,21.79,59.48,,0.02,,0,0,0,0,,,,0.85,0.86,0.77,0.82,0.80
2024-11-14T17:33:18Z,"0002cc0100000ecc","365460f6def93cb90a15b998c0392ed00000000000007ed1f605fffffc417e5e",2,3.80,,10,21.72,59.67,,0.02,,0,0,0,0,,,,0.80,-0.53,-1.00,-0.38,0.85
2024-11-14T17:39:14Z,"0002cc0100000ecc","365460f842f93cb90a15bc98b1392ed000000000000075e1ef6a7e597ea27ee77ed3",2,3.80,,10,21.73,59.65,,0.02,,0,0,0,0,,,0.85,0.86,0.83,0.79,-0.23,0.37
2024-11-14T17:45:10Z,"0002cc0100000ecc","365460f9a6f93cb90a15b998b00000000000000000007e06fe0ffc087f187ead7d34",2,3.80,,10,21.72,59.64,,0.00,,0,0,0,0,,,0.65,0.83,0.89,-0.50,-0.76,0.75
2024-11-14T17:51:06Z,"0002cc0100000ecc","365460fb0af93cb90a15bc98e0392ed00000000000007dca7ead7f087ee27c47",2,3.80,,10,21.73,59.72,,0.02,,0,0,0,0,,,,0.53,0.86,0.88,0.83,0.72
2024-11-14T17:57:02Z,"0002cc0100000ecc","365460fc6ef93cb90a15b9995c392ed00000000000007dcb7e567614fffffcb4",2,3.80,,10,21.72,59.91,,0.02,,0,0,0,0,,,,-0.59,-1.00,0.38,0.79,0.72
2024-11-14T18:02:59Z,"0002cc0100000ecc","365460fdd3d20205000015ad99b000000000000076037e147e747e34eed8",2,,2.5.0.0,,21.68,60.04,,,,0,0,0,0,,,,-0.21,0.78,0.81,0.76,0.38
2024-11-14T18:08:54Z,"0002cc0100000ecc","365460ff36f93cb50a15b69a8b0000000000000000007eb87c7e7e697eea7e77",2,3.79,,10,21.71,60.37,,0.00,,0,0,0,0,,,,0.81,0.86,0.80,0.56,0.84
2024-11-14T18:14:51Z,"0002cc0100000ecc","365461009bf93cb50a15b99aa30000000000000000007c1f7e017e347dfbe50d7ccd",2,3.79,,10,21.72,60.41,,0.00,,0,0,0,0,,,0.60,-0.08,0.75,0.78,0.75,0.52
2024-11-14T18:20:47Z,"0002cc0100000ecc","36546101fff93cb50a15ad998b392ed00000000000006e6f7eb17df7fd99ffff",2,3.79,,10,21.68,59.98,,0.02,,0,0,0,0,,,,-1.00,-0.70,0.75,0.84,0.20
2024-11-14T18:26:43Z,"0002cc0100000ecc","3654610363f93ca80a15b1990e0000000000000000007e6c7e8d7e537e0a7f297f09",2,3.79,,10,21.69,59.79,,0.00,,0,0,0,0,,,0.88,0.89,0.76,0.79,0.82,0.80
2024-11-14T18:32:39Z,"0002cc0100000ecc","36546104c7f93cb50a15aa98810000000000000000007d0b6ea2ff037dcd7dd0",2,3.79,,10,21.66,59.57,,0.00,,0,0,0,0,,,,0.73,0.73,-0.88,0.21,0.63
2024-11-14T18:38:35Z,"0002cc0100000ecc","365461062bf93cb50a15a797e1392ed00000000000007cf07ed77e76f7586dea7f1a",2,3.79,,10,21.65,59.33,,0.02,,0,0,0,0,,,0.89,0.18,-0.46,0.81,0.85,0.62
2024-11-14T18:44:31Z,"0002cc0100000ecc","365461078ff93cb50a159c977c0000000000000000007d5e77a7ffffffffffff",2,3.79,,10,21.61,59.17,,0.00,,0,0,0,0,,,,-1.00,-1.00,-1.00,0.48,0.67
2024-11-14T18:50:27Z,"0002cc0100000ecc","36546108f3f93cb50a159f982d392ed000000000000066e47dce7e1f7f057f357f38",2,3.79,,10,21.62,59.44,,0.02,,0,0,0,0,,,0.90,0.90,0.88,0.76,0.73,0.11
2024-11-14T18:56:23Z,"0002cc0100000ecc","3654610a57f93cb50a15a297ee0000000000000000007df87e967cbf7e867e45",2,3.79,,10,21.63,59.35,,0.00,,0,0,0,0,,,,0.78,0.82,0.59,0.82,0.75
2024-11-14T19:02:20Z,"0002cc0100000ecc","3654610bbcf93cb50a15989832000000000000000000e672ffffffff7c277ec67e46",2,3.79,,10,21.59,59.45,,0.00,,0,0,0,0,,,0.78,0.85,0.52,-1.00,-1.00,-0.10
2024-11-14T19:08:16Z,"0002cc0100000ecc","3654610d20f93cb50a159497790000000000000000007ed1df66ffff7cf2f645",2,3.79,,10,21.58,59.17,,0.00,,0,0,0,0,,,,-0.39,0.62,-1.00,-0.06,0.85
2024-11-14T19:14:12Z,"0002cc0100000ecc","3654610e84f93cb50a159c97c4392ed00000000000007d867d1c7e3b7e487eaa",2,3.79,,10,21.61,59.28,,0.02,,0,0,0,0,,,,0.83,0.79,0.78,0.64,0.69
2024-11-14T19:20:08Z,"0002cc0100000ecc","3654610fe8f93cb50a159497993c5ce60000000000006ff66d2eff707e967e74",2,3.79,,10,21.58,59.22,,0.17,,0,0,0,0,,,,0.81,0.82,-0.93,0.16,0.25
2024-11-14T19:26:04Z,"0002cc0100000ecc","365461114cf93ca80a159197d83c398200000000000075087e137dd26fa4ffffecb2",2,3.79,,10,21.56,59.31,,0.15,,0,0,0,0,,,-0.15,-1.00,0.24,0.73,0.76,0.31
2024-11-14T19:32:00Z,"0002cc0100000ecc","36546112b0f93cad0a159498413c2cde000000000000eed47d5f7cab774c7ee4",2,3.79,,10,21.58,59.48,,0.15,,0,0,0,0,,,,0.86,0.46,0.58,0.67,-0.21
2024-11-14T19:37:56Z,"0002cc0100000ecc","3654611414f93cb90a159c98a43c41180000000000007db97e9ff58e5eed7e767c35",2,3.80,,10,21.61,59.63,,0.16,,0,0,0,0,,,0.53,0.81,0.05,-0.35,0.83,0.72
2024-11-14T19:43:52Z,"0002cc0100000ecc","3654611578f93cb50a1594991f392ed0000000000000ecf2760b754cffffffff",2,3.79,,10,21.58,59.81,,0.02,,0,0,0,0,,,,-1.00,-1.00,0.33,0.38,-0.15
2024-11-14T19:49:48Z,"0002cc0100000ecc","36546116dcf93cad0a159898c80000000000000000007e377e547ea17ee97e30",2,3.79,,10,21.59,59.68,,0.00,,0,0,0,0,,,,0.77,0.86,0.83,0.79,0.78
2024-11-14T19:55:45Z,"0002cc0100000ecc","3654611841f93cad0a159c95710000000000000000007c1ffffffef17e737e817df4",2,3.79,,10,21.61,58.38,,0.00,,0,0,0,0,,,0.74,0.81,0.81,-0.87,-1.00,0.52
2024-11-14T20:01:41Z,"0002cc0100000ecc","36546119a5f93cad0a159491ac0000000000000000007ea97c326e53fd177de9",2,3.79,,10,21.58,56.90,,0.00,,0,0,0,0,,,,0.74,-0.64,0.20,0.52,0.83
2024-11-14T20:07:37Z,"0002cc0100000ecc","3654611b09f93cad0a158d901d392ed0000000000000ffffffff6e627d467c64",2,3.79,,10,21.55,56.30,,0.02,,0,0,0,0,,,,0.55,0.66,0.20,-1.00,-1.00
2024-11-14T20:13:33Z,"0002cc0100000ecc","3654611c6df93cad0a157f8f180000000000000000007e557f607f177e824c68",2,3.79,,10,21.49,55.90,,0.00,,0,0,0,0,,,,0.01,0.81,0.89,0.92,0.79
2024-11-14T20:19:29Z,"0002cc0100000ecc","3654611dd1f93cad0a15748e84392ed0000000000000ffff74656470745efffffc0e",2,3.79,,10,21.45,55.67,,0.02,,0,0,0,0,,,-0.51,-1.00,0.27,0.07,0.27,-1.00
2024-11-14T20:25:25Z,"0002cc0100000ecc","3654611f35f93cad0a15748e750000000000000000007db37e817ca97c4f7d07",2,3.79,,10,21.45,55.65,,0.00,,0,0,0,0,,,,0.63,0.54,0.58,0.81,0.71
2024-11-14T20:31:21Z,"0002cc0100000ecc","3654612099f93cad0a15668dc8000000000000000000fff8ffe4743376607d7a",2,3.79,,10,21.40,55.38,,0.00,,0,0,0,0,,,,0.68,0.40,0.26,-0.99,-1.00
2024-11-14T20:37:17Z,"0002cc0100000ecc","36546121fdf93cad0a156c8e19392ed0000000000000fffffe8a7f177ec07eea",2,3.79,,10,21.42,55.51,,0.02,,0,0,0,0,,,,0.86,0.84,0.89,-0.82,-1.00
2024-11-14T20:43:13Z,"0002cc0100000ecc","3654612361f93cb10a15698d41392ed000000000000075a06f4ffe16646375f9f743",2,3.79,,10,21.41,55.18,,0.02,,0,0,0,0,,,-0.45,0.37,0.07,-0.76,0.23,0.35
2024-11-14T20:49:09Z,"0002cc0100000ecc","36546124c5f93cad0a15698d3a0000000000000000006e53f481fc1cffffffff",2,3.79,,10,21.41,55.17,,0.00,,0,0,0,0,,,,-1.00,-1.00,-0.51,-0.28,0.20
2024-11-14T20:55:05Z,"0002cc0100000ecc","3654612629f93ca40a15718dcd392ed0000000000000fffffffffd907eef7dde",2,3.79,,10,21.44,55.39,,0.02,,0,0,0,0,,,,0.73,0.87,-0.70,-1.00,-1.00
2024-11-14T21:01:02Z,"0002cc0100000ecc","365461278ef93cad0a15748d2f0000000000000000007f377e6cecfee49aedb4ef51",2,3.79,,10,21.45,55.15,,0.00,,0,0,0,0,,,-0.23,-0.18,-0.07,-0.16,0.80,0.90
2024-11-14T21:06:58Z,"0002cc0100000ecc","36546128f2f93cad0a15718d4f0000000000000000006c76bf06febffe3df4f1",2,3.79,,10,21.44,55.20,,0.00,,0,0,0,0,,,,-0.31,-0.78,-0.84,-0.00,0.14
2024-11-14T21:12:54Z,"0002cc0100000ecc","3654612a56f93cad0a156c8d5c000000000000000000ffffffffffffffffffff",2,3.79,,10,21.42,55.22,,0.00,,0,0,0,0,,,,-1.00,-1.00,-1.00,-1.00,-1.00
2024-11-14T21:18:50Z,"0002cc0100000ecc","3654612bbaf93cad0a15668d61000000000000000000ffffffffffffffffffffffff",2,3.79,,10,21.40,55.23,,0.00,,0,0,0,0,,,-1.00,-1.00,-1.00,-1.00,-1.00,-1.00
2024-11-14T21:24:46Z,"0002cc0100000ecc","3654612d1ef93cad0a15698dc2000000000000000000ffffffffffffffffffff",2,3.79,,10,21.41,55.37,,0.00,,0,0,0,0,,,,-1.00,-1.00,-1.00,-1.00,-1.00
2024-11-14T21:30:42Z,"0002cc0100000ecc","3654612e82f93cad0a155e8db6000000000000000000ffffffffffffffffffffffff",2,3.79,,10,21.37,55.36,,0.00,,0,0,0,0,,,-1.00,-1.00,-1.00,-1.00,-1.00,-1.00
2024-11-14T21:36:38Z,"0002cc0100000ecc","3654612fe6f93cad0a15578e19000000000000000000ffffffffffffffffffff",2,3.79,,10,21.34,55.51,,0.00,,0,0,0,0,,,,-1.00,-1.00,-1.00,-1.00,-1.00
2024-11-14T21:42:34Z,"0002cc0100000ecc","365461314af93cad0a15508e66000000000000000000ffffffffffffffffffff",2,3.79,,10,21.31,55.63,,0.00,,0,0,0,0,,,,-1.00,-1.00,-1.00,-1.00,-1.00
2024-11-14T21:48:30Z,"0002cc0100000ecc","36546132aef93cad0a154c8e6c000000000000000000ffffffffffffffffffffffff",2,3.79,,10,21.30,55.63,,0.00,,0,0,0,0,,,-1.00,-1.00,-1.00,-1.00,-1.00,-1.00
2024-11-14T21:54:26Z,"0002cc0100000ecc","3654613412f93ca40a15468e99000000000000000000ffffffffffffffffffff",2,3.79,,10,21.27,55.70,,0.00,,0,0,0,0,,,,-1.00,-1.00,-1.00,-1.00,-1.00
2024-11-14T22:00:22Z,"0002cc0100000ecc","3654613576f93cad0a153e8e96000000000000000000ffffffffffffffffffff",2,3.79,,10,21.24,55.70,,0.00,,0,0,0,0,,,,-1.00,-1.00,-1.00,-1.00,-1.00
2024-11-14T22:06:18Z,"0002cc0100000ecc","36546136daf20205000015368e84000000000000000000ffffffffffffffffffffffff",2,,2.5.0.0,,21.21,55.67,,0.00,,0,0,0,0,,,-1.00,-1.00,-1.00,-1.00,-1.00,-1.00
2024-11-14T22:12:14Z,"0002cc0100000ecc","365461383ef93cad0a15338e99000000000000000000ffffffffffffffffffff",2,3.79,,10,21.20,55.70,,0.00,,0,0,0,0,,,,-1.00,-1.00,-1.00,-1.00,-1.00
2024-11-14T22:18:10Z,"0002cc0100000ecc","36546139a2f93ca40a15338edf000000000000000000ffffffffffffffffffffffff",2,3.79,,10,21.20,55.81,,0.00,,0,0,0,0,,,-1.00,-1.00,-1.00,-1.00,-1.00,-1.00
2024-11-14T22:24:06Z,"0002cc0100000ecc","3654613b06f93cad0a15368f48000000000000000000ffffffffffffffffffff",2,3.79,,10,21.21,55.97,,0.00,,0,0,0,0,,,,-1.00,-1.00,-1.00,-1.00,-1.00
2024-11-14T22:30:02Z,"0002cc0100000ecc","3654613c6af93cb10a15368fa8000000000000000000ffffffffffffffffffff",2,3.79,,10,21.21,56.12,,0.00,,0,0,0,0,,,,-1.00,-1.00,-1.00,-1.00,-1.00
2024-11-14T22:35:58Z,"0002cc0100000ecc","3654613dcef93cad0a1541900d000000000000000000ffffffffffffffffffff",2,3.79,,10,21.25,56.27,,0.00,,0,0,0,0,,,,-1.00,-1.00,-1.00,-1.00,-1.00
2024-11-14T22:41:54Z,"0002cc0100000ecc","3654613f32f93ca40a1549905e000000000000000000ffffffffffffffffffffffff",2,3.79,,10,21.28,56.39,,0.00,,0,0,0,0,,,-1.00,-1.00,-1.00,-1.00,-1.00,-1.00
2024-11-14T22:47:50Z,"0002cc0100000ecc","3654614096f93ca40a15549122000000000000000000fffffffffffffffffeec",2,3.79,,10,21.33,56.69,,0.00,,0,0,0,0,,,,-0.87,-1.00,-1.00,-1.00,-1.00
2024-11-14T22:53:46Z,"0002cc0100000ecc","36546141faf93ca40a156991b1392ed0000000000000f74c7e657f0e7e9b7de8",2,3.79,,10,21.41,56.91,,0.02,,0,0,0,0,,,,0.74,0.83,0.88,0.80,-0.46
2024-11-14T22:59:42Z,"0002cc0100000ecc","365461435ef93ca40a157b91190000000000000000007e5b7e327ed37de97d9f758d",2,3.79,,10,21.48,56.68,,0.00,,0,0,0,0,,,0.35,0.70,0.74,0.85,0.77,0.79
2024-11-14T23:05:38Z,"0002cc0100000ecc","36546144c2f93ca40a157790d1000000000000000000eddbf5f47442ff8affff",2,3.79,,10,21.46,56.57,,0.00,,0,0,0,0,,,,-1.00,-0.94,0.27,-0.37,-0.18
2024-11-14T23:11:34Z,"0002cc0100000ecc","3654614626f93ca40a157b916a000000000000000000d4d07ecf7e967e8877887e49",2,3.79,,10,21.48,56.80,,0.00,,0,0,0,0,,,0.79,0.47,0.82,0.82,0.85,-0.02
2024-11-14T23:17:30Z,"0002cc0100000ecc","365461478af93ca40a15779161392ed00000000000007e677d67f799ffffffff",2,3.79,,10,21.46,56.79,,0.02,,0,0,0,0,,,,-1.00,-1.00,-0.47,0.68,0.80
2024-11-14T23:23:26Z,"0002cc0100000ecc","36546148eef93ca40a157491ae392ed00000000000007d866740fd6afcf1ff43",2,3.79,,10,21.45,56.91,,0.02,,0,0,0,0,,,,-0.91,-0.62,-0.68,0.11,0.69
2024-11-14T23:29:22Z,"0002cc0100000ecc","3654614a52f93ca40a15699218000000000000000000ffffffffffffffffffffffff",2,3.79,,10,21.41,57.07,,0.00,,0,0,0,0,,,-1.00,-1.00,-1.00,-1.00,-1.00,-1.00
2024-11-14T23:35:18Z,"0002cc0100000ecc","3654614bb6f93ca40a155b925a000000000000000000ffffffffffffffffffff",2,3.79,,10,21.35,57.17,,0.00,,0,0,0,0,,,,-1.00,-1.00,-1.00,-1.00,-1.00
2024-11-14T23:41:14Z,"0002cc0100000ecc","3654614d1af93ca40a1554928f000000000000000000ffffffffffffffffffff",2,3.79,,10,21.33,57.25,,0.00,,0,0,0,0,,,,-1.00,-1.00,-1.00,-1.00,-1.00
2024-11-14T23:47:10Z,"0002cc0100000ecc","3654614e7ef93ca40a154992f9000000000000000000ffffffffffffffffffff",2,3.79,,10,21.28,57.41,,0.00,,0,0,0,0,,,,-1.00,-1.00,-1.00,-1.00,-1.00
2024-11-14T23:53:06Z,"0002cc0100000ecc","3654614fe2f93ca40a154192f6000000000000000000ffffffffffffffffffff",2,3.79,,10,21.25,57.41,,0.00,,0,0,0,0,,,,-1.00,-1.00,-1.00,-1.00,-1.00
2024-11-14T23:59:03Z,"0002cc0100000ecc","3654615147f93ca40a15469356000000000000000000ffffffffffffffffffffffff",2,3.79,,10,21.27,57.55,,0.00,,0,0,0,0,,,-1.00,-1.00,-1.00,-1.00,-1.00,-1.00
