Time,DevEUI,Raw,Port,Vbat,Version,BootCount,T,RH,P,Light,CO2,P[0].delta,P[0].total,P[1].delta,P[1].total,Act[7],Act[6],Act[5],Act[4],Act[3],Act[2],Act[1],Act[0]
2024-11-11T00:03:49Z,"0002cc0100000edc","36545c0c65f93f8e08156f96b2000000000000000000ffffe7fff410fd0e7c697e84",2,3.97,,8,21.43,58.87,,0.00,,0,0,0,0,,,0.81,0.55,-0.63,-0.25,-0.12,-1.00
2024-11-11T00:09:45Z,"0002cc0100000edc","36545c0dc9d93f8e081573969400000000000075cc669e77a8e453f797",2,3.97,,8,21.45,58.82,,,,0,0,0,0,,,,-0.47,-0.07,0.48,0.10,0.36
2024-11-11T00:15:41Z,"0002cc0100000edc","36545c0f2df93f8e08156f96d7000000000000000000fe53fffffd15fffffe87",2,3.97,,8,21.43,58.92,,0.00,,0,0,0,0,,,,-0.82,-1.00,-0.64,-1.00,-0.79
2024-11-11T00:21:37Z,"0002cc0100000edc","36545c1091f93f8e08156c96a0000000000000000000f443fffffffffd53ffff",2,3.97,,8,21.42,58.84,,0.00,,0,0,0,0,,,,-1.00,-0.67,-1.00,-1.00,-0.27
2024-11-11T00:27:33Z,"0002cc0100000edc","36545c11f5f93f8e0815689680000000000000000000ffffffffffffffbfffff",2,3.97,,8,21.41,58.79,,0.00,,0,0,0,0,,,,-1.00,-0.97,-1.00,-1.00,-1.00
2024-11-11T00:33:29Z,"0002cc0100000edc","36545c1359f93f8e0815619644000000000000000000fffffffffffffffffffff491",2,3.97,,8,21.38,58.70,,0.00,,0,0,0,0,,,-0.29,-1.00,-1.00,-1.00,-1.00,-1.00
2024-11-11T00:39:25Z,"0002cc0100000edc","36545c14bdf93f8208156496650000000000000000005466ee2b64a0f6946534",2,3.97,,8,21.39,58.75,,0.00,,0,0,0,0,,,,0.08,-0.41,0.07,-0.19,0.02
2024-11-11T00:45:22Z,"0002cc0100000edc","36545c1622f93f8e08155a95d4000000000000000000ff9bfffffffffffffeb5ffff",2,3.97,,8,21.35,58.53,,0.00,,0,0,0,0,,,-1.00,-0.84,-1.00,-1.00,-1.00,-0.95
2024-11-11T00:51:18Z,"0002cc0100000edc","36545c1786d93f8208155a9632000000000000fffff5e5f54865ff673a",2,3.97,,8,21.35,58.67,,,,0,0,0,0,,,,0.11,0.09,-0.33,-0.37,-1.00
2024-11-11T00:57:14Z,"0002cc0100000edc","36545c18eaf93f8e08155a9613000000000000000000ec727469fd4dfd97ffeaffef",2,3.97,,8,21.35,58.62,,0.00,,0,0,0,0,,,-0.99,-0.99,-0.70,-0.66,0.28,-0.14
2024-11-11T01:03:10Z,"0002cc0100000edc","36545c1a4ef93f8e08154c9623000000000000000000ffffee2cfc2effffffff",2,3.97,,8,21.29,58.65,,0.00,,0,0,0,0,,,,-1.00,-1.00,-0.52,-0.19,-1.00
2024-11-11T01:09:06Z,"0002cc0100000edc","36545c1bb2f93f7908153d95a8000000000000000000fe31ffffffffffffffff",2,3.97,,8,21.23,58.46,,0.00,,0,0,0,0,,,,-1.00,-1.00,-1.00,-1.00,-0.77
2024-11-11T01:15:02Z,"0002cc0100000edc","36545c1d16f93f8e08152e95cf000000000000000000ffffffffffffffffffffffff",2,3.97,,8,21.18,58.52,,0.00,,0,0,0,0,,,-1.00,-1.00,-1.00,-1.00,-1.00,-1.00
2024-11-11T01:20:58Z,"0002cc0100000edc","36545c1e7af93f8e08151c960e000000000000000000ffffffffffffffffffff",2,3.97,,8,21.11,58.62,,0.00,,0,0,0,0,,,,-1.00,-1.00,-1.00,-1.00,-1.00
2024-11-11T01:26:54Z,"0002cc0100000edc","36545c1fdef93f820815119670000000000000000000ffffffffffffffffffff",2,3.97,,8,21.06,58.77,,0.00,,0,0,0,0,,,,-1.00,-1.00,-1.00,-1.00,-1.00
2024-11-11T01:32:51Z,"0002cc0100000edc","36545c2143d93f8e0814fc96b5000000000000ffffffffffffffffffffffff",2,3.97,,8,20.98,58.87,,,,0,0,0,0,,,-1.00,-1.00,-1.00,-1.00,-1.00,-1.00
2024-11-11T01:38:46Z,"0002cc0100000edc","36545c22a6f93f8e0814f497b4000000000000000000fffffffffc84fc79fd29",2,3.97,,8,20.95,59.26,,0.00,,0,0,0,0,,,,-0.65,-0.56,-0.56,-1.00,-1.00
2024-11-11T01:44:43Z,"0002cc0100000edc","36545c240bf93f860814ed97e8000000000000000000fffffffffffffebeffffffff",2,3.97,,8,20.93,59.34,,0.00,,0,0,0,0,,,-1.00,-1.00,-0.84,-1.00,-1.00,-1.00
2024-11-11T01:50:39Z,"0002cc0100000edc","36545c256ff93f8e0814e69851000000000000000000fffffffffffffd446fd4",2,3.97,,8,20.90,59.50,,0.00,,0,0,0,0,,,,0.24,-0.66,-1.00,-1.00,-1.00
2024-11-11T01:56:35Z,"0002cc0100000edc","36545c26d3f93f8e0814f498b1000000000000000000e65d742f7eb0770c5d6b",2,3.97,,8,20.95,59.65,,0.00,,0,0,0,0,,,,0.04,0.44,0.84,0.26,-0.10
2024-11-11T02:02:31Z,"0002cc0100000edc","36545c2837f93f820814f4980200000000000000000077a55f0b7eb1f68dffff7508",2,3.97,,8,20.95,59.38,,0.00,,0,0,0,0,,,0.31,-1.00,-0.41,0.84,0.06,0.48
2024-11-11T02:08:27Z,"0002cc0100000edc","36545c299bf20205000014fc983c392ed0000000000000feb1f4f1741676ad5e3d",2,,2.5.0.0,,20.98,59.47,,0.02,,0,0,0,0,,,,0.05,0.42,0.26,-0.31,-0.84
2024-11-11T02:14:23Z,"0002cc0100000edc","36545c2afff93f820814f897cc3fc5d40000000000007e43f465fd55f66ff410fffb",2,3.97,,8,20.97,59.30,,1.77,,0,0,0,0,,,-1.00,-0.25,-0.40,-0.67,-0.27,0.78
2024-11-11T02:20:19Z,"0002cc0100000edc","36545c2c63f93f8e0814fc97694010b3000000000000fffffffffe4efec5ffff",2,3.97,,8,20.98,59.15,,2.13,,0,0,0,0,,,,-1.00,-0.85,-0.79,-1.00,-1.00
2024-11-11T02:26:15Z,"0002cc0100000edc","36545c2dc7f93f7d0814f897194015e9000000000000febfffffffffffffffff",2,3.97,,8,20.97,59.02,,2.17,,0,0,0,0,,,,-1.00,-1.00,-1.00,-1.00,-0.84
2024-11-11T02:32:11Z,"0002cc0100000edc","36545c2f2bf93f860814f897194015e9000000000000ffffffffffffffffffffffff",2,3.97,,8,20.97,59.02,,2.17,,0,0,0,0,,,-1.00,-1.00,-1.00,-1.00,-1.00,-1.00
2024-11-11T02:38:07Z,"0002cc0100000edc","36545c308ff93f860814f897484007e5000000000000ffffffffffffffffffff",2,3.97,,8,20.97,59.10,,2.06,,0,0,0,0,,,,-1.00,-1.00,-1.00,-1.00,-1.00
2024-11-11T02:44:03Z,"0002cc0100000edc","36545c31f3f93f820814f8976f4020d4000000000000ffffffffffffffffffff",2,3.97,,8,20.97,59.15,,2.26,,0,0,0,0,,,,-1.00,-1.00,-1.00,-1.00,-1.00
2024-11-11T02:49:59Z,"0002cc0100000edc","36545c3357f93f820814f897124020d4000000000000ffffffffffffffffffff",2,3.97,,8,20.97,59.01,,2.26,,0,0,0,0,,,,-1.00,-1.00,-1.00,-1.00,-1.00
2024-11-11T02:55:56Z,"0002cc0100000edc","36545c34bcf93f790814ff9715401035000000000000ffffffffffffffffffffffff",2,3.97,,8,20.99,59.02,,2.13,,0,0,0,0,,,-1.00,-1.00,-1.00,-1.00,-1.00,-1.00
2024-11-11T03:01:52Z,"0002cc0100000edc","36545c3620f93f860814ff96f44020d4000000000000ffffffffffffffffffff",2,3.97,,8,20.99,58.97,,2.26,,0,0,0,0,,,,-1.00,-1.00,-1.00,-1.00,-1.00
2024-11-11T03:07:48Z,"0002cc0100000edc","36545c3784f93f860814fc96fb401884000000000000ffffffffffffffffffff",2,3.97,,8,20.98,58.98,,2.19,,0,0,0,0,,,,-1.00,-1.00,-1.00,-1.00,-1.00
2024-11-11T03:13:44Z,"0002cc0100000edc","36545c38e8f93f860814fc96ad402924000000000000ffffffffffffffffffff",2,3.97,,8,20.98,58.86,,2.32,,0,0,0,0,,,,-1.00,-1.00,-1.00,-1.00,-1.00
2024-11-11T03:19:40Z,"0002cc0100000edc","36545c3a4cf93f860814fc9685402924000000000000ffffffffffffffffffff",2,3.97,,8,20.98,58.80,,2.32,,0,0,0,0,,,,-1.00,-1.00,-1.00,-1.00,-1.00
2024-11-11T03:25:36Z,"0002cc0100000edc","36545c3bb0f93f860814ff96ce402924000000000000ffffffffffffffffffffffff",2,3.97,,8,20.99,58.91,,2.32,,0,0,0,0,,,-1.00,-1.00,-1.00,-1.00,-1.00,-1.00
2024-11-11T03:31:32Z,"0002cc0100000edc","36545c3d14f93f860814f896da4020d4000000000000ffffffffffffffffffff",2,3.97,,8,20.97,58.93,,2.26,,0,0,0,0,,,,-1.00,-1.00,-1.00,-1.00,-1.00
2024-11-11T03:37:28Z,"0002cc0100000edc","36545c3e78f93f860814fc96a4402924000000000000ffffffffffffffffffffffff",2,3.97,,8,20.98,58.84,,2.32,,0,0,0,0,,,-1.00,-1.00,-1.00,-1.00,-1.00,-1.00
2024-11-11T03:43:24Z,"0002cc0100000edc","36545c3fdcf93f860814fc969d4020d4000000000000ffffffffffffffffffff",2,3.97,,8,20.98,58.83,,2.26,,0,0,0,0,,,,-1.00,-1.00,-1.00,-1.00,-1.00
2024-11-11T03:49:20Z,"0002cc0100000edc","36545c4140f93f860814f894ed4020d4000000000000ffffffffffffffffffffffff",2,3.97,,8,20.97,58.18,,2.26,,0,0,0,0,,,-1.00,-1.00,-1.00,-1.00,-1.00,-1.00
2024-11-11T03:55:16Z,"0002cc0100000edc","36545c42a4f93f860814f19484403173000000000000ffffffffffffffffffff",2,3.97,,8,20.94,58.01,,2.39,,0,0,0,0,,,,-1.00,-1.00,-1.00,-1.00,-1.00
2024-11-11T04:01:12Z,"0002cc0100000edc","36545c4408f93f820814df944c4020d4000000000000ffffffffffffffffffff",2,3.97,,8,20.87,57.93,,2.26,,0,0,0,0,,,,-1.00,-1.00,-1.00,-1.00,-1.00
2024-11-11T04:07:08Z,"0002cc0100000edc","36545c456cf93f860814d49439403173000000000000fffffffffe6fde15ffffffff",2,3.97,,8,20.83,57.90,,2.39,,0,0,0,0,,,-1.00,-1.00,-0.05,-0.80,-1.00,-1.00
2024-11-11T04:13:04Z,"0002cc0100000edc","36545c46d0f93f820814cd9473403173000000000000fffffffffffffe13fdd7",2,3.97,,8,20.80,57.99,,2.39,,0,0,0,0,,,,-0.73,-0.76,-1.00,-1.00,-1.00
2024-11-11T04:19:00Z,"0002cc0100000edc","36545c4834f93f860814c9943c401884000000000000ffffff99ffffffffffffffff",2,3.97,,8,20.78,57.90,,2.19,,0,0,0,0,,,-1.00,-1.00,-1.00,-1.00,-0.95,-1.00
2024-11-11T04:24:56Z,"0002cc0100000edc","36545c4998f93f7d0814bb9415401884000000000000ffffffffffffffffffff",2,3.97,,8,20.73,57.85,,2.19,,0,0,0,0,,,,-1.00,-1.00,-1.00,-1.00,-1.00
2024-11-11T04:30:52Z,"0002cc0100000edc","36545c4afcf93f7d0814ac940f402924000000000000ffffffffffffffffffff",2,3.97,,8,20.67,57.84,,2.32,,0,0,0,0,,,,-1.00,-1.00,-1.00,-1.00,-1.00
2024-11-11T04:36:49Z,"0002cc0100000edc","36545c4c61f93f8208149e9428401884000000000000ffffffffffffffffffffffff",2,3.97,,8,20.62,57.87,,2.19,,0,0,0,0,,,-1.00,-1.00,-1.00,-1.00,-1.00,-1.00
2024-11-11T04:42:45Z,"0002cc0100000edc","36545c4dc5f93f86081492945a401884000000000000ffffffffffffffffffff",2,3.97,,8,20.57,57.95,,2.19,,0,0,0,0,,,,-1.00,-1.00,-1.00,-1.00,-1.00
2024-11-11T04:48:40Z,"0002cc0100000edc","36545c4f28f93f750814879464401884000000000000ffffffffffffffffffff",2,3.97,,8,20.53,57.97,,2.19,,0,0,0,0,,,,-1.00,-1.00,-1.00,-1.00,-1.00
2024-11-11T04:54:37Z,"0002cc0100000edc","36545c508df93f8608148194c7403173000000000000ffffffffffffffffffffffff",2,3.97,,8,20.50,58.12,,2.39,,0,0,0,0,,,-1.00,-1.00,-1.00,-1.00,-1.00,-1.00
2024-11-11T05:00:33Z,"0002cc0100000edc","36545c51f1f93f8208147d94de401884000000000000ffffffffffffffffffff",2,3.97,,8,20.49,58.15,,2.19,,0,0,0,0,,,,-1.00,-1.00,-1.00,-1.00,-1.00
2024-11-11T05:06:29Z,"0002cc0100000edc","36545c5355f93f7d08147d950c4020d4000000000000ffffffffffffffffffff",2,3.97,,8,20.49,58.22,,2.26,,0,0,0,0,,,,-1.00,-1.00,-1.00,-1.00,-1.00
2024-11-11T05:12:25Z,"0002cc0100000edc","36545c54b9f93f7d08147d94fd401884000000000000ffffffffffffffffffff",2,3.97,,8,20.49,58.20,,2.19,,0,0,0,0,,,,-1.00,-1.00,-1.00,-1.00,-1.00
2024-11-11T05:18:21Z,"0002cc0100000edc","36545c561df93f8208147d95054020d4000000000000ffffffffffffffffffffffff",2,3.97,,8,20.49,58.21,,2.26,,0,0,0,0,,,-1.00,-1.00,-1.00,-1.00,-1.00,-1.00
2024-11-11T05:24:17Z,"0002cc0100000edc","36545c5781f93f82081484951e403173000000000000ffffffffffffffffffff",2,3.97,,8,20.51,58.25,,2.39,,0,0,0,0,,,,-1.00,-1.00,-1.00,-1.00,-1.00
2024-11-11T05:30:13Z,"0002cc0100000edc","36545c58e5f93f7108148794ab401884000000000000ffffffffffffffffffff",2,3.96,,8,20.53,58.07,,2.19,,0,0,0,0,,,,-1.00,-1.00,-1.00,-1.00,-1.00
2024-11-11T05:36:09Z,"0002cc0100000edc","36545c5a49f93f8208148f94974020d4000000000000ffffffffffffffffffffffff",2,3.97,,8,20.56,58.04,,2.26,,0,0,0,0,,,-1.00,-1.00,-1.00,-1.00,-1.00,-1.00
2024-11-11T05:42:05Z,"0002cc0100000edc","36545c5badf93f8208148f94674020d4000000000000ffffffffffffffffffff",2,3.97,,8,20.56,57.97,,2.26,,0,0,0,0,,,,-1.00,-1.00,-1.00,-1.00,-1.00
2024-11-11T05:48:01Z,"0002cc0100000edc","36545c5d11f93f7508148f94604020d4000000000000ffffffffffffffffffff",2,3.97,,8,20.56,57.96,,2.26,,0,0,0,0,,,,-1.00,-1.00,-1.00,-1.00,-1.00
2024-11-11T05:53:57Z,"0002cc0100000edc","36545c5e75f93f75081497943d403173000000000000ffffffffffffffffffff",2,3.97,,8,20.59,57.91,,2.39,,0,0,0,0,,,,-1.00,-1.00,-1.00,-1.00,-1.00
2024-11-11T05:59:53Z,"0002cc0100000edc","36545c5fd9f93f8208149294434020d4000000000000ffffffffffffffffffff",2,3.97,,8,20.57,57.92,,2.26,,0,0,0,0,,,,-1.00,-1.00,-1.00,-1.00,-1.00
2024-11-11T06:05:49Z,"0002cc0100000edc","36545c613df93f71081492943a4020d4000000000000ffffffffffffffffffffffff",2,3.96,,8,20.57,57.90,,2.26,,0,0,0,0,,,-1.00,-1.00,-1.00,-1.00,-1.00,-1.00
2024-11-11T06:11:45Z,"0002cc0100000edc","36545c62a1f2020500001497947b402924000000000000ffffffffffffffffffff",2,,2.5.0.0,,20.59,58.00,,2.32,,0,0,0,0,,,,-1.00,-1.00,-1.00,-1.00,-1.00
2024-11-11T06:17:41Z,"0002cc0100000edc","36545c6405f93f8208148f9481403173000000000000ffffffffffffffffffffffff",2,3.97,,8,20.56,58.01,,2.39,,0,0,0,0,,,-1.00,-1.00,-1.00,-1.00,-1.00,-1.00
2024-11-11T06:23:37Z,"0002cc0100000edc","36545c6569f93f8608148c94964020d4000000000000ffffffffffffffffffff",2,3.97,,8,20.54,58.04,,2.26,,0,0,0,0,,,,-1.00,-1.00,-1.00,-1.00,-1.00
2024-11-11T06:29:33Z,"0002cc0100000edc","36545c66cdf93f7508148194c04020d4000000000000ffffffffffffffffffffffff",2,3.97,,8,20.50,58.11,,2.26,,0,0,0,0,,,-1.00,-1.00,-1.00,-1.00,-1.00,-1.00
2024-11-11T06:35:29Z,"0002cc0100000edc","36545c6831f93f7d08148194e74020d4000000000000ffffffffffffffffffff",2,3.97,,8,20.50,58.17,,2.26,,0,0,0,0,,,,-1.00,-1.00,-1.00,-1.00,-1.00
2024-11-11T06:41:25Z,"0002cc0100000edc","36545c6995f93f8208148194c74020d4000000000000ffffffffffffffffffff",2,3.97,,8,20.50,58.12,,2.26,,0,0,0,0,,,,-1.00,-1.00,-1.00,-1.00,-1.00
2024-11-11T06:47:22Z,"0002cc0100000edc","36545c6afaf93f820814799496403173000000000000ffffffffffffffffffffffff",2,3.97,,8,20.47,58.04,,2.39,,0,0,0,0,,,-1.00,-1.00,-1.00,-1.00,-1.00,-1.00
2024-11-11T06:53:18Z,"0002cc0100000edc","36545c6c5ef93f7d081479948e403173000000000000ffffffffffffffffffff",2,3.97,,8,20.47,58.03,,2.39,,0,0,0,0,,,,-1.00,-1.00,-1.00,-1.00,-1.00
2024-11-11T06:59:14Z,"0002cc0100000edc","36545c6dc2f93f8208147d94ae401884000000000000ffffffffffffffffffff",2,3.97,,8,20.49,58.08,,2.19,,0,0,0,0,,,,-1.00,-1.00,-1.00,-1.00,-1.00
2024-11-11T07:05:10Z,"0002cc0100000edc","36545c6f26f93f8208147d9481403173000000000000ffffffffffffffffffffffff",2,3.97,,8,20.49,58.01,,2.39,,0,0,0,0,,,-1.00,-1.00,-1.00,-1.00,-1.00,-1.00
2024-11-11T07:11:06Z,"0002cc0100000edc","36545c708af93f8208148194a04020d4000000000000ffffffffffffffffffff",2,3.97,,8,20.50,58.06,,2.26,,0,0,0,0,,,,-1.00,-1.00,-1.00,-1.00,-1.00
2024-11-11T07:17:02Z,"0002cc0100000edc","36545c71eef93f8208148494724020d4000000000000ffffffffffffffffffffffff",2,3.97,,8,20.51,57.99,,2.26,,0,0,0,0,,,-1.00,-1.00,-1.00,-1.00,-1.00,-1.00
2024-11-11T07:22:58Z,"0002cc0100000edc","36545c7352f93f7108148c9476401884000000000000ffffffffffffffffffff",2,3.96,,8,20.54,57.99,,2.19,,0,0,0,0,,,,-1.00,-1.00,-1.00,-1.00,-1.00
2024-11-11T07:28:54Z,"0002cc0100000edc","36545c74b6f93f7108148f94584020d4000000000000ffffffffffffffffffff",2,3.96,,8,20.56,57.95,,2.26,,0,0,0,0,,,,-1.00,-1.00,-1.00,-1.00,-1.00
2024-11-11T07:34:50Z,"0002cc0100000edc","36545c761af93f8208148c94404020d4000000000000ffffffffffffffffffffffff",2,3.97,,8,20.54,57.91,,2.26,,0,0,0,0,,,-1.00,-1.00,-1.00,-1.00,-1.00,-1.00
2024-11-11T07:40:46Z,"0002cc0100000edc","36545c777ef93f71081492942b4020d4000000000000ffffffffffffffffffff",2,3.96,,8,20.57,57.88,,2.26,,0,0,0,0,,,,-1.00,-1.00,-1.00,-1.00,-1.00
2024-11-11T07:46:42Z,"0002cc0100000edc","36545c78e2f93f750814a694f7400f39000000000000fd85f4ccff397c607df3",2,3.97,,8,20.64,58.19,,2.12,,0,0,0,0,,,,0.74,0.55,-0.90,-0.30,-0.69
2024-11-11T07:52:38Z,"0002cc0100000edc","36545c7a46f93f650814b0945e40b5d70000000000007c28f4905730fe556e40756e",2,3.96,,8,20.68,57.96,,3.42,,0,0,0,0,,,0.34,0.20,-0.79,0.03,-0.29,0.52
2024-11-11T07:58:34Z,"0002cc0100000edc","36545c7baaf93f790814b794d040d3590000000000007d56f472fc10ff1af455",2,3.97,,8,20.71,58.13,,3.65,,0,0,0,0,,,,-0.27,-0.89,-0.51,-0.28,0.67
2024-11-11T08:04:31Z,"0002cc0100000edc","36545c7d0ff93f790814b794d040d6f0000000000000ff8ff67dfd5bff6aff50",2,3.97,,8,20.71,58.13,,3.68,,0,0,0,0,,,,-0.91,-0.93,-0.67,-0.41,-0.94
2024-11-11T08:10:27Z,"0002cc0100000edc","36545c7e73f93f820814b4951540d98b000000000000ff35fffffffffffffffff558",2,3.97,,8,20.70,58.24,,3.70,,0,0,0,0,,,-0.33,-1.00,-1.00,-1.00,-1.00,-0.90
2024-11-11T08:16:23Z,"0002cc0100000edc","36545c7fd7f93f750814b4955340cd26000000000000fc00ff2af40ffe997479",2,3.97,,8,20.70,58.33,,3.60,,0,0,0,0,,,,0.28,-0.82,-0.25,-0.90,-0.50
2024-11-11T08:22:19Z,"0002cc0100000edc","36545c813bf93f750814b094cc40d040000000000000cc35ffffffffffffffff",2,3.97,,8,20.68,58.12,,3.63,,0,0,0,0,,,,-1.00,-1.00,-1.00,-1.00,-0.01
2024-11-11T08:28:15Z,"0002cc0100000edc","36545c829ff93f6d08149e949640ca8b000000000000ffffffffffffffffffffffff",2,3.96,,8,20.62,58.04,,3.58,,0,0,0,0,,,-1.00,-1.00,-1.00,-1.00,-1.00,-1.00
2024-11-11T08:34:11Z,"0002cc0100000edc","36545c8403f93f7508149a947540bc87000000000000ffffffffffffffffffff",2,3.97,,8,20.60,57.99,,3.47,,0,0,0,0,,,,-1.00,-1.00,-1.00,-1.00,-1.00
2024-11-11T08:40:07Z,"0002cc0100000edc","36545c8567f93f6d08149794a240c4d7000000000000ffffffffffffffffffff",2,3.96,,8,20.59,58.06,,3.54,,0,0,0,0,,,,-1.00,-1.00,-1.00,-1.00,-1.00
2024-11-11T08:46:03Z,"0002cc0100000edc","36545c86cbf93f7508148c948e40ca8b000000000000ffffffffffffffffffffffff",2,3.97,,8,20.54,58.03,,3.58,,0,0,0,0,,,-1.00,-1.00,-1.00,-1.00,-1.00,-1.00
2024-11-11T08:51:59Z,"0002cc0100000edc","36545c882ff93f71081487949c40ca8b000000000000ffffffffffffffffffff",2,3.96,,8,20.53,58.05,,3.58,,0,0,0,0,,,,-1.00,-1.00,-1.00,-1.00,-1.00
2024-11-11T08:57:55Z,"0002cc0100000edc","36545c8993f93f7108148494ba40c4d7000000000000ffffffffffffffffffff",2,3.96,,8,20.51,58.10,,3.54,,0,0,0,0,,,,-1.00,-1.00,-1.00,-1.00,-1.00
2024-11-11T09:03:51Z,"0002cc0100000edc","36545c8af7f93f7908148794d940cd26000000000000ffffffffffffffffffffffff",2,3.97,,8,20.53,58.14,,3.60,,0,0,0,0,,,-1.00,-1.00,-1.00,-1.00,-1.00,-1.00
2024-11-11T09:09:47Z,"0002cc0100000edc","36545c8c5bf93f7508148194df40ca8b000000000000ffffffffffffffffffff",2,3.97,,8,20.50,58.15,,3.58,,0,0,0,0,,,,-1.00,-1.00,-1.00,-1.00,-1.00
2024-11-11T09:15:44Z,"0002cc0100000edc","36545c8dc0f93f7108148494e840cd26000000000000ffffffffffffffffffffffff",2,3.96,,8,20.51,58.17,,3.60,,0,0,0,0,,,-1.00,-1.00,-1.00,-1.00,-1.00,-1.00
2024-11-11T09:21:40Z,"0002cc0100000edc","36545c8f24f93f75081481951d40cd26000000000000ffffffffffffffffffff",2,3.97,,8,20.50,58.25,,3.60,,0,0,0,0,,,,-1.00,-1.00,-1.00,-1.00,-1.00
2024-11-11T09:27:36Z,"0002cc0100000edc","36545c9088f93f79081487953040cd26000000000000ffffffffffffffffffff",2,3.97,,8,20.53,58.28,,3.60,,0,0,0,0,,,,-1.00,-1.00,-1.00,-1.00,-1.00
2024-11-11T09:33:32Z,"0002cc0100000edc","36545c91ecf93f7108148c94db40cd26000000000000ffffffffffffffffffffffff",2,3.96,,8,20.54,58.15,,3.60,,0,0,0,0,,,-1.00,-1.00,-1.00,-1.00,-1.00,-1.00
2024-11-11T09:39:28Z,"0002cc0100000edc","36545c9350f93f79081487948d40cd26000000000000ffffffffffffffffffff",2,3.97,,8,20.53,58.03,,3.60,,0,0,0,0,,,,-1.00,-1.00,-1.00,-1.00,-1.00
2024-11-11T09:45:24Z,"0002cc0100000edc","36545c94b4f93f79081487946c40cd26000000000000ffffffffffffffffffff",2,3.97,,8,20.53,57.98,,3.60,,0,0,0,0,,,,-1.00,-1.00,-1.00,-1.00,-1.00
2024-11-11T09:51:20Z,"0002cc0100000edc","36545c9618f93f79081487945d40c4d7000000000000ffffffffffffffffffffffff",2,3.97,,8,20.53,57.96,,3.54,,0,0,0,0,,,-1.00,-1.00,-1.00,-1.00,-1.00,-1.00
2024-11-11T09:57:16Z,"0002cc0100000edc","36545c977cf93f7908148c944f40cd26000000000000ffffffffffffffffffff",2,3.97,,8,20.54,57.93,,3.60,,0,0,0,0,,,,-1.00,-1.00,-1.00,-1.00,-1.00
2024-11-11T10:03:12Z,"0002cc0100000edc","36545c98e0f93f79081484942540cd26000000000000ffffffffffffffffffff",2,3.97,,8,20.51,57.87,,3.60,,0,0,0,0,,,,-1.00,-1.00,-1.00,-1.00,-1.00
2024-11-11T10:09:08Z,"0002cc0100000edc","36545c9a44f93f79081481944340c4d7000000000000ffffffffffffffffffffffff",2,3.97,,8,20.50,57.92,,3.54,,0,0,0,0,,,-1.00,-1.00,-1.00,-1.00,-1.00,-1.00
2024-11-11T10:15:04Z,"0002cc0100000edc","36545c9ba8f2020500001481945a40cd26000000000000ffffffffffffffffffff",2,,2.5.0.0,,20.50,57.95,,3.60,,0,0,0,0,,,,-1.00,-1.00,-1.00,-1.00,-1.00
2024-11-11T10:21:00Z,"0002cc0100000edc","36545c9d0cf93f75081487946c40c4d7000000000000ffffffffffffffffffff",2,3.97,,8,20.53,57.98,,3.54,,0,0,0,0,,,,-1.00,-1.00,-1.00,-1.00,-1.00
2024-11-11T10:26:56Z,"0002cc0100000edc","36545c9e70f93f71081484948440c772000000000000ffffffffffffffffffffffff",2,3.96,,8,20.51,58.01,,3.56,,0,0,0,0,,,-1.00,-1.00,-1.00,-1.00,-1.00,-1.00
2024-11-11T10:32:52Z,"0002cc0100000edc","36545c9fd4f93f79081487947340cd26000000000000ffffffffffffffffffff",2,3.97,,8,20.53,57.99,,3.60,,0,0,0,0,,,,-1.00,-1.00,-1.00,-1.00,-1.00
2024-11-11T10:38:48Z,"0002cc0100000edc","36545ca138f93f7508148c945740c4d7000000000000ffffffffffffffffffff",2,3.97,,8,20.54,57.95,,3.54,,0,0,0,0,,,,-1.00,-1.00,-1.00,-1.00,-1.00
2024-11-11T10:44:44Z,"0002cc0100000edc","36545ca29cf93f7908148f944940cd26000000000000ffffffffffffffffffff",2,3.97,,8,20.56,57.92,,3.60,,0,0,0,0,,,,-1.00,-1.00,-1.00,-1.00,-1.00
2024-11-11T10:50:40Z,"0002cc0100000edc","36545ca400f93f75081487945540c772000000000000ffffffffffffffffffffffff",2,3.97,,8,20.53,57.94,,3.56,,0,0,0,0,,,-1.00,-1.00,-1.00,-1.00,-1.00,-1.00
2024-11-11T10:56:36Z,"0002cc0100000edc","36545ca564f93f6d08148f947840c4d7000000000000ffffffffffffffffffff",2,3.96,,8,20.56,58.00,,3.54,,0,0,0,0,,,,-1.00,-1.00,-1.00,-1.00,-1.00
2024-11-11T11:02:32Z,"0002cc0100000edc","36545ca6c8f93f65081484940d40cd26000000000000ffffffffffffffffffff",2,3.96,,8,20.51,57.83,,3.60,,0,0,0,0,,,,-1.00,-1.00,-1.00,-1.00,-1.00
2024-11-11T11:08:28Z,"0002cc0100000edc","36545ca82cf93f7508148c943740cd26000000000000ffffffffffffffffffff",2,3.97,,8,20.54,57.90,,3.60,,0,0,0,0,,,,-1.00,-1.00,-1.00,-1.00,-1.00
2024-11-11T11:14:25Z,"0002cc0100000edc","36545ca991f93f7908148f943140c4d7000000000000ffffffffffffffffffffffff",2,3.97,,8,20.56,57.89,,3.54,,0,0,0,0,,,-1.00,-1.00,-1.00,-1.00,-1.00,-1.00
2024-11-11T11:20:21Z,"0002cc0100000edc","36545caaf5f93f7508148c945740cd26000000000000ffffffffffffffffffff",2,3.97,,8,20.54,57.95,,3.60,,0,0,0,0,,,,-1.00,-1.00,-1.00,-1.00,-1.00
2024-11-11T11:26:17Z,"0002cc0100000edc","36545cac59f93f7508148f945140c772000000000000ffffffffffffffffffff",2,3.97,,8,20.56,57.94,,3.56,,0,0,0,0,,,,-1.00,-1.00,-1.00,-1.00,-1.00
2024-11-11T11:32:13Z,"0002cc0100000edc","36545cadbdf93f75081492942b40c772000000000000ffffffffffffffffffff",2,3.97,,8,20.57,57.88,,3.56,,0,0,0,0,,,,-1.00,-1.00,-1.00,-1.00,-1.00
2024-11-11T11:38:09Z,"0002cc0100000edc","36545caf21f93f75081497945b40c772000000000000fffffffffffffc83fd49",2,3.97,,8,20.59,57.95,,3.56,,0,0,0,0,,,,-0.66,-0.56,-1.00,-1.00,-1.00
2024-11-11T11:44:05Z,"0002cc0100000edc","36545cb085f93f75081492942b40c772000000000000ffffffffffffffffffffffff",2,3.97,,8,20.57,57.88,,3.56,,0,0,0,0,,,-1.00,-1.00,-1.00,-1.00,-1.00,-1.00
2024-11-11T11:50:01Z,"0002cc0100000edc","36545cb1e9f93f7108149a942740cfc2000000000000ffffffffffffffffffff",2,3.96,,8,20.60,57.87,,3.62,,0,0,0,0,,,,-1.00,-1.00,-1.00,-1.00,-1.00
2024-11-11T11:55:57Z,"0002cc0100000edc","36545cb34df93f7508149a93f740cd26000000000000ffffffffffffffffffffffff",2,3.97,,8,20.60,57.80,,3.60,,0,0,0,0,,,-1.00,-1.00,-1.00,-1.00,-1.00,-1.00
2024-11-11T12:01:53Z,"0002cc0100000edc","36545cb4b1f93f6908149a93e040cd26000000000000ffffffffffffffffffff",2,3.96,,8,20.60,57.76,,3.60,,0,0,0,0,,,,-1.00,-1.00,-1.00,-1.00,-1.00
2024-11-11T12:07:49Z,"0002cc0100000edc","36545cb615f93f7108149793e640cd26000000000000ffffffffffffffffffff",2,3.96,,8,20.59,57.77,,3.60,,0,0,0,0,,,,-1.00,-1.00,-1.00,-1.00,-1.00
2024-11-11T12:13:45Z,"0002cc0100000edc","36545cb779f93f7508149a93ef40cd26000000000000ffffffffffffffffffff",2,3.97,,8,20.60,57.79,,3.60,,0,0,0,0,,,,-1.00,-1.00,-1.00,-1.00,-1.00
2024-11-11T12:19:41Z,"0002cc0100000edc","36545cb8ddf93f7508149793e640cd26000000000000ffffffffffffffffffffffff",2,3.97,,8,20.59,57.77,,3.60,,0,0,0,0,,,-1.00,-1.00,-1.00,-1.00,-1.00,-1.00
2024-11-11T12:25:37Z,"0002cc0100000edc","36545cba41f93f7508149793d040c772000000000000ffffffffffffffffffff",2,3.97,,8,20.59,57.74,,3.56,,0,0,0,0,,,,-1.00,-1.00,-1.00,-1.00,-1.00
2024-11-11T12:31:33Z,"0002cc0100000edc","36545cbba5f93f7508148f93f240cd26000000000000ffffffffffffffffffff",2,3.97,,8,20.56,57.79,,3.60,,0,0,0,0,,,,-1.00,-1.00,-1.00,-1.00,-1.00
2024-11-11T12:37:29Z,"0002cc0100000edc","36545cbd09f93f7508149793e640cd26000000000000ffffffffffffffffffffffff",2,3.97,,8,20.59,57.77,,3.60,,0,0,0,0,,,-1.00,-1.00,-1.00,-1.00,-1.00,-1.00
2024-11-11T12:43:25Z,"0002cc0100000edc","36545cbe6df93f7508148493f540cd26000000000000ffffffffffffffffffff",2,3.97,,8,20.51,57.80,,3.60,,0,0,0,0,,,,-1.00,-1.00,-1.00,-1.00,-1.00
2024-11-11T12:49:21Z,"0002cc0100000edc","36545cbfd1f93f7508148f941b40c772000000000000ffffffffffffffffffffffff",2,3.97,,8,20.56,57.85,,3.56,,0,0,0,0,,,-1.00,-1.00,-1.00,-1.00,-1.00,-1.00
2024-11-11T12:55:17Z,"0002cc0100000edc","36545cc135f93f75081484943c40cd26000000000000ffffffffffffffffffff",2,3.97,,8,20.51,57.90,,3.60,,0,0,0,0,,,,-1.00,-1.00,-1.00,-1.00,-1.00
2024-11-11T13:01:13Z,"0002cc0100000edc","36545cc299f93f69081487945d40cd26000000000000ffffffffffffffffffff",2,3.96,,8,20.53,57.96,,3.60,,0,0,0,0,,,,-1.00,-1.00,-1.00,-1.00,-1.00
2024-11-11T13:07:10Z,"0002cc0100000edc","36545cc3fef93f7108148c949d40cd26000000000000ffffffffffffffffffff",2,3.96,,8,20.54,58.05,,3.60,,0,0,0,0,,,,-1.00,-1.00,-1.00,-1.00,-1.00
2024-11-11T13:13:06Z,"0002cc0100000edc","36545cc562f93f6508148c948740c772000000000000ffffffffffffffffffffffff",2,3.96,,8,20.54,58.02,,3.56,,0,0,0,0,,,-1.00,-1.00,-1.00,-1.00,-1.00,-1.00
2024-11-11T13:19:02Z,"0002cc0100000edc","36545cc6c6f93f7508148f949040c772000000000000ffffffffffffffffffff",2,3.97,,8,20.56,58.03,,3.56,,0,0,0,0,,,,-1.00,-1.00,-1.00,-1.00,-1.00
2024-11-11T13:24:58Z,"0002cc0100000edc","36545cc82af93f7108148c946f40c772000000000000ffffffffffffffffffffffff",2,3.96,,8,20.54,57.98,,3.56,,0,0,0,0,,,-1.00,-1.00,-1.00,-1.00,-1.00,-1.00
2024-11-11T13:30:54Z,"0002cc0100000edc","36545cc98ef93f75081492943a40c772000000000000ffffffffffffffffffff",2,3.97,,8,20.57,57.90,,3.56,,0,0,0,0,,,,-1.00,-1.00,-1.00,-1.00,-1.00
2024-11-11T13:36:50Z,"0002cc0100000edc","36545ccaf2f93f7508149793e640c772000000000000ffffffffffffffffffff",2,3.97,,8,20.59,57.77,,3.56,,0,0,0,0,,,,-1.00,-1.00,-1.00,-1.00,-1.00
2024-11-11T13:42:46Z,"0002cc0100000edc","36545ccc56f93f7508149793bf40c772000000000000ffffffffffffffffffff",2,3.97,,8,20.59,57.71,,3.56,,0,0,0,0,,,,-1.00,-1.00,-1.00,-1.00,-1.00
2024-11-11T13:48:42Z,"0002cc0100000edc","36545ccdbaf93f7108149793c840ca0d000000000000ffffffffffffffffffff",2,3.96,,8,20.59,57.73,,3.58,,0,0,0,0,,,,-1.00,-1.00,-1.00,-1.00,-1.00
2024-11-11T13:54:38Z,"0002cc0100000edc","36545ccf1ef93f7508149793c840c772000000000000ffffffffffffffffffff",2,3.97,,8,20.59,57.73,,3.56,,0,0,0,0,,,,-1.00,-1.00,-1.00,-1.00,-1.00
2024-11-11T14:00:34Z,"0002cc0100000edc","36545cd082f93f7508149a94d240c6f4000000000000f5d9ffebfdc1ec5efc13fdb7",2,3.97,,8,20.60,58.13,,3.55,,0,0,0,0,,,-0.71,-0.51,-0.14,-0.72,-0.99,-0.37
2024-11-11T14:06:30Z,"0002cc0100000edc","36545cd1e6f93f750814a194af40c6f4000000000000ffffffffff25fce1ffff",2,3.97,,8,20.63,58.08,,3.55,,0,0,0,0,,,,-1.00,-0.61,-0.89,-1.00,-1.00
2024-11-11T14:12:26Z,"0002cc0100000edc","36545cd34af93f5d0814a19460000000000000000000ffffffffffffffffffff",2,3.96,,8,20.63,57.96,,0.00,,0,0,0,0,,,,-1.00,-1.00,-1.00,-1.00,-1.00
2024-11-11T14:18:22Z,"0002cc0100000edc","36545cd4aef2020500001497943d000000000000000000ffffffffffffffffffff",2,,2.5.0.0,,20.59,57.91,,0.00,,0,0,0,0,,,,-1.00,-1.00,-1.00,-1.00,-1.00
2024-11-11T14:24:19Z,"0002cc0100000edc","36545cd613f93f750814a9952f000000000000000000e710d733f7fd77fef5a0fe21",2,3.97,,8,20.66,58.28,,0.00,,0,0,0,0,,,-0.77,-0.35,0.50,-0.50,-0.03,-0.11
2024-11-11T14:30:15Z,"0002cc0100000edc","36545cd777f93f750814a6946a000000000000000000ffffff5df4b5f6127659",2,3.97,,8,20.64,57.98,,0.00,,0,0,0,0,,,,0.40,-0.38,-0.29,-0.92,-1.00
2024-11-11T14:36:11Z,"0002cc0100000edc","36545cd8dbf93f690814a6937f000000000000000000fce4ec6afe4dfd17fdd5ffff",2,3.96,,8,20.64,57.62,,0.00,,0,0,0,0,,,-1.00,-0.73,-0.64,-0.79,-0.14,-0.61
2024-11-11T14:42:07Z,"0002cc0100000edc","36545cda3ff93f610814a6930a0000000000000000007d6fed65fe3afec5ff11",2,3.96,,8,20.64,57.44,,0.00,,0,0,0,0,,,,-0.88,-0.85,-0.78,-0.17,0.68
2024-11-11T14:48:03Z,"0002cc0100000edc","36545cdba3f93f6d0814a1939d000000000000000000f747f680f659fe63f6af",2,3.96,,8,20.63,57.66,,0.00,,0,0,0,0,,,,-0.42,-0.80,-0.40,-0.41,-0.45
2024-11-11T14:53:59Z,"0002cc0100000edc","36545cdd07f93f6d0814ac94f3000000000000000000fffffe40fd0b742177c76403",2,3.96,,8,20.67,58.18,,0.00,,0,0,0,0,,,0.06,0.49,0.26,-0.63,-0.78,-1.00
2024-11-11T14:59:56Z,"0002cc0100000edc","36545cde6cd93f610814b0947e000000000000fed3ffffffffffffffff",2,3.96,,8,20.68,58.01,,,,0,0,0,0,,,,-1.00,-1.00,-1.00,-1.00,-0.85
2024-11-11T15:05:52Z,"0002cc0100000edc","36545cdfd0f93f610814c2949f000000000000000000ffce75dcfd29fffff47a7690",2,3.96,,8,20.76,58.06,,0.00,,0,0,0,0,,,0.41,-0.28,-1.00,-0.64,0.37,-0.98
2024-11-11T15:11:48Z,"0002cc0100000edc","36545ce134f93f6d0814d194db0000000000000000006e20d79ef6f6fc4b6c68",2,3.96,,8,20.81,58.15,,0.00,,0,0,0,0,,,,0.14,-0.54,-0.44,-0.03,0.19
2024-11-11T15:17:44Z,"0002cc0100000edc","36545ce298f93f6d0814e69542000000000000000000ffe5ff67e54e740ef796f772",2,3.96,,8,20.90,58.30,,0.00,,0,0,0,0,,,-0.47,-0.47,0.25,-0.08,-0.93,-0.99
2024-11-11T15:23:40Z,"0002cc0100000edc","36545ce3fcf93f690814f89569000000000000000000ff616dd5fc9cefd3fe15",2,3.96,,8,20.97,58.36,,0.00,,0,0,0,0,,,,-0.76,-0.24,-0.58,0.18,-0.92
2024-11-11T15:29:36Z,"0002cc0100000edc","36545ce560f93f6908151594ea000000000000000000f72afe26fffffd656df8",2,3.96,,8,21.08,58.17,,0.00,,0,0,0,0,,,,0.19,-0.67,-1.00,-0.77,-0.45
2024-11-11T15:35:32Z,"0002cc0100000edc","36545ce6c4f93f69081518944e000000000000000000fffffc26de6cfffffde1ff07",2,3.96,,8,21.09,57.93,,0.00,,0,0,0,0,,,-0.88,-0.73,-1.00,-0.05,-0.52,-1.00
2024-11-11T15:41:29Z,"0002cc0100000edc","36545ce829f93f6d0815239397000000000000000000ff44ff35fff4fcb6fdae",2,3.96,,8,21.14,57.65,,0.00,,0,0,0,0,,,,-0.71,-0.59,-0.99,-0.90,-0.91
2024-11-11T15:47:25Z,"0002cc0100000edc","36545ce98df93f650815329451000000000000000000d4557422761ff444fc2f",2,3.96,,8,21.19,57.94,,0.00,,0,0,0,0,,,,-0.52,-0.27,0.38,0.26,-0.02
2024-11-11T15:53:21Z,"0002cc0100000edc","36545ceaf1f93f6d08154f949d000000000000000000edf07e197c0d7c4564fd7c7b",2,3.96,,8,21.31,58.05,,0.00,,0,0,0,0,,,0.56,0.08,0.53,0.51,0.76,-0.19
2024-11-11T15:59:17Z,"0002cc0100000edc","36545cec55f93f6d081552933500000000000000000067ceff0ffd33fc80ffef",2,3.96,,8,21.32,57.50,,0.00,,0,0,0,0,,,,-0.99,-0.56,-0.65,-0.88,0.12
2024-11-11T16:05:13Z,"0002cc0100000edc","36545cedb9f93f6d08154492c20000000000000000006f27fc67ff19ff93ffb8",2,3.96,,8,21.26,57.33,,0.00,,0,0,0,0,,,,-0.96,-0.95,-0.89,-0.55,0.22
2024-11-11T16:11:09Z,"0002cc0100000edc","36545cef1df93f6508153692b3000000000000000000f659f571fffff51feff56d62",2,3.96,,8,21.21,57.31,,0.00,,0,0,0,0,,,0.17,-0.25,-0.32,-1.00,-0.34,-0.40
2024-11-11T16:17:05Z,"0002cc0100000edc","36545cf081f93f65081536926e000000000000000000d6f0e62d7768ffc0fffb",2,3.96,,8,21.21,57.20,,0.00,,0,0,0,0,,,,-1.00,-0.97,0.46,-0.10,-0.03
2024-11-11T16:23:02Z,"0002cc0100000edc","36545cf1e6f93f610815279256000000000000000000ff75fd62d68effa0fef7",2,3.96,,8,21.15,57.16,,0.00,,0,0,0,0,,,,-0.87,-0.95,-0.03,-0.67,-0.93
2024-11-11T16:28:58Z,"0002cc0100000edc","36545cf34af93f61081523927d000000000000000000fdecd709f41bfcfffd79",2,3.96,,8,21.14,57.22,,0.00,,0,0,0,0,,,,-0.68,-0.62,-0.26,-0.03,-0.74
2024-11-11T16:34:54Z,"0002cc0100000edc","36545cf4aef93f650815159209000000000000000000f619fc18fe9efeafffd1ffbc",2,3.96,,8,21.08,57.05,,0.00,,0,0,0,0,,,-0.97,-0.98,-0.84,-0.83,-0.51,-0.38
2024-11-11T16:40:50Z,"0002cc0100000edc","36545cf612f93f7508150a91c6000000000000000000fd24fffffffffef8ffff",2,3.97,,8,21.04,56.94,,0.00,,0,0,0,0,,,,-1.00,-0.87,-1.00,-1.00,-0.64
2024-11-11T16:46:46Z,"0002cc0100000edc","36545cf776f93f6108150d92b1000000000000000000fffffffff56674bc54eff681",2,3.96,,8,21.05,57.30,,0.00,,0,0,0,0,,,-0.41,0.02,0.30,-0.34,-1.00,-1.00
2024-11-11T16:52:43Z,"0002cc0100000edc","36545cf8dbf93f650815079251000000000000000000fcc3ffffffffffffffff",2,3.96,,8,21.02,57.16,,0.00,,0,0,0,0,,,,-1.00,-1.00,-1.00,-1.00,-0.60
2024-11-11T16:58:39Z,"0002cc0100000edc","36545cfa3ff93f61081503923f000000000000000000ee94ffffffffffffffff",2,3.96,,8,21.01,57.13,,0.00,,0,0,0,0,,,,-1.00,-1.00,-1.00,-1.00,-0.21
2024-11-11T17:04:35Z,"0002cc0100000edc","36545cfba3f93f610814fc92a2000000000000000000ffffffffffffffffffff",2,3.96,,8,20.98,57.28,,0.00,,0,0,0,0,,,,-1.00,-1.00,-1.00,-1.00,-1.00
2024-11-11T17:10:31Z,"0002cc0100000edc","36545cfd07f93f590814ed9388000000000000000000ffffffffffffffffffffffff",2,3.96,,8,20.93,57.63,,0.00,,0,0,0,0,,,-1.00,-1.00,-1.00,-1.00,-1.00,-1.00
2024-11-11T17:16:27Z,"0002cc0100000edc","36545cfe6bf93f650814e69428000000000000000000ffffffffffffffffffff",2,3.96,,8,20.90,57.87,,0.00,,0,0,0,0,,,,-1.00,-1.00,-1.00,-1.00,-1.00
2024-11-11T17:22:23Z,"0002cc0100000edc","36545cffcff93f6d0814e29587000000000000000000fffffdf07c23776ffcdbfee2",2,3.96,,8,20.88,58.41,,0.00,,0,0,0,0,,,-0.86,-0.61,0.46,0.52,-0.74,-1.00
2024-11-11T17:28:19Z,"0002cc0100000edc","36545d0133f93f590814d795b9000000000000000000ffffff05fffffffffffffcb3",2,3.96,,8,20.84,58.49,,0.00,,0,0,0,0,,,-0.59,-1.00,-1.00,-1.00,-0.88,-1.00
2024-11-11T17:34:15Z,"0002cc0100000edc","36545d0297f93f5d0814db96010000000000000000006ea8d7b6f7e1fedcffff",2,3.96,,8,20.85,58.60,,0.00,,0,0,0,0,,,,-1.00,-0.86,-0.49,-0.03,0.21
2024-11-11T17:40:11Z,"0002cc0100000edc","36545d03fbf93f650814d49616000000000000000000fffffe47ffffffffffff",2,3.96,,8,20.83,58.63,,0.00,,0,0,0,0,,,,-1.00,-1.00,-1.00,-0.78,-1.00
2024-11-11T17:46:07Z,"0002cc0100000edc","36545d055ff93f650814db9677000000000000000000ff3154f2745cf623fe11",2,3.96,,8,20.85,58.78,,0.00,,0,0,0,0,,,,-0.76,-0.38,0.27,0.02,-0.90
2024-11-11T17:52:04Z,"0002cc0100000edc","36545d06c4d93f650814ed968e00000000000056ce6736ef1a6d54ef44",2,3.96,,8,20.93,58.81,,,,0,0,0,0,,,,-0.23,0.17,-0.22,0.11,0.03
2024-11-11T17:58:00Z,"0002cc0100000edc","36545d0828f93f650814ed9575000000000000000000764b563bffe7f429fe51",2,3.96,,8,20.93,58.38,,0.00,,0,0,0,0,,,,-0.79,-0.26,-0.99,0.02,0.39
2024-11-11T18:03:56Z,"0002cc0100000edc","36545d098cf93f650814e694d5000000000000000000ff4aff33ffffffffffff",2,3.96,,8,20.90,58.14,,0.00,,0,0,0,0,,,,-1.00,-1.00,-1.00,-0.90,-0.91
2024-11-11T18:09:52Z,"0002cc0100000edc","36545d0af0f93f5d0814e994af000000000000000000fd9a6c00ef10fffffc3f7612",2,3.96,,8,20.91,58.08,,0.00,,0,0,0,0,,,0.38,-0.53,-1.00,-0.22,0.12,-0.70
2024-11-11T18:15:48Z,"0002cc0100000edc","36545d0c54f93f650814ed94a0000000000000000000ffffffffffff5c52fec4",2,3.96,,8,20.93,58.06,,0.00,,0,0,0,0,,,,-0.85,0.03,-1.00,-1.00,-1.00
2024-11-11T18:21:45Z,"0002cc0100000edc","36545d0db9f202050000150794cc0000000000000000007d137e0c6f9aef777cdc64ef",2,,2.5.0.0,,21.02,58.12,,0.00,,0,0,0,0,,,0.08,0.61,-0.23,0.24,0.76,0.63
2024-11-11T18:27:41Z,"0002cc0100000edc","36545d0f1df93f6508150a9346000000000000000000fc6cfc94ff74ffffffff",2,3.96,,8,21.04,57.53,,0.00,,0,0,0,0,,,,-1.00,-1.00,-0.93,-0.57,-0.55
2024-11-11T18:33:37Z,"0002cc0100000edc","36545d1081f93f650814ff9350000000000000000000fffff6d7f634fe97ffff",2,3.96,,8,20.99,57.54,,0.00,,0,0,0,0,,,,-1.00,-0.82,-0.39,-0.43,-1.00
2024-11-11T18:39:33Z,"0002cc0100000edc","36545d11e5f93f650815039304000000000000000000fd50feae66c8ffffffffffff",2,3.96,,8,21.01,57.43,,0.00,,0,0,0,0,,,-1.00,-1.00,-1.00,0.11,-0.83,-0.66
2024-11-11T18:45:29Z,"0002cc0100000edc","36545d1349f93f610814fc92b3000000000000000000ffffffffffffffffffffffff",2,3.96,,8,20.98,57.31,,0.00,,0,0,0,0,,,-1.00,-1.00,-1.00,-1.00,-1.00,-1.00
2024-11-11T18:51:25Z,"0002cc0100000edc","36545d14adf93f610814f892c8000000000000000000ffffffffffffffffffff",2,3.96,,8,20.97,57.34,,0.00,,0,0,0,0,,,,-1.00,-1.00,-1.00,-1.00,-1.00
2024-11-11T18:57:21Z,"0002cc0100000edc","36545d1611f93f650814f492b7000000000000000000ffffffffffffffffffffffff",2,3.96,,8,20.95,57.31,,0.00,,0,0,0,0,,,-1.00,-1.00,-1.00,-1.00,-1.00,-1.00
2024-11-11T19:03:17Z,"0002cc0100000edc","36545d1775f93f650814e992c2000000000000000000ffffffffffffffffffff",2,3.96,,8,20.91,57.33,,0.00,,0,0,0,0,,,,-1.00,-1.00,-1.00,-1.00,-1.00
2024-11-11T19:09:13Z,"0002cc0100000edc","36545d18d9f93f610814ed929c000000000000000000ffffffffffffffffffff",2,3.96,,8,20.93,57.27,,0.00,,0,0,0,0,,,,-1.00,-1.00,-1.00,-1.00,-1.00
2024-11-11T19:15:09Z,"0002cc0100000edc","36545d1a3df93f650814e69290000000000000000000ffffffffffffffffffffffff",2,3.96,,8,20.90,57.25,,0.00,,0,0,0,0,,,-1.00,-1.00,-1.00,-1.00,-1.00,-1.00
2024-11-11T19:21:05Z,"0002cc0100000edc","36545d1ba1d93f5d0814e692a1000000000000ffffffffffffffffffff",2,3.96,,8,20.90,57.28,,,,0,0,0,0,,,,-1.00,-1.00,-1.00,-1.00,-1.00
2024-11-11T19:27:01Z,"0002cc0100000edc","36545d1d05f93f650814e99274000000000000000000ffffffffffffffffffff",2,3.96,,8,20.91,57.21,,0.00,,0,0,0,0,,,,-1.00,-1.00,-1.00,-1.00,-1.00
2024-11-11T19:32:57Z,"0002cc0100000edc","36545d1e69f93f5d0814f892c8000000000000000000fffffffffffffdedff21",2,3.96,,8,20.97,57.34,,0.00,,0,0,0,0,,,,-0.89,-0.74,-1.00,-1.00,-1.00
2024-11-11T19:38:54Z,"0002cc0100000edc","36545d1fcef93f650814fc9340000000000000000000fffffffffda8ffe6ff9a",2,3.96,,8,20.98,57.52,,0.00,,0,0,0,0,,,,-0.95,-0.99,-0.71,-1.00,-1.00
2024-11-11T19:44:50Z,"0002cc0100000edc","36545d2132f93f6508150a930e00000000000000000056adf5cdfff1ffffffff",2,3.96,,8,21.04,57.44,,0.00,,0,0,0,0,,,,-1.00,-1.00,-0.99,-0.36,0.03
2024-11-11T19:50:46Z,"0002cc0100000edc","36545d2296f93f5d081518930d000000000000000000ffffff31ed6d75236fc9e65b",2,3.96,,8,21.09,57.44,,0.00,,0,0,0,0,,,-0.10,0.24,0.32,-0.17,-0.90,-1.00
2024-11-11T19:56:42Z,"0002cc0100000edc","36545d23faf93f6108152e93bb3a2ed0000000000000e5c0fc89ff2ad6fde422",2,3.96,,8,21.18,57.71,,0.04,,0,0,0,0,,,,-0.06,-0.03,-0.90,-0.57,-0.09
2024-11-11T20:02:38Z,"0002cc0100000edc","36545d255ef93f6108153d92de0000000000000000007e0c6d275e20fea46f0a6f78",2,3.96,,8,21.23,57.37,,0.00,,0,0,0,0,,,0.23,0.22,-0.83,0.05,0.16,0.76
2024-11-11T20:08:34Z,"0002cc0100000edc","36545d26c2f93f6108154492530000000000000000004d86ffd8ffffffffffff",2,3.96,,8,21.26,57.16,,0.00,,0,0,0,0,,,,-1.00,-1.00,-1.00,-0.98,0.01
2024-11-11T20:14:30Z,"0002cc0100000edc","36545d2826f93f61081561951a0000000000000000007d427d05743f6529ee06",2,3.96,,8,21.38,58.24,,0.00,,0,0,0,0,,,,-0.19,0.08,0.27,0.63,0.66
2024-11-11T20:20:27Z,"0002cc0100000edc","36545d298bf93f6108155692d1000000000000000000f7d24536fe6cffffffff",2,3.96,,8,21.33,57.35,,0.00,,0,0,0,0,,,,-1.00,-1.00,-0.80,0.01,-0.49
2024-11-11T20:26:23Z,"0002cc0100000edc","36545d2aeff93f6508154c926f000000000000000000fffffc24ffffffffffff",2,3.96,,8,21.29,57.20,,0.00,,0,0,0,0,,,,-1.00,-1.00,-1.00,-0.52,-1.00
2024-11-11T20:32:19Z,"0002cc0100000edc","36545d2c53f93f6108154192890000000000000000007738febaffffffffffffffff",2,3.96,,8,21.25,57.24,,0.00,,0,0,0,0,,,-1.00,-1.00,-1.00,-1.00,-0.84,0.45
2024-11-11T20:38:15Z,"0002cc0100000edc","36545d2db7f93f5008153d92ae000000000000000000fffffffffffffda1f584",2,3.96,,8,21.23,57.30,,0.00,,0,0,0,0,,,,-0.34,-0.70,-1.00,-1.00,-1.00
2024-11-11T20:44:11Z,"0002cc0100000edc","36545d2f1bf93f6108153292b9000000000000000000fffffffffeebfcd4fff8f49d",2,3.96,,8,21.19,57.31,,0.00,,0,0,0,0,,,-0.29,-1.00,-0.60,-0.86,-1.00,-1.00
2024-11-11T20:50:07Z,"0002cc0100000edc","36545d307ff93f61081532927b0000000000000000007579fd05ffffffffffff",2,3.96,,8,21.19,57.22,,0.00,,0,0,0,0,,,,-1.00,-1.00,-1.00,-0.63,0.34
2024-11-11T20:56:04Z,"0002cc0100000edc","36545d31e4f93f6108152e926b000000000000000000ffffffffffffffffffffffff",2,3.96,,8,21.18,57.20,,0.00,,0,0,0,0,,,-1.00,-1.00,-1.00,-1.00,-1.00,-1.00
2024-11-11T21:01:59Z,"0002cc0100000edc","36545d3347f93f610815239217000000000000000000ffffffffffffffffffff",2,3.96,,8,21.14,57.07,,0.00,,0,0,0,0,,,,-1.00,-1.00,-1.00,-1.00,-1.00
2024-11-11T21:07:56Z,"0002cc0100000edc","36545d34acf93f5908151c9223000000000000000000ffffffffffffffffffffffff",2,3.96,,8,21.11,57.09,,0.00,,0,0,0,0,,,-1.00,-1.00,-1.00,-1.00,-1.00,-1.00
2024-11-11T21:13:52Z,"0002cc0100000edc","36545d3610f93f6108151892e6000000000000000000ec8ffffffffffffff78e",2,3.96,,8,21.09,57.38,,0.00,,0,0,0,0,,,,-0.47,-1.00,-1.00,-1.00,-0.14
2024-11-11T21:19:48Z,"0002cc0100000edc","36545d3774f93f61081518935b000000000000000000fd996ee8756b5d9eeec2",2,3.96,,8,21.09,57.56,,0.00,,0,0,0,0,,,,-0.21,0.04,0.34,0.22,-0.70
2024-11-11T21:25:44Z,"0002cc0100000edc","36545d38d8f93f5008150d9317000000000000000000ffacfffffc2bfffffcf9ffff",2,3.96,,8,21.05,57.46,,0.00,,0,0,0,0,,,-1.00,-0.62,-1.00,-0.52,-1.00,-0.96
2024-11-11T21:31:40Z,"0002cc0100000edc","36545d3a3cf93f59081511938f000000000000000000ddf7665cf732fd29ffff",2,3.96,,8,21.06,57.64,,0.00,,0,0,0,0,,,,-1.00,-0.64,-0.45,0.10,-0.05
2024-11-11T21:37:36Z,"0002cc0100000edc","36545d3ba0f93f610815189832000000000000000000fe4ef4576436ffe2e612",2,3.96,,8,21.09,59.45,,0.00,,0,0,0,0,,,,-0.09,-0.99,0.07,-0.27,-0.79
2024-11-11T21:43:32Z,"0002cc0100000edc","36545d3d04f93f500815329601000000000000000000fe7e756577fd740b6c807439",2,3.96,,8,21.19,58.60,,0.00,,0,0,0,0,,,0.26,0.14,0.25,0.50,0.34,-0.81
2024-11-11T21:49:28Z,"0002cc0100000edc","36545d3e68f93f61081532943a0000000000000000007c2c6d096f2e7c777632",2,3.96,,8,21.19,57.90,,0.00,,0,0,0,0,,,,0.39,0.56,0.22,0.16,0.52
2024-11-11T21:55:25Z,"0002cc0100000edc","36545d3fcdf93f6108151f93ad000000000000000000fffffcafe484ffffff0d",2,3.96,,8,21.12,57.69,,0.00,,0,0,0,0,,,,-0.88,-1.00,-0.07,-0.59,-1.00
2024-11-11T22:01:21Z,"0002cc0100000edc","36545d4131f93f5908151893e8000000000000000000f666ffffffffffffffff",2,3.96,,8,21.09,57.78,,0.00,,0,0,0,0,,,,-1.00,-1.00,-1.00,-1.00,-0.40
2024-11-11T22:07:17Z,"0002cc0100000edc","36545d4295f93f590815159407000000000000000000754d66aaf76affdef51dff04",2,3.96,,8,21.08,57.82,,0.00,,0,0,0,0,,,-0.88,-0.32,-0.98,-0.46,0.10,0.33
2024-11-11T22:13:13Z,"0002cc0100000edc","36545d43f9f93f5408151c964d000000000000000000fca7fe836d31f561ec79",2,3.96,,8,21.11,58.71,,0.00,,0,0,0,0,,,,-0.14,-0.34,0.16,-0.81,-0.58
2024-11-11T22:19:09Z,"0002cc0100000edc","36545d455df93f5408151894270000000000000000007d76fce0fffffd56eef3",2,3.96,,8,21.09,57.87,,0.00,,0,0,0,0,,,,-0.22,-0.67,-1.00,-0.61,0.68
2024-11-11T22:25:05Z,"0002cc0100000edc","36545d46c1f202050000150a9419000000000000000000ffacffe8fc2bffdeffd6",2,,2.5.0.0,,21.04,57.85,,0.00,,0,0,0,0,,,,-0.98,-0.98,-0.52,-0.99,-0.96
2024-11-11T22:31:01Z,"0002cc0100000edc","36545d4825f93f5008150393fe000000000000000000fffffffffdabf72fffff",2,3.96,,8,21.01,57.81,,0.00,,0,0,0,0,,,,-1.00,-0.45,-0.71,-1.00,-1.00
2024-11-11T22:36:58Z,"0002cc0100000edc","36545d498af93f540814fc93a6000000000000000000ffffffffffffffffffffffff",2,3.96,,8,20.98,57.68,,0.00,,0,0,0,0,,,-1.00,-1.00,-1.00,-1.00,-1.00,-1.00
2024-11-11T22:42:54Z,"0002cc0100000edc","36545d4aeef93f500814f49344000000000000000000ffffffffffffffffffffffff",2,3.96,,8,20.95,57.53,,0.00,,0,0,0,0,,,-1.00,-1.00,-1.00,-1.00,-1.00,-1.00
2024-11-11T22:48:50Z,"0002cc0100000edc","36545d4c52f93f540814e992ff000000000000000000ffffffffffffffffffff",2,3.96,,8,20.91,57.42,,0.00,,0,0,0,0,,,,-1.00,-1.00,-1.00,-1.00,-1.00
2024-11-11T22:54:46Z,"0002cc0100000edc","36545d4db6f93f590814ed92e3000000000000000000ff74ffffffffffffffffffff",2,3.96,,8,20.93,57.38,,0.00,,0,0,0,0,,,-1.00,-1.00,-1.00,-1.00,-1.00,-0.93
2024-11-11T23:00:42Z,"0002cc0100000edc","36545d4f1af93f590814f19323000000000000000000f59dffb6ff98ffffffff",2,3.96,,8,20.94,57.48,,0.00,,0,0,0,0,,,,-1.00,-1.00,-0.95,-0.96,-0.35
2024-11-11T23:06:38Z,"0002cc0100000edc","36545d507ef93f590814f492ce000000000000000000f4ebfd4affffffffffff",2,3.96,,8,20.95,57.35,,0.00,,0,0,0,0,,,,-1.00,-1.00,-1.00,-0.66,-0.31
2024-11-11T23:12:34Z,"0002cc0100000edc","36545d51e2f93f4c0814fc9386000000000000000000dffff742ff31f7f6edf4fce5",2,3.96,,8,20.98,57.63,,0.00,,0,0,0,0,,,-0.61,-0.19,-0.50,-0.90,-0.45,-0.06
2024-11-11T23:18:31Z,"0002cc0100000edc","36545d5347f93f590815039343000000000000000000ed256617ffffffffffff",2,3.96,,8,21.01,57.52,,0.00,,0,0,0,0,,,,-1.00,-1.00,-1.00,0.10,-0.16
2024-11-11T23:24:27Z,"0002cc0100000edc","36545d54abf93f500814ff930a000000000000000000fffffd2b6568fffffc436ec6",2,3.96,,8,20.99,57.44,,0.00,,0,0,0,0,,,0.21,-0.53,-1.00,0.08,-0.65,-1.00
2024-11-11T23:30:23Z,"0002cc0100000edc","36545d560ff93f5908150792c60000000000000000006f627cf5ffcbffffffff",2,3.96,,8,21.02,57.33,,0.00,,0,0,0,0,,,,-1.00,-1.00,-0.97,0.62,0.23
2024-11-11T23:36:19Z,"0002cc0100000edc","36545d5773f93f5908151192f9000000000000000000ffffffffffb45d9d6e9d",2,3.96,,8,21.06,57.41,,0.00,,0,0,0,0,,,,0.21,0.04,-0.96,-1.00,-1.00
2024-11-11T23:42:15Z,"0002cc0100000edc","36545d58d7f93f540815489abb000000000000000000ff10772d477d6c667c687739",2,3.96,,8,21.28,60.44,,0.00,,0,0,0,0,,,0.45,0.55,0.14,0.01,0.45,-0.88
2024-11-11T23:48:11Z,"0002cc0100000edc","36545d5a3bf93f500815a993f100000000000000000075cb767c7e1e7c8d7eb8",2,3.96,,8,21.66,57.79,,0.00,,0,0,0,0,,,,0.84,0.57,0.76,0.41,0.36
2024-11-11T23:54:08Z,"0002cc0100000edc","36545d5ba0f93f5908159391e10000000000000000006448dc1275c475abfc39fffb",2,3.96,,8,21.57,56.98,,0.00,,0,0,0,0,,,-1.00,-0.53,0.35,0.36,-0.03,0.07
