Time,DevEUI,Raw,Port,Vbat,Version,BootCount,T,RH,P,Light,CO2,P[0].delta,P[0].total,P[1].delta,P[1].total,Act[7],Act[6],Act[5],Act[4],Act[3],Act[2],Act[1],Act[0]
2024-11-13T00:02:13Z,"0002cc0100000edc","36545eaf05f93f1f0816198911000000000000000000fc8775d4760a7c9476ef7d2b",2,3.94,,8,22.09,53.54,,0.00,,0,0,0,0,,,0.65,0.43,0.57,0.38,0.36,-0.57
2024-11-13T00:08:09Z,"0002cc0100000edc","36545eb069f93f1b0816078c7b0000000000000000007cb07461f5ce6db6fcf1",2,3.94,,8,22.03,54.88,,0.00,,0,0,0,0,,,,-0.62,0.18,-0.36,0.27,0.59
2024-11-13T00:14:06Z,"0002cc0100000edc","36545eb1cef93f230815f18ed8392ed0000000000000ffffffff6d627c157db2",2,3.95,,8,21.94,55.80,,0.02,,0,0,0,0,,,,0.71,0.51,0.17,-1.00,-1.00
2024-11-13T00:20:02Z,"0002cc0100000edc","36545eb332f93f230815df9041000000000000000000fc8e4624f4faee44fd46fd10",2,3.95,,8,21.87,56.35,,0.00,,0,0,0,0,,,-0.63,-0.66,-0.20,-0.31,0.01,-0.57
2024-11-13T00:25:58Z,"0002cc0100000edc","36545eb496d93f1f0815d490e2000000000000fffffffffffffd08ff78",2,3.94,,8,21.83,56.60,,,,0,0,0,0,,,,-0.93,-0.63,-1.00,-1.00,-1.00
2024-11-13T00:31:54Z,"0002cc0100000edc","36545eb5faf93f1f0815d890bc0000000000000000007e74778c77aecf2d7c2a7c72",2,3.94,,8,21.84,56.54,,0.00,,0,0,0,0,,,0.56,0.52,-0.01,0.48,0.47,0.81
2024-11-13T00:37:50Z,"0002cc0100000edc","36545eb75ef93f1f0815f18f950000000000000000007ccf74df7cb6f5e4ffff",2,3.94,,8,21.94,56.09,,0.00,,0,0,0,0,,,,-1.00,-0.37,0.59,0.30,0.60
2024-11-13T00:43:46Z,"0002cc0100000edc","36545eb8c2f93f1f0815f18dbc000000000000000000fffffffff6bf6c67fff9",2,3.94,,8,21.94,55.37,,0.00,,0,0,0,0,,,,-1.00,0.14,-0.42,-1.00,-1.00
2024-11-13T00:49:43Z,"0002cc0100000edc","36545eba27d93f1f0815ea8d3b000000000000ff45fffff72bfc5d742ee70c",2,3.94,,8,21.91,55.17,,,,0,0,0,0,,,-0.11,0.26,-0.55,-0.45,-1.00,-0.91
2024-11-13T00:55:39Z,"0002cc0100000edc","36545ebb8bf93f1f0815ee8cc8000000000000000000f451773465b6ec39ffff",2,3.94,,8,21.93,54.99,,0.00,,0,0,0,0,,,,-1.00,-0.13,0.09,0.45,-0.27
2024-11-13T01:01:35Z,"0002cc0100000edc","36545ebceff93f1f0815ee8c69000000000000000000fea2fffffdba6c6ce61d",2,3.94,,8,21.93,54.85,,0.00,,0,0,0,0,,,,-0.10,0.14,-0.72,-1.00,-0.83
2024-11-13T01:07:31Z,"0002cc0100000edc","36545ebe53d93f1f0815f18ca8000000000000ddcaf4766e3176fc6e87",2,3.94,,8,21.94,54.94,,,,0,0,0,0,,,,0.20,0.44,0.19,-0.28,-0.05
2024-11-13T01:13:27Z,"0002cc0100000edc","36545ebfb7f93f1f0815f18da40000000000000000007e457c5657287dad7c99",2,3.94,,8,21.94,55.33,,0.00,,0,0,0,0,,,,0.57,0.71,0.03,0.54,0.78
2024-11-13T01:19:23Z,"0002cc0100000edc","36545ec11bf93f1f0815fc8d23000000000000000000f7eef4f16faaedfc77976f9e",2,3.94,,8,21.98,55.13,,0.00,,0,0,0,0,,,0.24,0.47,-0.19,0.24,-0.31,-0.50
2024-11-13T01:25:19Z,"0002cc0100000edc","36545ec27fd93f1f0816048d3e000000000000fee24d577eb777886ef5",2,3.94,,8,22.01,55.17,,,,0,0,0,0,,,,0.22,0.47,0.84,0.01,-0.86
2024-11-13T01:31:15Z,"0002cc0100000edc","36545ec3e3f93f170816048cbf000000000000000000dd367c3f778c757475eee410",2,3.94,,8,22.01,54.98,,0.00,,0,0,0,0,,,-0.06,0.37,0.34,0.47,0.53,-0.04
2024-11-13T01:37:12Z,"0002cc0100000edc","36545ec548d93f1f08160a8e540000000000006ed77c65ef0cf53175b6",2,3.94,,8,22.04,55.60,,,,0,0,0,0,,,,0.36,-0.32,-0.22,0.55,0.21
2024-11-13T01:43:08Z,"0002cc0100000edc","36545ec6acf93f1f0815fc8c86000000000000000000f550ffc1ff5bfffffdcc5e25",2,3.94,,8,21.98,54.89,,0.00,,0,0,0,0,,,0.05,-0.72,-1.00,-0.92,-0.97,-0.33
2024-11-13T01:49:04Z,"0002cc0100000edc","36545ec810f93f170815e78d02000000000000000000e7caf7a7ff76feeffdf3",2,3.94,,8,21.90,55.08,,0.00,,0,0,0,0,,,,-0.74,-0.87,-0.93,-0.48,-0.12
2024-11-13T01:55:00Z,"0002cc0100000edc","36545ec974d93f1f0815df8da4000000000000ffffffffffffffffff31",2,3.94,,8,21.87,55.33,,,,0,0,0,0,,,,-0.90,-1.00,-1.00,-1.00,-1.00
2024-11-13T02:00:56Z,"0002cc0100000edc","36545ecad8f93f170815e78db8000000000000000000ffffffffffffffffe6f5ec40",2,3.94,,8,21.90,55.36,,0.00,,0,0,0,0,,,-0.13,-0.11,-1.00,-1.00,-1.00,-1.00
2024-11-13T02:06:52Z,"0002cc0100000edc","36545ecc3cd93f1f0815f18d4600000000000066237453f456fd26f5cd",2,3.94,,8,21.94,55.19,,,,0,0,0,0,,,,-0.36,-0.64,-0.27,0.27,0.10
2024-11-13T02:12:48Z,"0002cc0100000edc","36545ecda0f93f1b0815f58cda4058a7000000000000fcc3ff285f40fccdffffffff",2,3.94,,8,21.96,55.02,,2.69,,0,0,0,0,,,-1.00,-1.00,-0.60,0.06,-0.89,-0.60
2024-11-13T02:18:44Z,"0002cc0100000edc","36545ecf04f93f1f0816008cde410bda000000000000ffffffffffffe51dfd72",2,3.94,,8,22.00,55.03,,4.19,,0,0,0,0,,,,-0.68,-0.08,-1.00,-1.00,-1.00
2024-11-13T02:24:40Z,"0002cc0100000edc","36545ed068f93f170815f98c2d410e37000000000000ffffffffffffffffffff",2,3.94,,8,21.97,54.76,,4.22,,0,0,0,0,,,,-1.00,-1.00,-1.00,-1.00,-1.00
2024-11-13T02:30:36Z,"0002cc0100000edc","36545ed1ccf93f170815fc8bd94110d2000000000000ffffffffffffffffffff",2,3.94,,8,21.98,54.63,,4.26,,0,0,0,0,,,,-1.00,-1.00,-1.00,-1.00,-1.00
2024-11-13T02:36:33Z,"0002cc0100000edc","36545ed331f93f170815f98bcf411220000000000000ffffffffffffffffffffffff",2,3.94,,8,21.97,54.61,,4.28,,0,0,0,0,,,-1.00,-1.00,-1.00,-1.00,-1.00,-1.00
2024-11-13T02:42:29Z,"0002cc0100000edc","36545ed495f93f1f0815f58b8741136d000000000000ffffffffffffffffffff",2,3.94,,8,21.96,54.50,,4.30,,0,0,0,0,,,,-1.00,-1.00,-1.00,-1.00,-1.00
2024-11-13T02:48:25Z,"0002cc0100000edc","36545ed5f9f20205000015f58b2a411647000000000000ffffffffffffffffffff",2,,2.5.0.0,,21.96,54.36,,4.35,,0,0,0,0,,,,-1.00,-1.00,-1.00,-1.00,-1.00
2024-11-13T02:54:21Z,"0002cc0100000edc","36545ed75df93f170815f58ad34117d4000000000000ffffffffffffffffffffffff",2,3.94,,8,21.96,54.23,,4.37,,0,0,0,0,,,-1.00,-1.00,-1.00,-1.00,-1.00,-1.00
2024-11-13T03:00:17Z,"0002cc0100000edc","36545ed8c1f93f1f0815ee8a62411220000000000000ffffffffffffffffffff",2,3.94,,8,21.93,54.06,,4.28,,0,0,0,0,,,,-1.00,-1.00,-1.00,-1.00,-1.00
2024-11-13T03:06:13Z,"0002cc0100000edc","36545eda25f93f1f0815f18a64410f45000000000000ffffffffffffffffffffffff",2,3.94,,8,21.94,54.06,,4.24,,0,0,0,0,,,-1.00,-1.00,-1.00,-1.00,-1.00,-1.00
2024-11-13T03:12:09Z,"0002cc0100000edc","36545edb89f93f130815ea8a88411922000000000000ffffffffffffffffffff",2,3.94,,8,21.91,54.11,,4.39,,0,0,0,0,,,,-1.00,-1.00,-1.00,-1.00,-1.00
2024-11-13T03:18:05Z,"0002cc0100000edc","36545edcedf93f170815ea8abf411a6f000000000000ffffffffffffffffffff",2,3.94,,8,21.91,54.20,,4.41,,0,0,0,0,,,,-1.00,-1.00,-1.00,-1.00,-1.00
2024-11-13T03:24:01Z,"0002cc0100000edc","36545ede51f93f170815e78a6e411a6f000000000000ffffffffffffffffffff",2,3.94,,8,21.90,54.07,,4.41,,0,0,0,0,,,,-1.00,-1.00,-1.00,-1.00,-1.00
2024-11-13T03:29:57Z,"0002cc0100000edc","36545edfb5f93f170815e38a8c410df8000000000000ffffffffffffffffffffffff",2,3.94,,8,21.88,54.12,,4.22,,0,0,0,0,,,-1.00,-1.00,-1.00,-1.00,-1.00,-1.00
2024-11-13T03:35:53Z,"0002cc0100000edc","36545ee119f93f170815ea8b1c411647000000000000ffffffffffffffffffff",2,3.94,,8,21.91,54.34,,4.35,,0,0,0,0,,,,-1.00,-1.00,-1.00,-1.00,-1.00
2024-11-13T03:41:49Z,"0002cc0100000edc","36545ee27df93f170815ee8b1e411647000000000000ffffffffffffffffffff",2,3.94,,8,21.93,54.34,,4.35,,0,0,0,0,,,,-1.00,-1.00,-1.00,-1.00,-1.00
2024-11-13T03:47:45Z,"0002cc0100000edc","36545ee3e1f93f170815f58b9f410f45000000000000ffffffffffffffffffffffff",2,3.94,,8,21.96,54.54,,4.24,,0,0,0,0,,,-1.00,-1.00,-1.00,-1.00,-1.00,-1.00
2024-11-13T03:53:41Z,"0002cc0100000edc","36545ee545f93f130815f98b3a4111e1000000000000ffffffffffffffffffff",2,3.94,,8,21.97,54.39,,4.28,,0,0,0,0,,,,-1.00,-1.00,-1.00,-1.00,-1.00
2024-11-13T03:59:37Z,"0002cc0100000edc","36545ee6a9f93f170815f98b5a411795000000000000ffffffffffffffffffffffff",2,3.94,,8,21.97,54.44,,4.37,,0,0,0,0,,,-1.00,-1.00,-1.00,-1.00,-1.00,-1.00
2024-11-13T04:05:33Z,"0002cc0100000edc","36545ee80df93f070815f98b3a410f06000000000000ffffffffffffffffffff",2,3.94,,8,21.97,54.39,,4.23,,0,0,0,0,,,,-1.00,-1.00,-1.00,-1.00,-1.00
2024-11-13T04:11:29Z,"0002cc0100000edc","36545ee971f93f130815f98b1b4111e1000000000000ffffffffffffffffffff",2,3.94,,8,21.97,54.34,,4.28,,0,0,0,0,,,,-1.00,-1.00,-1.00,-1.00,-1.00
2024-11-13T04:17:25Z,"0002cc0100000edc","36545eead5f93f170815fc8b13410f45000000000000ffffffffffffffffffffffff",2,3.94,,8,21.98,54.33,,4.24,,0,0,0,0,,,-1.00,-1.00,-1.00,-1.00,-1.00,-1.00
2024-11-13T04:23:21Z,"0002cc0100000edc","36545eec39f93f170816008aef410f45000000000000ffffffffffffffffffff",2,3.94,,8,22.00,54.27,,4.24,,0,0,0,0,,,,-1.00,-1.00,-1.00,-1.00,-1.00
2024-11-13T04:29:17Z,"0002cc0100000edc","36545eed9df93f170816008b0d410991000000000000ffffffffffffffffffffffff",2,3.94,,8,22.00,54.32,,4.15,,0,0,0,0,,,-1.00,-1.00,-1.00,-1.00,-1.00,-1.00
2024-11-13T04:35:13Z,"0002cc0100000edc","36545eef01f93f170816078b104114bb000000000000fffffdf6fe73ff72554b",2,3.94,,8,22.03,54.32,,4.32,,0,0,0,0,,,,0.02,-0.93,-0.81,-0.75,-1.00
2024-11-13T04:41:10Z,"0002cc0100000edc","36545ef066f93f0b08160e8b43411a6f000000000000f7ac6f97ece9fff9ff22",2,3.94,,8,22.05,54.40,,4.41,,0,0,0,0,,,,-0.89,-1.00,-0.15,0.24,-0.48
2024-11-13T04:47:06Z,"0002cc0100000edc","36545ef1caf93f130816198ab2411a6f000000000000fc7ce6d5fe94fd68ffffffff",2,3.94,,8,22.09,54.18,,4.41,,0,0,0,0,,,-1.00,-1.00,-0.68,-0.82,-0.11,-0.56
2024-11-13T04:53:02Z,"0002cc0100000edc","36545ef32ef93f170816128a70411bfc000000000000ffffffffffffffffffff",2,3.94,,8,22.07,54.08,,4.44,,0,0,0,0,,,,-1.00,-1.00,-1.00,-1.00,-1.00
2024-11-13T04:58:58Z,"0002cc0100000edc","36545ef492f93f1708161289f9411d49000000000000ffffffffffffffffffff",2,3.94,,8,22.07,53.90,,4.46,,0,0,0,0,,,,-1.00,-1.00,-1.00,-1.00,-1.00
2024-11-13T05:04:54Z,"0002cc0100000edc","36545ef5f6f93f1708161289654114fa000000000000ffffffffffffffffffffffff",2,3.94,,8,22.07,53.67,,4.33,,0,0,0,0,,,-1.00,-1.00,-1.00,-1.00,-1.00,-1.00
2024-11-13T05:10:50Z,"0002cc0100000edc","36545ef75af93f0b08161588f74117d4000000000000ffffffffffffffffffff",2,3.94,,8,22.08,53.50,,4.37,,0,0,0,0,,,,-1.00,-1.00,-1.00,-1.00,-1.00
2024-11-13T05:16:46Z,"0002cc0100000edc","36545ef8bef93f0b08161288a84114fa000000000000ffffffffffffffffffff",2,3.94,,8,22.07,53.38,,4.33,,0,0,0,0,,,,-1.00,-1.00,-1.00,-1.00,-1.00
2024-11-13T05:22:42Z,"0002cc0100000edc","36545efa22f93f0b08161288584114fa000000000000ffffffffffffffffffff",2,3.94,,8,22.07,53.26,,4.33,,0,0,0,0,,,,-1.00,-1.00,-1.00,-1.00,-1.00
2024-11-13T05:28:38Z,"0002cc0100000edc","36545efb86f93f1308160a8876411c7a000000000000ffffffffffffffffffffffff",2,3.94,,8,22.04,53.31,,4.44,,0,0,0,0,,,-1.00,-1.00,-1.00,-1.00,-1.00,-1.00
2024-11-13T05:34:34Z,"0002cc0100000edc","36545efceaf93f1308160a88554113ac000000000000ffffffffffffffffffff",2,3.94,,8,22.04,53.26,,4.31,,0,0,0,0,,,,-1.00,-1.00,-1.00,-1.00,-1.00
2024-11-13T05:40:30Z,"0002cc0100000edc","36545efe4ef93f0708160e88394110d2000000000000ffffffffffffffffffffffff",2,3.94,,8,22.05,53.21,,4.26,,0,0,0,0,,,-1.00,-1.00,-1.00,-1.00,-1.00,-1.00
2024-11-13T05:46:26Z,"0002cc0100000edc","36545effb2f93f0708161588914113ac000000000000ffffffffffffffffffff",2,3.94,,8,22.08,53.35,,4.31,,0,0,0,0,,,,-1.00,-1.00,-1.00,-1.00,-1.00
2024-11-13T05:52:22Z,"0002cc0100000edc","36545f0116f93f0f08161588c74110d2000000000000ffffffffffffffffffff",2,3.94,,8,22.08,53.43,,4.26,,0,0,0,0,,,,-1.00,-1.00,-1.00,-1.00,-1.00
2024-11-13T05:58:18Z,"0002cc0100000edc","36545f027af93f1708161988d24114fa000000000000ffffffffffffffdaffffffff",2,3.94,,8,22.09,53.45,,4.33,,0,0,0,0,,,-1.00,-1.00,-0.98,-1.00,-1.00,-1.00
2024-11-13T06:04:14Z,"0002cc0100000edc","36545f03def93f0f08161988ea411bfc000000000000ffffffffffffffffffff",2,3.94,,8,22.09,53.48,,4.44,,0,0,0,0,,,,-1.00,-1.00,-1.00,-1.00,-1.00
2024-11-13T06:10:10Z,"0002cc0100000edc","36545f0542f93f0f08161988f14114bb000000000000ffffffffffffffffffff",2,3.94,,8,22.09,53.49,,4.32,,0,0,0,0,,,,-1.00,-1.00,-1.00,-1.00,-1.00
2024-11-13T06:16:06Z,"0002cc0100000edc","36545f06a6f93f1708161588c7411ed6000000000000ffffffffffffffffffff",2,3.94,,8,22.08,53.43,,4.48,,0,0,0,0,,,,-1.00,-1.00,-1.00,-1.00,-1.00
2024-11-13T06:22:02Z,"0002cc0100000edc","36545f080af93f0f08161288ee411aae000000000000ffffffffffffffffffffffff",2,3.94,,8,22.07,53.49,,4.42,,0,0,0,0,,,-1.00,-1.00,-1.00,-1.00,-1.00,-1.00
2024-11-13T06:27:58Z,"0002cc0100000edc","36545f096ef93f0f08161988d9411ed6000000000000ffffffffffffffffffff",2,3.94,,8,22.09,53.46,,4.48,,0,0,0,0,,,,-1.00,-1.00,-1.00,-1.00,-1.00
2024-11-13T06:33:54Z,"0002cc0100000edc","36545f0ad2f93f0f08161288b7411220000000000000ffffffffffffffffffffffff",2,3.94,,8,22.07,53.41,,4.28,,0,0,0,0,,,-1.00,-1.00,-1.00,-1.00,-1.00,-1.00
2024-11-13T06:39:50Z,"0002cc0100000edc","36545f0c36f93f1708161589ad4114fa000000000000ffffffffffffffffffff",2,3.94,,8,22.08,53.78,,4.33,,0,0,0,0,,,,-1.00,-1.00,-1.00,-1.00,-1.00
2024-11-13T06:45:47Z,"0002cc0100000edc","36545f0d9bf93f0f08161589ec411647000000000000ffffffffffffffffffffffff",2,3.94,,8,22.08,53.88,,4.35,,0,0,0,0,,,-1.00,-1.00,-1.00,-1.00,-1.00,-1.00
2024-11-13T06:51:43Z,"0002cc0100000edc","36545f0efff202050000161589db411647000000000000ffffffffffffffffffff",2,,2.5.0.0,,22.08,53.85,,4.35,,0,0,0,0,,,,-1.00,-1.00,-1.00,-1.00,-1.00
2024-11-13T06:57:39Z,"0002cc0100000edc","36545f1063f93f0f0816198996411aae000000000000ffffffffffffffffffff",2,3.94,,8,22.09,53.75,,4.42,,0,0,0,0,,,,-1.00,-1.00,-1.00,-1.00,-1.00
2024-11-13T07:03:35Z,"0002cc0100000edc","36545f11c7f93f0f08161d89b7411d49000000000000ffffffffffffffffffffffff",2,3.94,,8,22.11,53.80,,4.46,,0,0,0,0,,,-1.00,-1.00,-1.00,-1.00,-1.00,-1.00
2024-11-13T07:09:31Z,"0002cc0100000edc","36545f132bf93f0b0816208989411795000000000000ffffffffffffffffffff",2,3.94,,8,22.12,53.73,,4.37,,0,0,0,0,,,,-1.00,-1.00,-1.00,-1.00,-1.00
2024-11-13T07:15:27Z,"0002cc0100000edc","36545f148ff93f0f0816248924411bfc000000000000fc1c7487fdc974aae7e0ffff",2,3.94,,8,22.14,53.57,,4.44,,0,0,0,0,,,-1.00,-0.12,0.29,-0.72,0.28,-0.51
2024-11-13T07:21:23Z,"0002cc0100000edc","36545f15f3f93f0b08163289234120a1000000000000fffff6c06e6ed550e411",2,3.94,,8,22.19,53.57,,4.51,,0,0,0,0,,,,-0.06,-0.02,0.20,-0.42,-1.00
2024-11-13T07:27:19Z,"0002cc0100000edc","36545f1757f93f0f081635887f4134860000000000007df3f76bf721ef46ffff75e7",2,3.94,,8,22.21,53.32,,4.82,,0,0,0,0,,,0.37,-1.00,-0.23,-0.45,-0.46,0.74
2024-11-13T07:33:15Z,"0002cc0100000edc","36545f18bbf93f0b08163288854136e200000000000076a47ce577edfdfb74fd",2,3.94,,8,22.19,53.33,,4.86,,0,0,0,0,,,,0.31,-0.75,0.50,0.61,0.42
2024-11-13T07:39:11Z,"0002cc0100000edc","36545f1a1ff93f0f08162f8806412e930000000000007cae6fd2ffffffffffff",2,3.94,,8,22.18,53.13,,4.73,,0,0,0,0,,,,-1.00,-1.00,-1.00,0.24,0.58
2024-11-13T07:45:08Z,"0002cc0100000edc","36545f1b84f93efe08162b87f44128de000000000000ffffffffffffffffffffffff",2,3.94,,8,22.17,53.11,,4.64,,0,0,0,0,,,-1.00,-1.00,-1.00,-1.00,-1.00,-1.00
2024-11-13T07:51:04Z,"0002cc0100000edc","36545f1ce8f93f0b08162087c14128de000000000000ffffffffffffffffffff",2,3.94,,8,22.12,53.03,,4.64,,0,0,0,0,,,,-1.00,-1.00,-1.00,-1.00,-1.00
2024-11-13T07:57:00Z,"0002cc0100000edc","36545f1e4cf93f0f08161987fd412e93000000000000ffffffffffffffffffff",2,3.94,,8,22.09,53.12,,4.73,,0,0,0,0,,,,-1.00,-1.00,-1.00,-1.00,-1.00
2024-11-13T08:02:56Z,"0002cc0100000edc","36545f1fb0f93f0b08161587f441316d000000000000ffffffffffffffffffff",2,3.94,,8,22.08,53.11,,4.77,,0,0,0,0,,,,-1.00,-1.00,-1.00,-1.00,-1.00
2024-11-13T08:08:52Z,"0002cc0100000edc","36545f2114f93f0b081612881b412bb8000000000000ffffffffffffffffffff",2,3.94,,8,22.07,53.17,,4.68,,0,0,0,0,,,,-1.00,-1.00,-1.00,-1.00,-1.00
2024-11-13T08:14:48Z,"0002cc0100000edc","36545f2278f93f0b081612884941316d000000000000ffffffffffffffffffff",2,3.94,,8,22.07,53.24,,4.77,,0,0,0,0,,,,-1.00,-1.00,-1.00,-1.00,-1.00
2024-11-13T08:20:44Z,"0002cc0100000edc","36545f23dcf93efe08160e887041316d000000000000ffffffffffffffffffffffff",2,3.94,,8,22.05,53.30,,4.77,,0,0,0,0,,,-1.00,-1.00,-1.00,-1.00,-1.00,-1.00
2024-11-13T08:26:40Z,"0002cc0100000edc","36545f2540f93f0f0816128851412aaa000000000000ffffffffffffffffffffffff",2,3.94,,8,22.07,53.25,,4.67,,0,0,0,0,,,-1.00,-1.00,-1.00,-1.00,-1.00,-1.00
2024-11-13T08:32:36Z,"0002cc0100000edc","36545f26a4f93f0b08161288604128de000000000000ffffffffffffffffffff",2,3.94,,8,22.07,53.27,,4.64,,0,0,0,0,,,,-1.00,-1.00,-1.00,-1.00,-1.00
2024-11-13T08:38:32Z,"0002cc0100000edc","36545f2808f93f0b08160e8819412e93000000000000ffffffffffffffffffff",2,3.94,,8,22.05,53.16,,4.73,,0,0,0,0,,,,-1.00,-1.00,-1.00,-1.00,-1.00
2024-11-13T08:44:28Z,"0002cc0100000edc","36545f296cf93f0b08161288224128de000000000000ffffffffffffffffffffffff",2,3.94,,8,22.07,53.18,,4.64,,0,0,0,0,,,-1.00,-1.00,-1.00,-1.00,-1.00,-1.00
2024-11-13T08:50:24Z,"0002cc0100000edc","36545f2ad0f93f0b0816128842412d06000000000000ffffffffffffffffffff",2,3.94,,8,22.07,53.23,,4.70,,0,0,0,0,,,,-1.00,-1.00,-1.00,-1.00,-1.00
2024-11-13T08:56:20Z,"0002cc0100000edc","36545f2c34f93f0b081619883c412d06000000000000ffffffffffffffffffff",2,3.94,,8,22.09,53.22,,4.70,,0,0,0,0,,,,-1.00,-1.00,-1.00,-1.00,-1.00
2024-11-13T09:02:16Z,"0002cc0100000edc","36545f2d98f93f070816158833412d06000000000000ffffffffffffffffffffffff",2,3.94,,8,22.08,53.20,,4.70,,0,0,0,0,,,-1.00,-1.00,-1.00,-1.00,-1.00,-1.00
2024-11-13T09:08:12Z,"0002cc0100000edc","36545f2efcf93f0f08161987a0412d06000000000000ffffffffffffffffffff",2,3.94,,8,22.09,52.98,,4.70,,0,0,0,0,,,,-1.00,-1.00,-1.00,-1.00,-1.00
2024-11-13T09:14:08Z,"0002cc0100000edc","36545f3060f93f0708161587fb4128de000000000000ffffffffffffffffffff",2,3.94,,8,22.08,53.12,,4.64,,0,0,0,0,,,,-1.00,-1.00,-1.00,-1.00,-1.00
2024-11-13T09:20:04Z,"0002cc0100000edc","36545f31c4f93f0b08161287854128de000000000000ffffffffffffffffffff",2,3.94,,8,22.07,52.94,,4.64,,0,0,0,0,,,,-1.00,-1.00,-1.00,-1.00,-1.00
2024-11-13T09:26:00Z,"0002cc0100000edc","36545f3328f93efa08160a875b412e93000000000000ffffffffffffffffffffffff",2,3.94,,8,22.04,52.87,,4.73,,0,0,0,0,,,-1.00,-1.00,-1.00,-1.00,-1.00,-1.00
2024-11-13T09:31:56Z,"0002cc0100000edc","36545f348cf93f0b08160787d74132ba000000000000ffffffffffffffffffff",2,3.94,,8,22.03,53.06,,4.79,,0,0,0,0,,,,-1.00,-1.00,-1.00,-1.00,-1.00
2024-11-13T09:37:52Z,"0002cc0100000edc","36545f35f0f93f0b08160e87da4132ba000000000000ffffffffffffffffffff",2,3.94,,8,22.05,53.07,,4.79,,0,0,0,0,,,,-1.00,-1.00,-1.00,-1.00,-1.00
2024-11-13T09:43:48Z,"0002cc0100000edc","36545f3754f93f0b08160e88014132ba000000000000ffffffffffffffffffffffff",2,3.94,,8,22.05,53.13,,4.79,,0,0,0,0,,,-1.00,-1.00,-1.00,-1.00,-1.00,-1.00
2024-11-13T09:49:44Z,"0002cc0100000edc","36545f38b8f93f0b08160e87d1412d06000000000000ffffffffffffffffffff",2,3.94,,8,22.05,53.05,,4.70,,0,0,0,0,,,,-1.00,-1.00,-1.00,-1.00,-1.00
2024-11-13T09:55:40Z,"0002cc0100000edc","36545f3a1cf93f0b0816078836412d06000000000000ffffffffffffffffffff",2,3.94,,8,22.03,53.21,,4.70,,0,0,0,0,,,,-1.00,-1.00,-1.00,-1.00,-1.00
2024-11-13T10:01:37Z,"0002cc0100000edc","36545f3b81f93f0b08160a87714128de000000000000ffffffffffffffffffffffff",2,3.94,,8,22.04,52.91,,4.64,,0,0,0,0,,,-1.00,-1.00,-1.00,-1.00,-1.00,-1.00
2024-11-13T10:07:32Z,"0002cc0100000edc","36545f3ce4f93f0b081604868c4132ba000000000000ffffffffffffffffffff",2,3.94,,8,22.01,52.56,,4.79,,0,0,0,0,,,,-1.00,-1.00,-1.00,-1.00,-1.00
2024-11-13T10:13:29Z,"0002cc0100000edc","36545f3e49f93f0b08160a87d7412d06000000000000ffffffffffffffffffffffff",2,3.94,,8,22.04,53.06,,4.70,,0,0,0,0,,,-1.00,-1.00,-1.00,-1.00,-1.00,-1.00
2024-11-13T10:19:25Z,"0002cc0100000edc","36545f3fadf93f0b08160e897a412e93000000000000ffffffffffffffffffff",2,3.94,,8,22.05,53.70,,4.73,,0,0,0,0,,,,-1.00,-1.00,-1.00,-1.00,-1.00
2024-11-13T10:25:21Z,"0002cc0100000edc","36545f4111f93f0b0816158aa94132ba000000000000ffffffffffffffffffffffff",2,3.94,,8,22.08,54.16,,4.79,,0,0,0,0,,,-1.00,-1.00,-1.00,-1.00,-1.00,-1.00
2024-11-13T10:31:17Z,"0002cc0100000edc","36545f4275f93f0b0816128a5f4132ba000000000000ffffffffffffffffffff",2,3.94,,8,22.07,54.05,,4.79,,0,0,0,0,,,,-1.00,-1.00,-1.00,-1.00,-1.00
2024-11-13T10:37:13Z,"0002cc0100000edc","36545f43d9f93f0b0816128a02412d06000000000000ffffffffffffffffffff",2,3.94,,8,22.07,53.91,,4.70,,0,0,0,0,,,,-1.00,-1.00,-1.00,-1.00,-1.00
2024-11-13T10:43:09Z,"0002cc0100000edc","36545f453df93f0b0816128984412d06000000000000ffffffffffffffffffff",2,3.94,,8,22.07,53.72,,4.70,,0,0,0,0,,,,-1.00,-1.00,-1.00,-1.00,-1.00
2024-11-13T10:49:05Z,"0002cc0100000edc","36545f46a1f93f0b08160e893c4132ba000000000000ffffffffffffffffffffffff",2,3.94,,8,22.05,53.61,,4.79,,0,0,0,0,,,-1.00,-1.00,-1.00,-1.00,-1.00,-1.00
2024-11-13T10:55:01Z,"0002cc0100000edc","36545f4805f202050000160e88fd412643000000000000ffffffffffffffffffff",2,,2.5.0.0,,22.05,53.51,,4.60,,0,0,0,0,,,,-1.00,-1.00,-1.00,-1.00,-1.00
2024-11-13T11:00:57Z,"0002cc0100000edc","36545f4969f93f0b08161588e14132ba000000000000ffffffffffffffffffff",2,3.94,,8,22.08,53.47,,4.79,,0,0,0,0,,,,-1.00,-1.00,-1.00,-1.00,-1.00
2024-11-13T11:06:53Z,"0002cc0100000edc","36545f4acdf93f07081615881c412d06000000000000ffffffffffffffffffffffff",2,3.94,,8,22.08,53.17,,4.70,,0,0,0,0,,,-1.00,-1.00,-1.00,-1.00,-1.00,-1.00
2024-11-13T11:12:49Z,"0002cc0100000edc","36545f4c31f93f0b081612877c412d06000000000000ffffffffffffffffffff",2,3.94,,8,22.07,52.92,,4.70,,0,0,0,0,,,,-1.00,-1.00,-1.00,-1.00,-1.00
2024-11-13T11:18:45Z,"0002cc0100000edc","36545f4d95f93f0b081612875e412d06000000000000ffffffffffffffffffffffff",2,3.94,,8,22.07,52.88,,4.70,,0,0,0,0,,,-1.00,-1.00,-1.00,-1.00,-1.00,-1.00
2024-11-13T11:24:41Z,"0002cc0100000edc","36545f4ef9f93f0b0816128707412e93000000000000ffffffffffffffffffff",2,3.94,,8,22.07,52.75,,4.73,,0,0,0,0,,,,-1.00,-1.00,-1.00,-1.00,-1.00
2024-11-13T11:30:37Z,"0002cc0100000edc","36545f505df93f0308161586f0412d06000000000000ffffffffffffffffffff",2,3.94,,8,22.08,52.71,,4.70,,0,0,0,0,,,,-1.00,-1.00,-1.00,-1.00,-1.00
2024-11-13T11:36:33Z,"0002cc0100000edc","36545f51c1f93f0b08161286c8412d06000000000000ffffffffffffffffffffffff",2,3.94,,8,22.07,52.65,,4.70,,0,0,0,0,,,-1.00,-1.00,-1.00,-1.00,-1.00,-1.00
2024-11-13T11:42:29Z,"0002cc0100000edc","36545f5325f93f0b0816128699412d06000000000000ffffffffffffffffffff",2,3.94,,8,22.07,52.58,,4.70,,0,0,0,0,,,,-1.00,-1.00,-1.00,-1.00,-1.00
2024-11-13T11:48:25Z,"0002cc0100000edc","36545f5489f93f0308160e868f4132ba000000000000ffffffffffffffffffff",2,3.94,,8,22.05,52.56,,4.79,,0,0,0,0,,,,-1.00,-1.00,-1.00,-1.00,-1.00
2024-11-13T11:54:21Z,"0002cc0100000edc","36545f55edf93f0b08160e86f6412d06000000000000ffffffffffffffffffffffff",2,3.94,,8,22.05,52.72,,4.70,,0,0,0,0,,,-1.00,-1.00,-1.00,-1.00,-1.00,-1.00
2024-11-13T12:00:17Z,"0002cc0100000edc","36545f5751f93efe08161286f84132ba000000000000ffffffffffffffffffff",2,3.94,,8,22.07,52.72,,4.79,,0,0,0,0,,,,-1.00,-1.00,-1.00,-1.00,-1.00
2024-11-13T12:06:13Z,"0002cc0100000edc","36545f58b5f93f0b0816128726412d06000000000000ffffffffffffffffffffffff",2,3.94,,8,22.07,52.79,,4.70,,0,0,0,0,,,-1.00,-1.00,-1.00,-1.00,-1.00,-1.00
2024-11-13T12:12:09Z,"0002cc0100000edc","36545f5a19f93f0b08161287654136e2000000000000ffffffffffffffffffff",2,3.94,,8,22.07,52.89,,4.86,,0,0,0,0,,,,-1.00,-1.00,-1.00,-1.00,-1.00
2024-11-13T12:18:05Z,"0002cc0100000edc","36545f5b7df93f0b08161d87df4132ba000000000000fffffffffffffffff675",2,3.94,,8,22.11,53.08,,4.79,,0,0,0,0,,,,-0.40,-1.00,-1.00,-1.00,-1.00
2024-11-13T12:24:02Z,"0002cc0100000edc","36545f5ce2f93f0b081624882a4136e2000000000000f41e4f977c3aeee065cf",2,3.94,,8,22.14,53.19,,4.86,,0,0,0,0,,,,0.09,-0.21,0.53,0.01,-0.26
2024-11-13T12:29:58Z,"0002cc0100000edc","36545f5e46f93f0308162487f1412d06000000000000ffffffffffffffffffff",2,3.94,,8,22.14,53.10,,4.70,,0,0,0,0,,,,-1.00,-1.00,-1.00,-1.00,-1.00
2024-11-13T12:35:54Z,"0002cc0100000edc","36545f5faaf93f0b08162087f8412d06000000000000ffffffffffffffffffffffff",2,3.94,,8,22.12,53.11,,4.70,,0,0,0,0,,,-1.00,-1.00,-1.00,-1.00,-1.00,-1.00
2024-11-13T12:41:50Z,"0002cc0100000edc","36545f610ef93f0b08161d87ef4132ba000000000000ffffffffffffffffffff",2,3.94,,8,22.11,53.10,,4.79,,0,0,0,0,,,,-1.00,-1.00,-1.00,-1.00,-1.00
2024-11-13T12:47:46Z,"0002cc0100000edc","36545f6272f93f0b08161288584132ba000000000000ffffffffffffffffffff",2,3.94,,8,22.07,53.26,,4.79,,0,0,0,0,,,,-1.00,-1.00,-1.00,-1.00,-1.00
2024-11-13T12:53:42Z,"0002cc0100000edc","36545f63d6f93f0308161d889c405daa000000000000ffffffffffffffffffa3ffff",2,3.94,,8,22.11,53.36,,2.73,,0,0,0,0,,,-1.00,-0.95,-1.00,-1.00,-1.00,-1.00
2024-11-13T12:59:38Z,"0002cc0100000edc","36545f653af93f03081619882540545e000000000000ffffffffffffffffffff",2,3.94,,8,22.09,53.18,,2.66,,0,0,0,0,,,,-1.00,-1.00,-1.00,-1.00,-1.00
2024-11-13T13:05:34Z,"0002cc0100000edc","36545f669ef93efe0816278a88405ea6000000000000ffffffffffffffffffff",2,3.94,,8,22.15,54.11,,2.74,,0,0,0,0,,,,-1.00,-1.00,-1.00,-1.00,-1.00
2024-11-13T13:11:30Z,"0002cc0100000edc","36545f6802f93f0308162f8938405ea6000000000000ffffffffffffffffffffffff",2,3.94,,8,22.18,53.60,,2.74,,0,0,0,0,,,-1.00,-1.00,-1.00,-1.00,-1.00,-1.00
2024-11-13T13:17:26Z,"0002cc0100000edc","36545f6966f93efa0816358734405ea6000000000000ffffffffffffffffffff",2,3.94,,8,22.21,52.81,,2.74,,0,0,0,0,,,,-1.00,-1.00,-1.00,-1.00,-1.00
2024-11-13T13:23:22Z,"0002cc0100000edc","36545f6acaf93efe08162786c8405f23000000000000ffffffffffffffffffffffff",2,3.94,,8,22.15,52.65,,2.74,,0,0,0,0,,,-1.00,-1.00,-1.00,-1.00,-1.00,-1.00
2024-11-13T13:29:18Z,"0002cc0100000edc","36545f6c2ef93f03081624867840596f000000000000ffffffffffffffffffff",2,3.94,,8,22.14,52.53,,2.70,,0,0,0,0,,,,-1.00,-1.00,-1.00,-1.00,-1.00
2024-11-13T13:35:14Z,"0002cc0100000edc","36545f6d92f93f030816248650406773000000000000ffffffffffffffffffffffff",2,3.94,,8,22.14,52.47,,2.81,,0,0,0,0,,,-1.00,-1.00,-1.00,-1.00,-1.00,-1.00
2024-11-13T13:41:10Z,"0002cc0100000edc","36545f6ef6f93f0308160e8641405f23000000000000ffffffffffffffffffff",2,3.94,,8,22.05,52.44,,2.74,,0,0,0,0,,,,-1.00,-1.00,-1.00,-1.00,-1.00
2024-11-13T13:47:06Z,"0002cc0100000edc","36545f705af93efe08160786d44061bf000000000000ffffffffffffffffffffffff",2,3.94,,8,22.03,52.67,,2.76,,0,0,0,0,,,-1.00,-1.00,-1.00,-1.00,-1.00,-1.00
2024-11-13T13:53:02Z,"0002cc0100000edc","36545f71bef93efe08160086e9405f23000000000000ffffffffffffffffffff",2,3.94,,8,22.00,52.70,,2.74,,0,0,0,0,,,,-1.00,-1.00,-1.00,-1.00,-1.00
2024-11-13T13:58:58Z,"0002cc0100000edc","36545f7322f93ef20815f186c34064d8000000000000ffffffffffffffffffffffff",2,3.93,,8,21.94,52.64,,2.79,,0,0,0,0,,,-1.00,-1.00,-1.00,-1.00,-1.00,-1.00
2024-11-13T14:04:54Z,"0002cc0100000edc","36545f7486f93efa0815ee86da4064d8000000000000ffffffffffffffffffff",2,3.94,,8,21.93,52.68,,2.79,,0,0,0,0,,,,-1.00,-1.00,-1.00,-1.00,-1.00
2024-11-13T14:10:51Z,"0002cc0100000edc","36545f75ebf93ef20815dc8729392ed0000000000000ffffffffffffffffffffffff",2,3.93,,8,21.86,52.80,,0.02,,0,0,0,0,,,-1.00,-1.00,-1.00,-1.00,-1.00,-1.00
2024-11-13T14:16:47Z,"0002cc0100000edc","36545f774fd93f030815ce874a000000000000ffffffffffffffffffff",2,3.94,,8,21.80,52.85,,,,0,0,0,0,,,,-1.00,-1.00,-1.00,-1.00,-1.00
2024-11-13T14:22:42Z,"0002cc0100000edc","36545f78b2f93f030815b487a0000000000000000000ffffffffffffffffffff",2,3.94,,8,21.70,52.98,,0.00,,0,0,0,0,,,,-1.00,-1.00,-1.00,-1.00,-1.00
2024-11-13T14:28:39Z,"0002cc0100000edc","36545f7a17f93f030815a988a6000000000000000000ffffffffffffffffffffffff",2,3.94,,8,21.66,53.38,,0.00,,0,0,0,0,,,-1.00,-1.00,-1.00,-1.00,-1.00,-1.00
2024-11-13T14:34:35Z,"0002cc0100000edc","36545f7b7bf93f030815a98ba0000000000000000000ffb87c566d307d067677",2,3.94,,8,21.66,54.54,,0.00,,0,0,0,0,,,,0.40,0.63,0.16,0.54,-0.96
2024-11-13T14:40:31Z,"0002cc0100000edc","36545f7cdff93efe0815a98b31000000000000000000fffffed1f759fc2164ededa8",2,3.94,,8,21.66,54.37,,0.00,,0,0,0,0,,,-0.18,0.08,-0.52,-0.46,-0.85,-1.00
2024-11-13T14:46:27Z,"0002cc0100000edc","36545f7e43f93efe0815a98b1b000000000000000000fe76ff1a6fa7fffffd61",2,3.94,,8,21.66,54.34,,0.00,,0,0,0,0,,,,-0.67,-1.00,0.24,-0.89,-0.81
2024-11-13T14:52:23Z,"0002cc0100000edc","36545f7fa7d93ef60815b08de8000000000000fffff7a1e5a1ff337cac658f",2,3.93,,8,21.69,55.43,,,,0,0,0,0,,,0.09,0.58,-0.90,-0.09,-0.48,-1.00
2024-11-13T14:58:19Z,"0002cc0100000edc","36545f810bf20205000015bc8c3c000000000000000000ec8efe9ffe2dfec3ef78",2,,2.5.0.0,,21.73,54.78,,0.00,,0,0,0,0,,,,-0.23,-0.85,-0.77,-0.83,-0.14
2024-11-13T15:04:15Z,"0002cc0100000edc","36545f826ff93efa0815d48fdd000000000000000000ffff772dff41d617ef29",2,3.94,,8,21.83,56.20,,0.00,,0,0,0,0,,,,-0.22,-0.02,-0.91,0.45,-1.00
2024-11-13T15:10:12Z,"0002cc0100000edc","36545f83d4f93efa0815e38dcd00000000000000000066dffee9f6d3fc11eefe",2,3.94,,8,21.88,55.39,,0.00,,0,0,0,0,,,,-0.22,-0.51,-0.43,-0.86,0.11
2024-11-13T15:16:08Z,"0002cc0100000edc","36545f8538d93efa0815f1942e000000000000ec49ff8a6781f4087467",2,3.94,,8,21.94,57.88,,,,0,0,0,0,,,,0.28,-0.25,0.12,-0.94,-0.13
2024-11-13T15:22:04Z,"0002cc0100000edc","36545f869cf93ef60816009037000000000000000000ffbcffbdff51ec3bfc28ff22",2,3.93,,8,22.00,56.33,,0.00,,0,0,0,0,,,-0.89,-0.52,-0.13,-0.91,-0.97,-0.97
2024-11-13T15:28:00Z,"0002cc0100000edc","36545f8800f93ef608160e8fc0000000000000000000ffffffffed106e92edf1",2,3.93,,8,22.05,56.15,,0.00,,0,0,0,0,,,,-0.19,0.21,-0.16,-1.00,-1.00
2024-11-13T15:33:56Z,"0002cc0100000edc","36545f8964f93efa0816128d92000000000000000000ffb1f782ffffff02ffffffca",2,3.94,,8,22.07,55.30,,0.00,,0,0,0,0,,,-0.97,-1.00,-0.88,-1.00,-0.47,-0.96
2024-11-13T15:39:52Z,"0002cc0100000edc","36545f8ac8f93efa0816208ce4000000000000000000e4dafdb5ffffd4a1de6c",2,3.94,,8,22.12,55.04,,0.00,,0,0,0,0,,,,-0.05,-0.02,-1.00,-0.71,-0.08
2024-11-13T15:45:49Z,"0002cc0100000edc","36545f8c2dd93efa08162b8f2d000000000000fe85ff4effffffff751e7655",2,3.94,,8,22.17,55.93,,,,0,0,0,0,,,0.40,0.32,-1.00,-1.00,-0.91,-0.81
2024-11-13T15:51:45Z,"0002cc0100000edc","36545f8d91f93efa0816208a7d000000000000000000f53c66f9f450fcadfdff",2,3.94,,8,22.12,54.10,,0.00,,0,0,0,0,,,,-0.75,-0.58,-0.27,0.11,-0.33
2024-11-13T15:57:41Z,"0002cc0100000edc","36545f8ef5d93efa0816048a52000000000000fef6fff8fffffffffd3b773f",2,3.94,,8,22.01,54.03,,,,0,0,0,0,,,0.45,-0.65,-1.00,-1.00,-1.00,-0.87
2024-11-13T16:03:37Z,"0002cc0100000edc","36545f9059f93efa0815fc8b24000000000000000000e6c8fffffd1beffe7e8a",2,3.94,,8,21.98,54.35,,0.00,,0,0,0,0,,,,0.82,-0.25,-0.64,-1.00,-0.11
2024-11-13T16:09:33Z,"0002cc0100000edc","36545f91bdf93efa0815ee8ae8000000000000000000761c76f477b8eff9ff5cffff",2,3.94,,8,21.93,54.26,,0.00,,0,0,0,0,,,-1.00,-0.92,-0.25,0.48,0.43,0.38
2024-11-13T16:15:29Z,"0002cc0100000edc","36545f9321f93efa0815df8b4f392ed0000000000000fffffffffeb9fd90fe9aff08",2,3.94,,8,21.87,54.42,,0.02,,0,0,0,0,,,-0.88,-0.83,-0.70,-0.84,-1.00,-1.00
2024-11-13T16:21:26Z,"0002cc0100000edc","36545f9486d93efa0815df8c3b000000000000ffffffff673ffc35ffff",2,3.94,,8,21.87,54.78,,,,0,0,0,0,,,,-1.00,-0.53,0.11,-1.00,-1.00
2024-11-13T16:27:21Z,"0002cc0100000edc","36545f95e9f93ef60815ea8bc1000000000000000000fc0bfe8dffffffffffff",2,3.93,,8,21.91,54.59,,0.00,,0,0,0,0,,,,-1.00,-1.00,-1.00,-0.82,-0.51
2024-11-13T16:33:17Z,"0002cc0100000edc","36545f974df93efa0815e38b7f000000000000000000ffffffffffffffffffff",2,3.94,,8,21.88,54.49,,0.00,,0,0,0,0,,,,-1.00,-1.00,-1.00,-1.00,-1.00
2024-11-13T16:39:14Z,"0002cc0100000edc","36545f98b2f93ef20815d88b9c000000000000000000fffffffffffffffffffffd16",2,3.93,,8,21.84,54.54,,0.00,,0,0,0,0,,,-0.64,-1.00,-1.00,-1.00,-1.00,-1.00
2024-11-13T16:45:10Z,"0002cc0100000edc","36545f9a16f93efa0815d48b93000000000000000000fd6dffffff61ffffffff",2,3.94,,8,21.83,54.52,,0.00,,0,0,0,0,,,,-1.00,-1.00,-0.92,-1.00,-0.68
2024-11-13T16:51:06Z,"0002cc0100000edc","36545f9b7af93efa0815dc8b00000000000000000000ffffffffffffffffffff",2,3.94,,8,21.86,54.30,,0.00,,0,0,0,0,,,,-1.00,-1.00,-1.00,-1.00,-1.00
2024-11-13T16:57:02Z,"0002cc0100000edc","36545f9cdef93efa0815e7899b000000000000000000fffffe09fe0cffffffe275bc",2,3.94,,8,21.90,53.75,,0.00,,0,0,0,0,,,0.36,-0.99,-1.00,-0.76,-0.75,-1.00
2024-11-13T17:02:58Z,"0002cc0100000edc","36545f9e42f93ef20815f58902000000000000000000cd5775b6ffe4fe43ff96",2,3.93,,8,21.96,53.52,,0.00,,0,0,0,0,,,,-0.95,-0.78,-0.99,0.36,-0.01
2024-11-13T17:08:54Z,"0002cc0100000edc","36545f9fa6f93ef20815f988e5000000000000000000e7d1774374ecff78ffffffff",2,3.93,,8,21.97,53.48,,0.00,,0,0,0,0,,,-1.00,-1.00,-0.93,0.31,0.45,-0.12
2024-11-13T17:14:50Z,"0002cc0100000edc","36545fa10af93efa0815f988d5392ed0000000000000fed0ef24ffffffffffc0",2,3.94,,8,21.97,53.45,,0.02,,0,0,0,0,,,,-0.97,-1.00,-1.00,-0.22,-0.85
2024-11-13T17:20:47Z,"0002cc0100000edc","36545fa26fd93efa0816008b9c000000000000f45165c86c69645afc00",2,3.94,,8,22.00,54.54,,,,0,0,0,0,,,,-0.50,0.07,0.14,0.09,-0.27
2024-11-13T17:26:43Z,"0002cc0100000edc","36545fa3d3f93efa0815e38bb7000000000000000000eeb1ff87fffffd5dfe6cffa3",2,3.94,,8,21.88,54.58,,0.00,,0,0,0,0,,,-0.95,-0.80,-0.67,-1.00,-0.94,-0.21
2024-11-13T17:32:39Z,"0002cc0100000edc","36545fa537f93ef60815e78d4a000000000000000000fe09777067676dc8efa3",2,3.93,,8,21.90,55.19,,0.00,,0,0,0,0,,,,-0.24,0.18,0.12,0.46,-0.75
2024-11-13T17:38:35Z,"0002cc0100000edc","36545fa69bf93efa0815ce8ce9000000000000000000ff9fff36feadfec0ff8f7645",2,3.94,,8,21.80,55.04,,0.00,,0,0,0,0,,,0.39,-0.94,-0.84,-0.83,-0.90,-0.95
2024-11-13T17:44:31Z,"0002cc0100000edc","36545fa7fff93efa0815ce8e420000000000000000006c4c7daeec1b6e116ef9",2,3.94,,8,21.80,55.57,,0.00,,0,0,0,0,,,,0.22,0.19,-0.13,0.71,0.13
2024-11-13T17:50:27Z,"0002cc0100000edc","36545fa963f93ef20815c68d44000000000000000000ffd5ffffff56ffeaffffdcff",2,3.93,,8,21.77,55.18,,0.00,,0,0,0,0,,,-0.04,-1.00,-0.99,-0.92,-1.00,-0.98
2024-11-13T17:56:24Z,"0002cc0100000edc","36545faac8f93efa0815d88cce000000000000000000fd70fd81fdf7fd0dfff2",2,3.94,,8,21.84,55.00,,0.00,,0,0,0,0,,,,-0.99,-0.63,-0.75,-0.69,-0.68
2024-11-13T18:02:20Z,"0002cc0100000edc","36545fac2cf93ee60815f1908f000000000000000000feffffaaffffe44a5d6bffb8",2,3.93,,8,21.94,56.47,,0.00,,0,0,0,0,,,-0.96,0.04,-0.07,-1.00,-0.96,-0.87
2024-11-13T18:08:16Z,"0002cc0100000edc","36545fad90d93eee0816078c8a000000000000fe59f6be6e06fe4bfea0",2,3.93,,8,22.03,54.90,,,,0,0,0,0,,,,-0.83,-0.79,0.19,-0.42,-0.79
2024-11-13T18:14:12Z,"0002cc0100000edc","36545faef4f93efa0816128681000000000000000000ee5b75dc640efe9cffff",2,3.94,,8,22.07,52.54,,0.00,,0,0,0,0,,,,-1.00,-0.83,0.06,0.37,-0.20
2024-11-13T18:20:08Z,"0002cc0100000edc","36545fb058d93ef2081607886d000000000000fffffd187ea57d076f1ffeef",2,3.93,,8,22.03,53.29,,,,0,0,0,0,,,-0.87,0.22,0.63,0.83,-0.64,-1.00
2024-11-13T18:26:04Z,"0002cc0100000edc","36545fb1bcf93ef608160789510000000000000000007ce8742eef2afd057464",2,3.93,,8,22.03,53.64,,0.00,,0,0,0,0,,,,0.27,-0.63,-0.22,0.26,0.61
2024-11-13T18:32:00Z,"0002cc0100000edc","36545fb320f93ef60815f18941000000000000000000ff82f5fefffffe21fdaf",2,3.93,,8,21.94,53.62,,0.00,,0,0,0,0,,,,-0.71,-0.77,-1.00,-0.37,-0.94
2024-11-13T18:37:57Z,"0002cc0100000edc","36545fb485f93ef60815ea8a77398c94000000000000fc24ddda7c527db26c757455",2,3.93,,8,21.91,54.09,,0.02,,0,0,0,0,,,0.27,0.14,0.71,0.54,-0.05,-0.52
2024-11-13T18:43:53Z,"0002cc0100000edc","36545fb5e9f93ef20815d48aad0000000000000000007481fdb6fd08fcc5ffff",2,3.93,,8,21.83,54.17,,0.00,,0,0,0,0,,,,-1.00,-0.60,-0.63,-0.71,0.28
2024-11-13T18:49:49Z,"0002cc0100000edc","36545fb74df93ef60815bc8b22000000000000000000ffffff36ff2afff7f7ae",2,3.93,,8,21.73,54.35,,0.00,,0,0,0,0,,,,-0.48,-1.00,-0.90,-0.90,-1.00
2024-11-13T18:55:45Z,"0002cc0100000edc","36545fb8b1f93ef60815a98b22392ed0000000000000ffffffffffffffffffff",2,3.93,,8,21.66,54.35,,0.02,,0,0,0,0,,,,-1.00,-1.00,-1.00,-1.00,-1.00
2024-11-13T19:01:41Z,"0002cc0100000edc","36545fba15f202050000159a8af4000000000000000000ffffffffffffffffffff",2,,2.5.0.0,,21.60,54.28,,0.00,,0,0,0,0,,,,-1.00,-1.00,-1.00,-1.00,-1.00
2024-11-13T19:07:37Z,"0002cc0100000edc","36545fbb79f93ef60815938b39000000000000000000ffffffffffffffffffff",2,3.93,,8,21.57,54.38,,0.00,,0,0,0,0,,,,-1.00,-1.00,-1.00,-1.00,-1.00
2024-11-13T19:13:33Z,"0002cc0100000edc","36545fbcddd93ef20815888b84000000000000ffffffffffffffffffffffff",2,3.93,,8,21.53,54.50,,,,0,0,0,0,,,-1.00,-1.00,-1.00,-1.00,-1.00,-1.00
2024-11-13T19:19:29Z,"0002cc0100000edc","36545fbe41f93ee60815888b73000000000000000000ffffffffffffffffffffffff",2,3.93,,8,21.53,54.47,,0.00,,0,0,0,0,,,-1.00,-1.00,-1.00,-1.00,-1.00,-1.00
2024-11-13T19:25:25Z,"0002cc0100000edc","36545fbfa5f93ee608158c8b66392ed0000000000000ffffffffffffffffffff",2,3.93,,8,21.54,54.45,,0.02,,0,0,0,0,,,,-1.00,-1.00,-1.00,-1.00,-1.00
2024-11-13T19:31:21Z,"0002cc0100000edc","36545fc109f93ef60815938c54000000000000000000ffffffffffffffffffff",2,3.93,,8,21.57,54.82,,0.00,,0,0,0,0,,,,-1.00,-1.00,-1.00,-1.00,-1.00
2024-11-13T19:37:17Z,"0002cc0100000edc","36545fc26df93ef608159e8d25000000000000000000ffffffffffffffffffffffff",2,3.93,,8,21.61,55.14,,0.00,,0,0,0,0,,,-1.00,-1.00,-1.00,-1.00,-1.00,-1.00
2024-11-13T19:43:13Z,"0002cc0100000edc","36545fc3d1f93ef60815c38cec000000000000000000ffffffffffffffffffff",2,3.93,,8,21.76,55.05,,0.00,,0,0,0,0,,,,-1.00,-1.00,-1.00,-1.00,-1.00
2024-11-13T19:49:09Z,"0002cc0100000edc","36545fc535f93ef60815df8c0c000000000000000000ffffffffffffffffffff",2,3.93,,8,21.87,54.71,,0.00,,0,0,0,0,,,,-1.00,-1.00,-1.00,-1.00,-1.00
2024-11-13T19:55:05Z,"0002cc0100000edc","36545fc699f93ef60816008b9c000000000000000000ffffffffffffffffffffffff",2,3.93,,8,22.00,54.54,,0.00,,0,0,0,0,,,-1.00,-1.00,-1.00,-1.00,-1.00,-1.00
2024-11-13T20:01:01Z,"0002cc0100000edc","36545fc7fdf93eee0816248bf00000000000000000006726ddb7ee65ffffffff",2,3.93,,8,22.14,54.66,,0.00,,0,0,0,0,,,,-1.00,-1.00,-0.20,-0.04,0.11
2024-11-13T20:06:58Z,"0002cc0100000edc","36545fc962f93ef60816328b49000000000000000000fd7aff61ff4efffff58effdc",2,3.93,,8,22.19,54.41,,0.00,,0,0,0,0,,,-0.98,-0.35,-1.00,-0.91,-0.92,-0.68
2024-11-13T20:12:54Z,"0002cc0100000edc","36545fcac6d93ef60816408b48000000000000555474edfddafde9feff",2,3.93,,8,22.25,54.41,,,,0,0,0,0,,,,-0.87,-0.74,-0.73,0.31,0.02
2024-11-13T20:18:50Z,"0002cc0100000edc","36545fcc2af93ef208163d8bb50000000000000000006553e7b1fecbfec9ffff",2,3.93,,8,22.24,54.57,,0.00,,0,0,0,0,,,,-1.00,-0.85,-0.85,-0.12,0.08
2024-11-13T20:24:46Z,"0002cc0100000edc","36545fcd8ef93eee0816578e8b000000000000000000ffff75946c9ff5db7c656488",2,3.93,,8,22.34,55.68,,0.00,,0,0,0,0,,,0.07,0.55,-0.37,0.14,0.35,-1.00
2024-11-13T20:30:43Z,"0002cc0100000edc","36545fcef3d93eee08165e90fd0000000000007489765def41ffe2fde0",2,3.93,,8,22.36,56.64,,,,0,0,0,0,,,,-0.73,-0.99,-0.23,0.40,0.28
2024-11-13T20:36:38Z,"0002cc0100000edc","36545fd056f93eee08163d8c89000000000000000000fdbbff0efffffddefd4d",2,3.93,,8,22.24,54.90,,0.00,,0,0,0,0,,,,-0.66,-0.73,-1.00,-0.88,-0.72
2024-11-13T20:42:35Z,"0002cc0100000edc","36545fd1bbf93ef60816248480000000000000000000fffff5d2fc0dd7bbfdabffff",2,3.93,,8,22.14,51.76,,0.00,,0,0,0,0,,,-1.00,-0.71,-0.03,-0.51,-0.36,-1.00
2024-11-13T20:48:31Z,"0002cc0100000edc","36545fd31ff93eee0816127c1f000000000000000000fc51fdbae662f671ffff",2,3.93,,8,22.07,48.49,,0.00,,0,0,0,0,,,,-1.00,-0.40,-0.10,-0.72,-0.54
2024-11-13T20:54:27Z,"0002cc0100000edc","36545fd483f93eee08160a765d000000000000000000ffffe505fcfaf60b7d117630",2,3.93,,8,22.04,46.24,,0.00,,0,0,0,0,,,0.39,0.63,-0.38,-0.62,-0.08,-1.00
2024-11-13T21:00:23Z,"0002cc0100000edc","36545fd5e7f93eee0815f97304392ed0000000000000769e7cf47d30666dfcd1",2,3.93,,8,21.97,44.93,,0.02,,0,0,0,0,,,,-0.60,0.10,0.65,0.62,0.41
2024-11-13T21:06:19Z,"0002cc0100000edc","36545fd74bf93eee0815ce71e0398c94000000000000fffffd32ffb4fec1ec9e",2,3.93,,8,21.80,44.48,,0.02,,0,0,0,0,,,,-0.14,-0.84,-0.96,-0.65,-1.00
2024-11-13T21:12:15Z,"0002cc0100000edc","36545fd8aff93eee0815bc6f1000000000000000000077e06f04fd8fff44ffff",2,3.93,,8,21.73,43.38,,0.00,,0,0,0,0,,,,-1.00,-0.91,-0.69,0.22,0.49
2024-11-13T21:18:11Z,"0002cc0100000edc","36545fda13f93eee08159a6ea7392ed0000000000000f7d2f4e9ffc8ffffffff",2,3.93,,8,21.60,43.22,,0.02,,0,0,0,0,,,,-1.00,-1.00,-0.97,-0.31,-0.49
2024-11-13T21:24:08Z,"0002cc0100000edc","36545fdb78f93eee08157e6ee3392ed0000000000000ffffff7e640a6692fd24ffff",2,3.93,,8,21.49,43.32,,0.02,,0,0,0,0,,,-1.00,-0.64,0.10,0.06,-0.94,-1.00
2024-11-13T21:30:04Z,"0002cc0100000edc","36545fdcdcf93eea08156c6de8000000000000000000ffffffffffffffffffff",2,3.93,,8,21.42,42.93,,0.00,,0,0,0,0,,,,-1.00,-1.00,-1.00,-1.00,-1.00
2024-11-13T21:36:00Z,"0002cc0100000edc","36545fde40f93eee0815616c1f000000000000000000ffffffffffffffffffffffff",2,3.93,,8,21.38,42.24,,0.00,,0,0,0,0,,,-1.00,-1.00,-1.00,-1.00,-1.00,-1.00
2024-11-13T21:41:56Z,"0002cc0100000edc","36545fdfa4f93eee08155a6aeb000000000000000000ffffffffff67ed87ffff",2,3.93,,8,21.35,41.77,,0.00,,0,0,0,0,,,,-1.00,-0.17,-0.93,-1.00,-1.00
2024-11-13T21:47:52Z,"0002cc0100000edc","36545fe108f93eea0815616b1400000000000000000065a5f535ffffffffff4a",2,3.93,,8,21.38,41.83,,0.00,,0,0,0,0,,,,-0.91,-1.00,-1.00,-0.33,0.09
2024-11-13T21:53:48Z,"0002cc0100000edc","36545fe26cf93ee60815776a3c000000000000000000770f7d9eee53ffdaffc0",2,3.93,,8,21.46,41.50,,0.00,,0,0,0,0,,,,-0.97,-0.98,-0.20,0.70,0.44
2024-11-13T21:59:44Z,"0002cc0100000edc","36545fe3d0f93eee08158f7156398c94000000000000746a7c9dfc1eff3f753d6e18",2,3.93,,8,21.56,44.27,,0.02,,0,0,0,0,,,0.19,0.33,-0.91,-0.51,0.58,0.28
2024-11-13T22:05:40Z,"0002cc0100000edc","36545fe534f93eee08159e69b5392ed0000000000000f625f5f9fea9ffffff1e",2,3.93,,8,21.61,41.29,,0.02,,0,0,0,0,,,,-0.89,-1.00,-0.83,-0.37,-0.38
2024-11-13T22:11:37Z,"0002cc0100000edc","36545fe699f93eee0815a96a5d000000000000000000f43cfdacfe0ffc356ecc",2,3.93,,8,21.66,41.55,,0.00,,0,0,0,0,,,,0.21,-0.53,-0.76,-0.71,-0.26
2024-11-13T22:17:33Z,"0002cc0100000edc","36545fe7fdf93eea0815b868d5000000000000000000763c6fadfe66ff59ffb8",2,3.93,,8,21.72,40.95,,0.00,,0,0,0,0,,,,-0.96,-0.92,-0.80,0.24,0.39
2024-11-13T22:23:29Z,"0002cc0100000edc","36545fe961d93eee0815b46893000000000000fffffffff7846fbbf60effff",2,3.93,,8,21.70,40.85,,,,0,0,0,0,,,-1.00,-0.38,0.24,-0.47,-1.00,-1.00
2024-11-13T22:29:25Z,"0002cc0100000edc","36545feac5f93eee0815ad68b6000000000000000000fecffe60ffffff36fcc1",2,3.93,,8,21.67,40.90,,0.00,,0,0,0,0,,,,-0.59,-0.90,-1.00,-0.80,-0.85
2024-11-13T22:35:21Z,"0002cc0100000edc","36545fec29f93eee0815a968a2000000000000000000ffffffffffffffffffff",2,3.93,,8,21.66,40.87,,0.00,,0,0,0,0,,,,-1.00,-1.00,-1.00,-1.00,-1.00
2024-11-13T22:41:17Z,"0002cc0100000edc","36545fed8df93eea0815a96899392ed0000000000000ffffffffffc0f54afffa",2,3.93,,8,21.66,40.86,,0.02,,0,0,0,0,,,,-1.00,-0.33,-0.97,-1.00,-1.00
2024-11-13T22:47:13Z,"0002cc0100000edc","36545feef1f93eee0815a268e10000000000000000007647f7e6ff60ff8efd20",2,3.93,,8,21.63,40.97,,0.00,,0,0,0,0,,,,-0.64,-0.94,-0.92,-0.49,0.39
2024-11-13T22:53:09Z,"0002cc0100000edc","36545ff055f93eee0815a268ea0000000000000000007cb66e0cffddffffffff",2,3.93,,8,21.63,40.98,,0.00,,0,0,0,0,,,,-1.00,-1.00,-0.98,0.19,0.59
2024-11-13T22:59:06Z,"0002cc0100000edc","36545ff1baf93eee08158c6953000000000000000000fffffffff409fea1fffffedf",2,3.93,,8,21.54,41.14,,0.00,,0,0,0,0,,,-0.86,-1.00,-0.83,-0.25,-1.00,-1.00
2024-11-13T23:05:02Z,"0002cc0100000edc","36545ff31ef202050000157769d7000000000000000000ffffffffffffffffffff",2,,2.5.0.0,,21.46,41.34,,0.00,,0,0,0,0,,,,-1.00,-1.00,-1.00,-1.00,-1.00
2024-11-13T23:10:58Z,"0002cc0100000edc","36545ff482f93eea0815616a48000000000000000000ffffffffffffffffffffffff",2,3.93,,8,21.38,41.52,,0.00,,0,0,0,0,,,-1.00,-1.00,-1.00,-1.00,-1.00,-1.00
2024-11-13T23:16:54Z,"0002cc0100000edc","36545ff5e6f93ef60815566a18392ed0000000000000ffffff5effffffffffffffff",2,3.93,,8,21.33,41.44,,0.02,,0,0,0,0,,,-1.00,-1.00,-1.00,-1.00,-0.92,-1.00
2024-11-13T23:22:50Z,"0002cc0100000edc","36545ff74af93eee0815646b30392ed0000000000000ffffffffffffdfa2f6d8",2,3.93,,8,21.39,41.87,,0.02,,0,0,0,0,,,,-0.43,-0.06,-1.00,-1.00,-1.00
2024-11-13T23:28:46Z,"0002cc0100000edc","36545ff8aef93eee0815736a31000000000000000000ff77ffffffffffffffffffff",2,3.93,,8,21.45,41.48,,0.00,,0,0,0,0,,,-1.00,-1.00,-1.00,-1.00,-1.00,-0.93
2024-11-13T23:34:42Z,"0002cc0100000edc","36545ffa12f93ee60815976b06000000000000000000fe456eef76a47d996429fe3f",2,3.93,,8,21.59,41.81,,0.00,,0,0,0,0,,,-0.78,0.07,0.70,0.42,0.22,-0.78
2024-11-13T23:40:38Z,"0002cc0100000edc","36545ffb76f93eea0815a569f7392ed0000000000000ffffffffff30ff12ffcb",2,3.93,,8,21.64,41.39,,0.02,,0,0,0,0,,,,-0.97,-0.88,-0.90,-1.00,-1.00
2024-11-13T23:46:35Z,"0002cc0100000edc","36545ffcdbd93ee60815b06a9f0000000000006ef5febff72375cae735",2,3.93,,8,21.69,41.65,,,,0,0,0,0,,,,-0.11,0.36,-0.45,-0.84,0.22
2024-11-13T23:52:31Z,"0002cc0100000edc","36545ffe3ff93eee0815c66c58000000000000000000f51bfffffe8237f6ec40",2,3.93,,8,21.77,42.32,,0.00,,0,0,0,0,,,,-0.13,0.00,-0.81,-1.00,-0.32
2024-11-13T23:58:27Z,"0002cc0100000edc","36545fffa3f93eee0815d16ab2000000000000000000ef6dfe06fcc6774ffdc3ee32",2,3.93,,8,21.81,41.68,,0.00,,0,0,0,0,,,-0.19,-0.72,0.46,-0.60,-0.75,-0.23
