Time,DevEUI,Raw,Port,Vbat,Version,BootCount,T,RH,P,Light,CO2,P[0].delta,P[0].total,P[1].delta,P[1].total,Act[7],Act[6],Act[5],Act[4],Act[3],Act[2],Act[1],Act[0]
2024-11-10T00:01:38Z,"0002cc0100000edc","36545aba62f93fcb08156f8f36000000000000000000ffffffe6fd5cec5c7553",2,3.99,,8,21.43,55.94,,0.00,,0,0,0,0,,,,0.33,-0.14,-0.67,-0.99,-1.00
2024-11-10T00:07:34Z,"0002cc0100000edc","36545abbc6f93fc308157390b0000000000000000000fffffffffffffedafdf4fc59",2,3.98,,8,21.45,56.52,,0.00,,0,0,0,0,,,-0.54,-0.74,-0.86,-1.00,-1.00,-1.00
2024-11-10T00:13:30Z,"0002cc0100000edc","36545abd2af93fc308157790c2000000000000000000ff4cffffffffffffffff",2,3.98,,8,21.46,56.55,,0.00,,0,0,0,0,,,,-1.00,-1.00,-1.00,-1.00,-0.91
2024-11-10T00:19:26Z,"0002cc0100000edc","36545abe8ef93fc308157790b9000000000000000000f67bffd5fffffffffd4cf5f7",2,3.98,,8,21.46,56.53,,0.00,,0,0,0,0,,,-0.37,-0.66,-1.00,-1.00,-0.98,-0.41
2024-11-10T00:25:22Z,"0002cc0100000edc","36545abff2f93fc308157e901700000000000000000054d2fc477cb6d4485614",2,3.98,,8,21.49,56.29,,0.00,,0,0,0,0,,,,0.02,-0.02,0.59,-0.53,0.02
2024-11-10T00:31:18Z,"0002cc0100000edc","36545ac156f93fb308157e90d4000000000000000000ffffffffecf5f51efda9",2,3.98,,8,21.49,56.57,,0.00,,0,0,0,0,,,,-0.71,-0.32,-0.15,-1.00,-1.00
2024-11-10T00:37:14Z,"0002cc0100000edc","36545ac2baf93fc308157e9095000000000000000000f5cb7c8df41eff49ffff",2,3.98,,8,21.49,56.48,,0.00,,0,0,0,0,,,,-1.00,-0.91,-0.26,0.57,-0.36
2024-11-10T00:43:11Z,"0002cc0100000edc","36545ac41ff93fb708155d8f9c000000000000000000f6b3fd83ffdbffffffffff9f",2,3.98,,8,21.36,56.10,,0.00,,0,0,0,0,,,-0.95,-1.00,-1.00,-0.98,-0.69,-0.42
2024-11-10T00:49:07Z,"0002cc0100000edc","36545ac583f93fc30815528edb000000000000000000ffeeffd0fffffffffffb",2,3.98,,8,21.32,55.80,,0.00,,0,0,0,0,,,,-1.00,-1.00,-1.00,-0.98,-0.99
2024-11-10T00:55:03Z,"0002cc0100000edc","36545ac6e7f93fc3081541901d000000000000000000ffffffffffffffffffff",2,3.98,,8,21.25,56.30,,0.00,,0,0,0,0,,,,-1.00,-1.00,-1.00,-1.00,-1.00
2024-11-10T01:00:59Z,"0002cc0100000edc","36545ac84bf93fc308153d9194000000000000000000ffffffffffffffffffff",2,3.98,,8,21.23,56.87,,0.00,,0,0,0,0,,,,-1.00,-1.00,-1.00,-1.00,-1.00
2024-11-10T01:06:55Z,"0002cc0100000edc","36545ac9aff93fb70815329037000000000000000000ffffffffffffffffffffffff",2,3.98,,8,21.19,56.33,,0.00,,0,0,0,0,,,-1.00,-1.00,-1.00,-1.00,-1.00,-1.00
2024-11-10T01:12:51Z,"0002cc0100000edc","36545acb13f93fbf0815329028000000000000000000ffffffffffffffffffff",2,3.98,,8,21.19,56.31,,0.00,,0,0,0,0,,,,-1.00,-1.00,-1.00,-1.00,-1.00
2024-11-10T01:18:47Z,"0002cc0100000edc","36545acc77f93fbf0815279080000000000000000000ffffffffffffffffffff",2,3.98,,8,21.15,56.45,,0.00,,0,0,0,0,,,,-1.00,-1.00,-1.00,-1.00,-1.00
2024-11-10T01:24:43Z,"0002cc0100000edc","36545acddbf93fb70815238fbc000000000000000000ffffffffffffffffffffffff",2,3.98,,8,21.14,56.15,,0.00,,0,0,0,0,,,-1.00,-1.00,-1.00,-1.00,-1.00,-1.00
2024-11-10T01:30:39Z,"0002cc0100000edc","36545acf3ff93fc308151f8ebe000000000000000000ffffffffffffffffffff",2,3.98,,8,21.12,55.76,,0.00,,0,0,0,0,,,,-1.00,-1.00,-1.00,-1.00,-1.00
2024-11-10T01:36:35Z,"0002cc0100000edc","36545ad0a3f93fbf08151f8ff9000000000000000000ffffed69f4256d5ffcd1ffff",2,3.98,,8,21.12,56.24,,0.00,,0,0,0,0,,,-1.00,-0.60,0.17,-0.26,-0.17,-1.00
2024-11-10T01:42:31Z,"0002cc0100000edc","36545ad207f93fbf0815369200000000000000000000ef5e6ebb75a0ece0ed98",2,3.98,,8,21.21,57.03,,0.00,,0,0,0,0,,,,-0.17,-0.15,0.35,0.21,-0.23
2024-11-10T01:48:28Z,"0002cc0100000edc","36545ad36cf202050000153d8ffc0000000000000000006473edb8ffb2ffffffffffff",2,,2.5.0.0,,21.23,56.24,,0.00,,0,0,0,0,,,-1.00,-1.00,-1.00,-0.96,-0.18,0.07
2024-11-10T01:54:24Z,"0002cc0100000edc","36545ad4d0f93fc308153d90b0000000000000000000fffff6c4fdc0f71b7d86",2,3.98,,8,21.23,56.52,,0.00,,0,0,0,0,,,,0.69,-0.44,-0.72,-0.42,-1.00
2024-11-10T02:00:20Z,"0002cc0100000edc","36545ad634f93fb708155692740000000000000000007db07c4e556bf4c87d827e94",2,3.98,,8,21.33,57.21,,0.00,,0,0,0,0,,,0.82,0.69,-0.30,0.02,0.54,0.71
2024-11-10T02:06:16Z,"0002cc0100000edc","36545ad798f93fbb08155291180000000000000000007e617c6cffffdf57772a",2,3.98,,8,21.32,56.68,,0.00,,0,0,0,0,,,,0.45,-0.06,-1.00,0.55,0.80
2024-11-10T02:12:12Z,"0002cc0100000edc","36545ad8fcf93fbf08155290da3fbbcc000000000000fc45fda3fc427735f6f8",2,3.98,,8,21.32,56.58,,1.73,,0,0,0,0,,,,-0.44,0.45,-0.53,-0.70,-0.53
2024-11-10T02:18:08Z,"0002cc0100000edc","36545ada60f93fc30815419158402f30000000000000fd1ffddeff2cff88ffffffbf",2,3.98,,8,21.25,56.78,,2.37,,0,0,0,0,,,-0.97,-1.00,-0.94,-0.90,-0.73,-0.64
2024-11-10T02:24:04Z,"0002cc0100000edc","36545adbc4f93fc30815449065403cb6000000000000ffadffacfffaffffffff",2,3.98,,8,21.26,56.40,,2.47,,0,0,0,0,,,,-1.00,-1.00,-1.00,-0.96,-0.96
2024-11-10T02:30:01Z,"0002cc0100000edc","36545add29f93faf0815328eaf403f52000000000000ffffffffffffffffffffffff",2,3.98,,8,21.19,55.74,,2.49,,0,0,0,0,,,-1.00,-1.00,-1.00,-1.00,-1.00,-1.00
2024-11-10T02:35:56Z,"0002cc0100000edc","36545ade8cf93fc30815278f004041ed000000000000ffffffffffffffffffff",2,3.98,,8,21.15,55.86,,2.52,,0,0,0,0,,,,-1.00,-1.00,-1.00,-1.00,-1.00
2024-11-10T02:41:53Z,"0002cc0100000edc","36545adff1f93fc308151f904d4041ed000000000000ffffffffffffffffffffffff",2,3.98,,8,21.12,56.37,,2.52,,0,0,0,0,,,-1.00,-1.00,-1.00,-1.00,-1.00,-1.00
2024-11-10T02:47:49Z,"0002cc0100000edc","36545ae155f93fbb08151191794041ed000000000000ffffffffffafffffffff",2,3.98,,8,21.06,56.83,,2.52,,0,0,0,0,,,,-1.00,-1.00,-0.96,-1.00,-1.00
2024-11-10T02:53:45Z,"0002cc0100000edc","36545ae2b9f93fc30814ff9143404488000000000000ffffffffffffffffffff",2,3.98,,8,20.99,56.74,,2.54,,0,0,0,0,,,,-1.00,-1.00,-1.00,-1.00,-1.00
2024-11-10T02:59:41Z,"0002cc0100000edc","36545ae41df93fbb0814e69007404488000000000000ffffffffffd2ffffffffffff",2,3.98,,8,20.90,56.26,,2.54,,0,0,0,0,,,-1.00,-1.00,-1.00,-0.98,-1.00,-1.00
2024-11-10T03:05:37Z,"0002cc0100000edc","36545ae581f93fbb0814df9062404488000000000000ffffffffffffffffffff",2,3.98,,8,20.87,56.40,,2.54,,0,0,0,0,,,,-1.00,-1.00,-1.00,-1.00,-1.00
2024-11-10T03:11:33Z,"0002cc0100000edc","36545ae6e5f93fc30814d48f6b404488000000000000ffffffffffffffffffff",2,3.98,,8,20.83,56.02,,2.54,,0,0,0,0,,,,-1.00,-1.00,-1.00,-1.00,-1.00
2024-11-10T03:17:29Z,"0002cc0100000edc","36545ae849f93fc30814c28f92404488000000000000ffffffffffffffffffff",2,3.98,,8,20.76,56.08,,2.54,,0,0,0,0,,,,-1.00,-1.00,-1.00,-1.00,-1.00
2024-11-10T03:23:25Z,"0002cc0100000edc","36545ae9adf93fb70814c28ff0404723000000000000ffffffffffffffffffffffff",2,3.98,,8,20.76,56.23,,2.56,,0,0,0,0,,,-1.00,-1.00,-1.00,-1.00,-1.00,-1.00
2024-11-10T03:29:21Z,"0002cc0100000edc","36545aeb11f93fc30814c69050404723000000000000fffffff3ffffffffffff",2,3.98,,8,20.77,56.37,,2.56,,0,0,0,0,,,,-1.00,-1.00,-1.00,-0.99,-1.00
2024-11-10T03:35:17Z,"0002cc0100000edc","36545aec75f93fb70814c9908f404723000000000000ffffffffffffffffffff",2,3.98,,8,20.78,56.47,,2.56,,0,0,0,0,,,,-1.00,-1.00,-1.00,-1.00,-1.00
2024-11-10T03:41:13Z,"0002cc0100000edc","36545aedd9f93fb30814c99052404723000000000000ffffffffffffffffffff",2,3.98,,8,20.78,56.38,,2.56,,0,0,0,0,,,,-1.00,-1.00,-1.00,-1.00,-1.00
2024-11-10T03:47:09Z,"0002cc0100000edc","36545aef3df93fb70814d190b2404723000000000000ffffffffffffffffffffffff",2,3.98,,8,20.81,56.52,,2.56,,0,0,0,0,,,-1.00,-1.00,-1.00,-1.00,-1.00,-1.00
2024-11-10T03:53:05Z,"0002cc0100000edc","36545af0a1f93fbb0814d1910740416f000000000000ffffffffffffffffffff",2,3.98,,8,20.81,56.65,,2.51,,0,0,0,0,,,,-1.00,-1.00,-1.00,-1.00,-1.00
2024-11-10T03:59:01Z,"0002cc0100000edc","36545af205f93fb70814c99143404723000000000000ffffffffffffffffffffffff",2,3.98,,8,20.78,56.74,,2.56,,0,0,0,0,,,-1.00,-1.00,-1.00,-1.00,-1.00,-1.00
2024-11-10T04:04:57Z,"0002cc0100000edc","36545af369f93fbb0814c6919140416f000000000000ffffffffffffffffffff",2,3.98,,8,20.77,56.86,,2.51,,0,0,0,0,,,,-1.00,-1.00,-1.00,-1.00,-1.00
2024-11-10T04:10:53Z,"0002cc0100000edc","36545af4cdf93fbb0814c291e5403ed4000000000000fffffffffff3ffffffef",2,3.98,,8,20.76,56.99,,2.49,,0,0,0,0,,,,-0.99,-1.00,-0.99,-1.00,-1.00
2024-11-10T04:16:50Z,"0002cc0100000edc","36545af632f93fbb0814cd92ae404a3d000000000000ff516c28fec2ffffe4d9e6dd",2,3.98,,8,20.80,57.30,,2.58,,0,0,0,0,,,-0.11,-0.08,-1.00,-0.84,0.13,-0.91
2024-11-10T04:22:46Z,"0002cc0100000edc","36545af796f93fbb0814d192b7404cd8000000000000fffffe4dff7cffffffff",2,3.98,,8,20.81,57.31,,2.60,,0,0,0,0,,,,-1.00,-1.00,-0.94,-0.79,-1.00
2024-11-10T04:28:42Z,"0002cc0100000edc","36545af8faf93fb70814d1933b4040f1000000000000dd17f531ee6f7edf7d5d5e1b",2,3.98,,8,20.81,57.51,,2.51,,0,0,0,0,,,0.05,0.67,0.86,-0.20,-0.32,-0.04
2024-11-10T04:34:38Z,"0002cc0100000edc","36545afa5ef93fbb0814c992f940506f0000000000007c69ee41ff6dffffffff",2,3.98,,8,20.78,57.41,,2.63,,0,0,0,0,,,,-1.00,-1.00,-0.93,-0.20,0.55
2024-11-10T04:40:34Z,"0002cc0100000edc","36545afbc2f93fbb0814be932c40506f000000000000ffffff57ffffffffffff",2,3.98,,8,20.74,57.49,,2.63,,0,0,0,0,,,,-1.00,-1.00,-1.00,-0.92,-1.00
2024-11-10T04:46:30Z,"0002cc0100000edc","36545afd26f93fbb0814bb930b404d56000000000000ffffffffffeffffffffff7f7",2,3.98,,8,20.73,57.44,,2.60,,0,0,0,0,,,-0.50,-1.00,-1.00,-0.99,-1.00,-1.00
2024-11-10T04:52:26Z,"0002cc0100000edc","36545afe8af93fbb0814b4933740506f000000000000f5d5ff3dffffffffffff",2,3.98,,8,20.70,57.51,,2.63,,0,0,0,0,,,,-1.00,-1.00,-1.00,-0.90,-0.36
2024-11-10T04:58:22Z,"0002cc0100000edc","36545affeef93fb70814b0927a40530a000000000000ffffffffffffffffffff",2,3.98,,8,20.68,57.22,,2.65,,0,0,0,0,,,,-1.00,-1.00,-1.00,-1.00,-1.00
2024-11-10T05:04:19Z,"0002cc0100000edc","36545b0153f93fb70814b0926240530a000000000000ffffffffffffffffffffffff",2,3.98,,8,20.68,57.18,,2.65,,0,0,0,0,,,-1.00,-1.00,-1.00,-1.00,-1.00,-1.00
2024-11-10T05:10:15Z,"0002cc0100000edc","36545b02b7f93fb70814ac928040530a000000000000ffffffffffffffffffff",2,3.98,,8,20.67,57.23,,2.65,,0,0,0,0,,,,-1.00,-1.00,-1.00,-1.00,-1.00
2024-11-10T05:16:11Z,"0002cc0100000edc","36545b041bf93faf0814b0924b40506f000000000000ffffffffffffffffffff",2,3.98,,8,20.68,57.15,,2.63,,0,0,0,0,,,,-1.00,-1.00,-1.00,-1.00,-1.00
2024-11-10T05:22:07Z,"0002cc0100000edc","36545b057ff93faa0814a9921840530a000000000000ffffffffffffffffffffffff",2,3.98,,8,20.66,57.07,,2.65,,0,0,0,0,,,-1.00,-1.00,-1.00,-1.00,-1.00,-1.00
2024-11-10T05:28:03Z,"0002cc0100000edc","36545b06e3f93faa0814ac924240530a000000000000ffffffffffffffffffff",2,3.98,,8,20.67,57.13,,2.65,,0,0,0,0,,,,-1.00,-1.00,-1.00,-1.00,-1.00
2024-11-10T05:33:59Z,"0002cc0100000edc","36545b0847f93fbb0814a9920940530a000000000000ffffffffffffffffffffffff",2,3.98,,8,20.66,57.05,,2.65,,0,0,0,0,,,-1.00,-1.00,-1.00,-1.00,-1.00,-1.00
2024-11-10T05:39:55Z,"0002cc0100000edc","36545b09abf93fbb0814a991f94058bf000000000000ffffffffffffffffffff",2,3.98,,8,20.66,57.02,,2.69,,0,0,0,0,,,,-1.00,-1.00,-1.00,-1.00,-1.00
2024-11-10T05:45:51Z,"0002cc0100000edc","36545b0b0ff93fb30814a9923940506f000000000000ffffffffffffffffffff",2,3.98,,8,20.66,57.12,,2.63,,0,0,0,0,,,,-1.00,-1.00,-1.00,-1.00,-1.00
2024-11-10T05:51:47Z,"0002cc0100000edc","36545b0c73f202050000149e924440530a000000000000ffffffffffffffffffff",2,,2.5.0.0,,20.62,57.14,,2.65,,0,0,0,0,,,,-1.00,-1.00,-1.00,-1.00,-1.00
2024-11-10T05:57:43Z,"0002cc0100000edc","36545b0dd7f93fb70814a6923f404abb000000000000ffffffffffffffffffffffff",2,3.98,,8,20.64,57.13,,2.58,,0,0,0,0,,,-1.00,-1.00,-1.00,-1.00,-1.00,-1.00
2024-11-10T06:03:39Z,"0002cc0100000edc","36545b0f3bf93fb70814a19245404abb000000000000ffffffffffffffffffff",2,3.98,,8,20.63,57.14,,2.58,,0,0,0,0,,,,-1.00,-1.00,-1.00,-1.00,-1.00
2024-11-10T06:09:35Z,"0002cc0100000edc","36545b109ff93fb308149e91e540530a000000000000ffffffffffffffffffffffff",2,3.98,,8,20.62,56.99,,2.65,,0,0,0,0,,,-1.00,-1.00,-1.00,-1.00,-1.00,-1.00
2024-11-10T06:15:31Z,"0002cc0100000edc","36545b1203f93fa60814a191b740506f000000000000ffffffffffffffffffff",2,3.98,,8,20.63,56.92,,2.63,,0,0,0,0,,,,-1.00,-1.00,-1.00,-1.00,-1.00
2024-11-10T06:21:27Z,"0002cc0100000edc","36545b1367f93fb708149a91cd40530a000000000000ffffffffffffffffffffffff",2,3.98,,8,20.60,56.95,,2.65,,0,0,0,0,,,-1.00,-1.00,-1.00,-1.00,-1.00,-1.00
2024-11-10T06:27:23Z,"0002cc0100000edc","36545b14cbf93fb708148f920e40530a000000000000ffffffffffffffffffff",2,3.98,,8,20.56,57.05,,2.65,,0,0,0,0,,,,-1.00,-1.00,-1.00,-1.00,-1.00
2024-11-10T06:33:19Z,"0002cc0100000edc","36545b162ff93fb708149292ea40530a000000000000ffffffffffffffffffffffff",2,3.98,,8,20.57,57.39,,2.65,,0,0,0,0,,,-1.00,-1.00,-1.00,-1.00,-1.00,-1.00
2024-11-10T06:39:15Z,"0002cc0100000edc","36545b1793f93fb708148792fe40530a000000000000ffffffffffffffffffff",2,3.98,,8,20.53,57.42,,2.65,,0,0,0,0,,,,-1.00,-1.00,-1.00,-1.00,-1.00
2024-11-10T06:45:11Z,"0002cc0100000edc","36545b18f7f93fb3081487934c40530a000000000000ffffffffffffffffffff",2,3.98,,8,20.53,57.54,,2.65,,0,0,0,0,,,,-1.00,-1.00,-1.00,-1.00,-1.00
2024-11-10T06:51:07Z,"0002cc0100000edc","36545b1a5bf93fb308148c932640530a000000000000ffffffffffffffffffffffff",2,3.98,,8,20.54,57.48,,2.65,,0,0,0,0,,,-1.00,-1.00,-1.00,-1.00,-1.00,-1.00
2024-11-10T06:57:03Z,"0002cc0100000edc","36545b1bbff93faa081481932240530a000000000000ffffffffffffffffffff",2,3.98,,8,20.50,57.47,,2.65,,0,0,0,0,,,,-1.00,-1.00,-1.00,-1.00,-1.00
2024-11-10T07:02:59Z,"0002cc0100000edc","36545b1d23f93fb708148792f640506f000000000000ffffffffffffffffffff",2,3.98,,8,20.53,57.41,,2.63,,0,0,0,0,,,,-1.00,-1.00,-1.00,-1.00,-1.00
2024-11-10T07:08:56Z,"0002cc0100000edc","36545b1e88f93fb708148792fe40506f000000000000ffffffffffffffffffffffff",2,3.98,,8,20.53,57.42,,2.63,,0,0,0,0,,,-1.00,-1.00,-1.00,-1.00,-1.00,-1.00
2024-11-10T07:14:52Z,"0002cc0100000edc","36545b1fecf93fb708148f934f405623000000000000fffffe2bffffefe5ffff",2,3.98,,8,20.56,57.54,,2.67,,0,0,0,0,,,,-1.00,-0.25,-1.00,-0.77,-1.00
2024-11-10T07:20:48Z,"0002cc0100000edc","36545b2150f93fa60814929302405623000000000000ffffffffffffffffffffffff",2,3.98,,8,20.57,57.43,,2.67,,0,0,0,0,,,-1.00,-1.00,-1.00,-1.00,-1.00,-1.00
2024-11-10T07:26:44Z,"0002cc0100000edc","36545b22b4f93fb708149a938240506f000000000000ffffffffffffffffffff",2,3.98,,8,20.60,57.62,,2.63,,0,0,0,0,,,,-1.00,-1.00,-1.00,-1.00,-1.00
2024-11-10T07:32:40Z,"0002cc0100000edc","36545b2418f93fb708149e9307405623000000000000ffffffffffffffffffff",2,3.98,,8,20.62,57.43,,2.67,,0,0,0,0,,,,-1.00,-1.00,-1.00,-1.00,-1.00
2024-11-10T07:38:36Z,"0002cc0100000edc","36545b257cf93fb708149e930e405623000000000000ffffffffffffffffffff",2,3.98,,8,20.62,57.44,,2.67,,0,0,0,0,,,,-1.00,-1.00,-1.00,-1.00,-1.00
2024-11-10T07:44:32Z,"0002cc0100000edc","36545b26e0f93faa0814a692fb405623000000000000ffffffffffffffffffff",2,3.98,,8,20.64,57.42,,2.67,,0,0,0,0,,,,-1.00,-1.00,-1.00,-1.00,-1.00
2024-11-10T07:50:28Z,"0002cc0100000edc","36545b2844f93fa20814a9927e40506f000000000000ffffffffffffffffffffffff",2,3.98,,8,20.66,57.22,,2.63,,0,0,0,0,,,-1.00,-1.00,-1.00,-1.00,-1.00,-1.00
2024-11-10T07:56:24Z,"0002cc0100000edc","36545b29a8f93faa0814a1920640506f000000000000ffffffffffffffffffff",2,3.98,,8,20.63,57.04,,2.63,,0,0,0,0,,,,-1.00,-1.00,-1.00,-1.00,-1.00
2024-11-10T08:02:20Z,"0002cc0100000edc","36545b2b0cf93fb70814a69208405623000000000000ffffffffffffffffffff",2,3.98,,8,20.64,57.04,,2.67,,0,0,0,0,,,,-1.00,-1.00,-1.00,-1.00,-1.00
2024-11-10T08:08:16Z,"0002cc0100000edc","36545b2c70f93fa608148f91ee40506f000000000000ffffffffffffffffffffffff",2,3.98,,8,20.56,57.00,,2.63,,0,0,0,0,,,-1.00,-1.00,-1.00,-1.00,-1.00,-1.00
2024-11-10T08:14:12Z,"0002cc0100000edc","36545b2dd4f93fa60814849229405623000000000000ffffffffffffffffffff",2,3.98,,8,20.51,57.09,,2.67,,0,0,0,0,,,,-1.00,-1.00,-1.00,-1.00,-1.00
2024-11-10T08:20:08Z,"0002cc0100000edc","36545b2f38f93fb3081481926540506f000000000000ffffffffffffffffffffffff",2,3.98,,8,20.50,57.19,,2.63,,0,0,0,0,,,-1.00,-1.00,-1.00,-1.00,-1.00,-1.00
2024-11-10T08:26:04Z,"0002cc0100000edc","36545b309cf93fa2081479921540506f000000000000ffffffffffffffffffff",2,3.98,,8,20.47,57.06,,2.63,,0,0,0,0,,,,-1.00,-1.00,-1.00,-1.00,-1.00
2024-11-10T08:32:00Z,"0002cc0100000edc","36545b3200f93fa6081472922940506f000000000000ffffffffffffffffffff",2,3.98,,8,20.44,57.09,,2.63,,0,0,0,0,,,,-1.00,-1.00,-1.00,-1.00,-1.00
2024-11-10T08:37:56Z,"0002cc0100000edc","36545b3364f93faa081476923940506f000000000000ffffffffffffffffffff",2,3.98,,8,20.46,57.12,,2.63,,0,0,0,0,,,,-1.00,-1.00,-1.00,-1.00,-1.00
2024-11-10T08:43:52Z,"0002cc0100000edc","36545b34c8f93fb7081476920b40506f000000000000ffffffffffffffffffff",2,3.98,,8,20.46,57.05,,2.63,,0,0,0,0,,,,-1.00,-1.00,-1.00,-1.00,-1.00
2024-11-10T08:49:48Z,"0002cc0100000edc","36545b362cf93fb7081479922440506f000000000000ffffffffffffffffffffffff",2,3.98,,8,20.47,57.09,,2.63,,0,0,0,0,,,-1.00,-1.00,-1.00,-1.00,-1.00,-1.00
2024-11-10T08:55:44Z,"0002cc0100000edc","36545b3790f93fb7081479928a40506f000000000000ffffffffffffffffffff",2,3.98,,8,20.47,57.24,,2.63,,0,0,0,0,,,,-1.00,-1.00,-1.00,-1.00,-1.00
2024-11-10T09:01:40Z,"0002cc0100000edc","36545b38f4f93faa0814769290405623000000000000ffffffffffffffffffff",2,3.98,,8,20.46,57.25,,2.67,,0,0,0,0,,,,-1.00,-1.00,-1.00,-1.00,-1.00
2024-11-10T09:07:36Z,"0002cc0100000edc","36545b3a58f93fb708147d9263405623000000000000ffffffffffffffffffff",2,3.98,,8,20.49,57.18,,2.67,,0,0,0,0,,,,-1.00,-1.00,-1.00,-1.00,-1.00
2024-11-10T09:13:33Z,"0002cc0100000edc","36545b3bbdf93faa081487925140506f000000000000ffffffffffffffffffffffff",2,3.98,,8,20.53,57.16,,2.63,,0,0,0,0,,,-1.00,-1.00,-1.00,-1.00,-1.00,-1.00
2024-11-10T09:19:29Z,"0002cc0100000edc","36545b3d21f93faf081487927840506f000000000000ffffffffffffffffffff",2,3.98,,8,20.53,57.22,,2.63,,0,0,0,0,,,,-1.00,-1.00,-1.00,-1.00,-1.00
2024-11-10T09:25:25Z,"0002cc0100000edc","36545b3e85f93fb708148c928340506f000000000000ffffffffffffffffffffffff",2,3.98,,8,20.54,57.23,,2.63,,0,0,0,0,,,-1.00,-1.00,-1.00,-1.00,-1.00,-1.00
2024-11-10T09:31:21Z,"0002cc0100000edc","36545b3fe9f93faa08148792a740506f000000000000ffffffffffffffffffff",2,3.98,,8,20.53,57.29,,2.63,,0,0,0,0,,,,-1.00,-1.00,-1.00,-1.00,-1.00
2024-11-10T09:37:17Z,"0002cc0100000edc","36545b414df93fb7081484928040506f000000000000ffffffffffffffffffff",2,3.98,,8,20.51,57.23,,2.63,,0,0,0,0,,,,-1.00,-1.00,-1.00,-1.00,-1.00
2024-11-10T09:43:13Z,"0002cc0100000edc","36545b42b1f93faf0814879278405623000000000000ffffffffffffffffffffffff",2,3.98,,8,20.53,57.22,,2.67,,0,0,0,0,,,-1.00,-1.00,-1.00,-1.00,-1.00,-1.00
2024-11-10T09:49:09Z,"0002cc0100000edc","36545b4415f93fb7081487928940506f000000000000ffffffffffffffffffff",2,3.98,,8,20.53,57.24,,2.63,,0,0,0,0,,,,-1.00,-1.00,-1.00,-1.00,-1.00
2024-11-10T09:55:05Z,"0002cc0100000edc","36545b4579f2020500001484926e40506f000000000000ffffffffffffffffffff",2,,2.5.0.0,,20.51,57.20,,2.63,,0,0,0,0,,,,-1.00,-1.00,-1.00,-1.00,-1.00
2024-11-10T10:01:01Z,"0002cc0100000edc","36545b46ddf93fa2081487929f40506f000000000000ffffff69ed83f5f2ffffffff",2,3.98,,8,20.53,57.27,,2.63,,0,0,0,0,,,-1.00,-1.00,-0.37,-0.17,-0.93,-1.00
2024-11-10T10:06:57Z,"0002cc0100000edc","36545b4841f93faf08148793054056230000000000005dd1f733ffffffffffff",2,3.98,,8,20.53,57.43,,2.67,,0,0,0,0,,,,-1.00,-1.00,-1.00,-0.45,0.05
2024-11-10T10:12:53Z,"0002cc0100000edc","36545b49a5f93faa08148792fe40506f000000000000ff66fd58fc78fff0ffffffff",2,3.98,,8,20.53,57.42,,2.63,,0,0,0,0,,,-1.00,-1.00,-0.99,-0.56,-0.67,-0.92
2024-11-10T10:18:49Z,"0002cc0100000edc","36545b4b09f93faf081487934c405623000000000000ffffffffffffffffffff",2,3.98,,8,20.53,57.54,,2.67,,0,0,0,0,,,,-1.00,-1.00,-1.00,-1.00,-1.00
2024-11-10T10:24:45Z,"0002cc0100000edc","36545b4c6df93faa081487937a40506f000000000000fffffffffed6ffffffff",2,3.98,,8,20.53,57.61,,2.63,,0,0,0,0,,,,-1.00,-1.00,-0.85,-1.00,-1.00
2024-11-10T10:30:42Z,"0002cc0100000edc","36545b4dd2f93faf08148f93c440506f000000000000ffffffffffffffffffffffff",2,3.98,,8,20.56,57.72,,2.63,,0,0,0,0,,,-1.00,-1.00,-1.00,-1.00,-1.00,-1.00
2024-11-10T10:36:38Z,"0002cc0100000edc","36545b4f36f93faa08148c93c240506f000000000000ffffffffffffffffffff",2,3.98,,8,20.54,57.72,,2.63,,0,0,0,0,,,,-1.00,-1.00,-1.00,-1.00,-1.00
2024-11-10T10:42:34Z,"0002cc0100000edc","36545b509af93faa08149293ad40506f000000000000ffffffffffffffffffff",2,3.98,,8,20.57,57.69,,2.63,,0,0,0,0,,,,-1.00,-1.00,-1.00,-1.00,-1.00
2024-11-10T10:48:30Z,"0002cc0100000edc","36545b51fef93faf0814929386405623000000000000ffffffffffffffffffffffff",2,3.98,,8,20.57,57.63,,2.67,,0,0,0,0,,,-1.00,-1.00,-1.00,-1.00,-1.00,-1.00
2024-11-10T10:54:26Z,"0002cc0100000edc","36545b5362f93faa08149793fe4058bf000000000000ffffffffffffffffffff",2,3.98,,8,20.59,57.81,,2.69,,0,0,0,0,,,,-1.00,-1.00,-1.00,-1.00,-1.00
2024-11-10T11:00:22Z,"0002cc0100000edc","36545b54c6f93faf08149e9401405623000000000000ffffffffffffffffffff",2,3.98,,8,20.62,57.81,,2.67,,0,0,0,0,,,,-1.00,-1.00,-1.00,-1.00,-1.00
2024-11-10T11:06:18Z,"0002cc0100000edc","36545b562af93fa20814a99425405623000000000000ffffffffffffffffffffffff",2,3.98,,8,20.66,57.87,,2.67,,0,0,0,0,,,-1.00,-1.00,-1.00,-1.00,-1.00,-1.00
2024-11-10T11:12:14Z,"0002cc0100000edc","36545b578ef93faf0814a993a7405623000000000000ffffffffffffffffffff",2,3.98,,8,20.66,57.68,,2.67,,0,0,0,0,,,,-1.00,-1.00,-1.00,-1.00,-1.00
2024-11-10T11:18:10Z,"0002cc0100000edc","36545b58f2f93faa08149e931640506f000000000000ffffffffffffffffffff",2,3.98,,8,20.62,57.46,,2.63,,0,0,0,0,,,,-1.00,-1.00,-1.00,-1.00,-1.00
2024-11-10T11:24:06Z,"0002cc0100000edc","36545b5a56f93faf08148f932f40506f000000000000ffffffffffffffffffff",2,3.98,,8,20.56,57.49,,2.63,,0,0,0,0,,,,-1.00,-1.00,-1.00,-1.00,-1.00
2024-11-10T11:30:02Z,"0002cc0100000edc","36545b5bbaf93f9e08147d929b405623000000000000ffffffffffffffffffffffff",2,3.98,,8,20.49,57.27,,2.67,,0,0,0,0,,,-1.00,-1.00,-1.00,-1.00,-1.00,-1.00
2024-11-10T11:35:58Z,"0002cc0100000edc","36545b5d1ef93faf081487923940506f000000000000ffffffffffffffffffff",2,3.98,,8,20.53,57.12,,2.63,,0,0,0,0,,,,-1.00,-1.00,-1.00,-1.00,-1.00
2024-11-10T11:41:54Z,"0002cc0100000edc","36545b5e82f93fa608148f925c40506f000000000000ffffffffffffffffffffffff",2,3.98,,8,20.56,57.17,,2.63,,0,0,0,0,,,-1.00,-1.00,-1.00,-1.00,-1.00,-1.00
2024-11-10T11:47:50Z,"0002cc0100000edc","36545b5fe6f93faf081497920940506f000000000000ffffffffffffffffffff",2,3.98,,8,20.59,57.05,,2.63,,0,0,0,0,,,,-1.00,-1.00,-1.00,-1.00,-1.00
2024-11-10T11:53:46Z,"0002cc0100000edc","36545b614af93faa081492920840506f000000000000ffffffffffffffffffff",2,3.98,,8,20.57,57.04,,2.63,,0,0,0,0,,,,-1.00,-1.00,-1.00,-1.00,-1.00
2024-11-10T11:59:42Z,"0002cc0100000edc","36545b62aef93faa08149e91c6405406000000000000ffffffffffffffffffffffff",2,3.98,,8,20.62,56.94,,2.66,,0,0,0,0,,,-1.00,-1.00,-1.00,-1.00,-1.00,-1.00
2024-11-10T12:05:38Z,"0002cc0100000edc","36545b6412f93faa0814a9917c4058bf000000000000ffffffffffffffffffff",2,3.98,,8,20.66,56.83,,2.69,,0,0,0,0,,,,-1.00,-1.00,-1.00,-1.00,-1.00
2024-11-10T12:11:35Z,"0002cc0100000edc","36545b6577f93f9e0814a9919440506f000000000000ffffffffffffffffffffffff",2,3.98,,8,20.66,56.87,,2.63,,0,0,0,0,,,-1.00,-1.00,-1.00,-1.00,-1.00,-1.00
2024-11-10T12:17:31Z,"0002cc0100000edc","36545b66dbf93faf0814a191ee40530a000000000000ffffffffffffffffffff",2,3.98,,8,20.63,57.00,,2.65,,0,0,0,0,,,,-1.00,-1.00,-1.00,-1.00,-1.00
2024-11-10T12:23:27Z,"0002cc0100000edc","36545b683ff93fa608149e920c40506f000000000000ffffffffffffffffffff",2,3.98,,8,20.62,57.05,,2.63,,0,0,0,0,,,,-1.00,-1.00,-1.00,-1.00,-1.00
2024-11-10T12:29:23Z,"0002cc0100000edc","36545b69a3f93f9a0814a9929e405623000000000000ffffffffffffffffffffffff",2,3.97,,8,20.66,57.27,,2.67,,0,0,0,0,,,-1.00,-1.00,-1.00,-1.00,-1.00,-1.00
2024-11-10T12:35:19Z,"0002cc0100000edc","36545b6b07f93faa0814a192ba40506f000000000000ffffffffffffffffffff",2,3.98,,8,20.63,57.32,,2.63,,0,0,0,0,,,,-1.00,-1.00,-1.00,-1.00,-1.00
2024-11-10T12:41:15Z,"0002cc0100000edc","36545b6c6bf93f9a0814a692b440506f000000000000ffffffffffffffffffff",2,3.97,,8,20.64,57.31,,2.63,,0,0,0,0,,,,-1.00,-1.00,-1.00,-1.00,-1.00
2024-11-10T12:47:11Z,"0002cc0100000edc","36545b6dcff93f9e08148f92d840506f000000000000ffffffffffffffffffffffff",2,3.98,,8,20.56,57.36,,2.63,,0,0,0,0,,,-1.00,-1.00,-1.00,-1.00,-1.00,-1.00
2024-11-10T12:53:07Z,"0002cc0100000edc","36545b6f33f93faa08148c92f8405623000000000000ffffffffffffffffffff",2,3.98,,8,20.54,57.41,,2.67,,0,0,0,0,,,,-1.00,-1.00,-1.00,-1.00,-1.00
2024-11-10T12:59:03Z,"0002cc0100000edc","36545b7097f93f9a08149292f3405623000000000000ffffffffffffffffffff",2,3.97,,8,20.57,57.40,,2.67,,0,0,0,0,,,,-1.00,-1.00,-1.00,-1.00,-1.00
2024-11-10T13:04:59Z,"0002cc0100000edc","36545b71fbf93faa081497931340506f000000000000ffffffffffffffffffff",2,3.98,,8,20.59,57.45,,2.63,,0,0,0,0,,,,-1.00,-1.00,-1.00,-1.00,-1.00
2024-11-10T13:10:55Z,"0002cc0100000edc","36545b735ff93faa081497932b40506f000000000000ffffffffffffffffffffffff",2,3.98,,8,20.59,57.49,,2.63,,0,0,0,0,,,-1.00,-1.00,-1.00,-1.00,-1.00,-1.00
2024-11-10T13:16:51Z,"0002cc0100000edc","36545b74c3f93faf08149293c540506f000000000000ffffffffffffffffffff",2,3.98,,8,20.57,57.72,,2.63,,0,0,0,0,,,,-1.00,-1.00,-1.00,-1.00,-1.00
2024-11-10T13:22:47Z,"0002cc0100000edc","36545b7627f93faa08149793e64058bf000000000000ffffffffffffffffffffffff",2,3.98,,8,20.59,57.77,,2.69,,0,0,0,0,,,-1.00,-1.00,-1.00,-1.00,-1.00,-1.00
2024-11-10T13:28:43Z,"0002cc0100000edc","36545b778bf93faa08149a940f4058bf000000000000ffffffffffffffffffff",2,3.98,,8,20.60,57.84,,2.69,,0,0,0,0,,,,-1.00,-1.00,-1.00,-1.00,-1.00
2024-11-10T13:34:39Z,"0002cc0100000edc","36545b78eff93faa0814a693c740506f000000000000f430ffffffffffdaff17",2,3.98,,8,20.64,57.73,,2.63,,0,0,0,0,,,,-0.89,-0.98,-1.00,-1.00,-0.26
2024-11-10T13:40:35Z,"0002cc0100000edc","36545b7a53f93faa0814a993d0405623000000000000ffffffffffffffffffffffff",2,3.98,,8,20.66,57.74,,2.67,,0,0,0,0,,,-1.00,-1.00,-1.00,-1.00,-1.00,-1.00
2024-11-10T13:46:31Z,"0002cc0100000edc","36545b7bb7f93faa0814ac93a140506f000000000000ffffffffffffffffffff",2,3.98,,8,20.67,57.67,,2.63,,0,0,0,0,,,,-1.00,-1.00,-1.00,-1.00,-1.00
2024-11-10T13:52:27Z,"0002cc0100000edc","36545b7d1bf93faa0814ac937340506f000000000000ffffffffffffffffffff",2,3.98,,8,20.67,57.60,,2.63,,0,0,0,0,,,,-1.00,-1.00,-1.00,-1.00,-1.00
2024-11-10T13:58:23Z,"0002cc0100000edc","36545b7e7ff20205000014b093d340506f000000000000fffffffffffffffffe4e",2,,2.5.0.0,,20.68,57.74,,2.63,,0,0,0,0,,,,-0.79,-1.00,-1.00,-1.00,-1.00
2024-11-10T14:04:20Z,"0002cc0100000edc","36545b7fe4f93f9e0814ac94164058bf000000000000fee4fe82ffffffffffff",2,3.98,,8,20.67,57.85,,2.69,,0,0,0,0,,,,-1.00,-1.00,-1.00,-0.81,-0.86
2024-11-10T14:10:16Z,"0002cc0100000edc","36545b8148f93faa0814b09410000000000000000000ffffffffffffffffffff",2,3.98,,8,20.68,57.84,,0.00,,0,0,0,0,,,,-1.00,-1.00,-1.00,-1.00,-1.00
2024-11-10T14:16:12Z,"0002cc0100000edc","36545b82acf93faa0814b49a09000000000000000000ffffee32dd25fee7f581f5de",2,3.98,,8,20.70,60.17,,0.00,,0,0,0,0,,,-0.37,-0.34,-0.86,-0.04,-0.19,-1.00
2024-11-10T14:22:08Z,"0002cc0100000edc","36545b8410f93faa0814b49458000000000000000000e605f621ff74f506ffff",2,3.98,,8,20.70,57.95,,0.00,,0,0,0,0,,,,-1.00,-0.31,-0.93,-0.38,-0.09
2024-11-10T14:28:04Z,"0002cc0100000edc","36545b8574f93faa0814b09439000000000000000000f46efc51fe9afeb1c4c8ff2e",2,3.98,,8,20.68,57.90,,0.00,,0,0,0,0,,,-0.90,-0.00,-0.84,-0.83,-0.54,-0.28
2024-11-10T14:34:00Z,"0002cc0100000edc","36545b86d8f93faa0814ac940f000000000000000000fffffc14ffaaff9fd473",2,3.98,,8,20.67,57.84,,0.00,,0,0,0,0,,,,-0.02,-0.95,-0.96,-0.51,-1.00
2024-11-10T14:39:56Z,"0002cc0100000edc","36545b883cf93faa0814b79434000000000000000000672fe6fbffadedf6ef4b",2,3.98,,8,20.71,57.89,,0.00,,0,0,0,0,,,,-0.23,-0.19,-0.96,-0.11,0.11
2024-11-10T14:45:53Z,"0002cc0100000edc","36545b89a1f93f9e0814a99473000000000000000000ffeeffffffffff89f5855d0e",2,3.98,,8,20.66,57.99,,0.00,,0,0,0,0,,,0.04,-0.34,-0.94,-1.00,-1.00,-0.99
2024-11-10T14:51:49Z,"0002cc0100000edc","36545b8b05f93f9a0814b49497000000000000000000f70afee5fcb3f6a8eea7",2,3.97,,8,20.70,58.04,,0.00,,0,0,0,0,,,,-0.21,-0.42,-0.59,-0.86,-0.44
2024-11-10T14:57:45Z,"0002cc0100000edc","36545b8c69f93f9e0814bb942400000000000000000074b0fe0effadfe17ffff",2,3.98,,8,20.73,57.87,,0.00,,0,0,0,0,,,,-1.00,-0.76,-0.96,-0.76,0.29
2024-11-10T15:03:41Z,"0002cc0100000edc","36545b8dcdf93faa0814c29497000000000000000000ee6dfe63ff93f6bd7e567490",2,3.98,,8,20.76,58.04,,0.00,,0,0,0,0,,,0.29,0.79,-0.42,-0.95,-0.80,-0.20
2024-11-10T15:09:37Z,"0002cc0100000edc","36545b8f31f93f9a0814cd94ba000000000000000000fffffef9fc4c5759e75f",2,3.97,,8,20.80,58.10,,0.00,,0,0,0,0,,,,-0.12,0.03,-0.54,-0.87,-1.00
2024-11-10T15:15:33Z,"0002cc0100000edc","36545b9095f93faa0814d7950e000000000000000000fd8df591ff32fe4effff",2,3.98,,8,20.84,58.23,,0.00,,0,0,0,0,,,,-1.00,-0.79,-0.90,-0.35,-0.69
2024-11-10T15:21:30Z,"0002cc0100000edc","36545b91faf93f920814e6960e000000000000000000fffffd7f75d3fd6366aedf8a",2,3.97,,8,20.90,58.62,,0.00,,0,0,0,0,,,-0.06,0.10,-0.67,0.36,-0.69,-1.00
2024-11-10T15:27:26Z,"0002cc0100000edc","36545b935ef93faa0814f895f8000000000000000000fce9f679f45efd83ffc5",2,3.98,,8,20.97,58.58,,0.00,,0,0,0,0,,,,-0.97,-0.69,-0.27,-0.40,-0.61
2024-11-10T15:33:22Z,"0002cc0100000edc","36545b94c2f93f9e0815039659000000000000000000fcc4fec6fdbff6366ff3",2,3.98,,8,21.01,58.73,,0.00,,0,0,0,0,,,,0.25,-0.39,-0.72,-0.85,-0.60
2024-11-10T15:39:18Z,"0002cc0100000edc","36545b9626f93faa08150395b4000000000000000000fddeff21f628ffd1fe84",2,3.98,,8,21.01,58.48,,0.00,,0,0,0,0,,,,-0.81,-0.98,-0.38,-0.89,-0.73
2024-11-10T15:45:14Z,"0002cc0100000edc","36545b978af93f960814ff95da000000000000000000ffdeff90ffe9540e55aded66",2,3.97,,8,20.99,58.54,,0.00,,0,0,0,0,,,-0.17,0.02,0.02,-0.99,-0.95,-0.98
2024-11-10T15:51:10Z,"0002cc0100000edc","36545b98eef93faa08150d967d0000000000000000006de57438743c6c3dbd1f",2,3.98,,8,21.05,58.79,,0.00,,0,0,0,0,,,,-0.00,0.13,0.26,0.26,0.18
2024-11-10T15:57:06Z,"0002cc0100000edc","36545b9a52f93f9608150a95cf000000000000000000ffddfdeed6d0ffcb4e9b7c42",2,3.97,,8,21.04,58.52,,0.00,,0,0,0,0,,,0.53,0.01,-0.97,-0.03,-0.74,-0.98
2024-11-10T16:03:03Z,"0002cc0100000edc","36545b9bb7f93fa208150a95cf000000000000000000d6a7ecc6ffffffffffff",2,3.98,,8,21.04,58.52,,0.00,,0,0,0,0,,,,-1.00,-1.00,-1.00,-0.15,-0.03
2024-11-10T16:08:59Z,"0002cc0100000edc","36545b9d1bf93fa20815079746392ed00000000000006cb8e793d7dbfeb4763a",2,3.98,,8,21.02,59.09,,0.02,,0,0,0,0,,,,0.39,-0.84,-0.03,-0.12,0.15
2024-11-10T16:14:55Z,"0002cc0100000edc","36545b9e7ff93fa208150d9620000000000000000000e790ed1a6d97ff0affff",2,3.98,,8,21.05,58.64,,0.00,,0,0,0,0,,,,-1.00,-0.88,0.17,-0.16,-0.12
2024-11-10T16:20:51Z,"0002cc0100000edc","36545b9fe3f93fa20815079700000000000000000000ffffffffffffff9a6eca",2,3.98,,8,21.02,58.99,,0.00,,0,0,0,0,,,,0.21,-0.95,-1.00,-1.00,-1.00
2024-11-10T16:26:47Z,"0002cc0100000edc","36545ba147f93fa208150796b900000000000000000035d0fc1fed6cde1fffd7",2,3.98,,8,21.02,58.88,,0.00,,0,0,0,0,,,,-0.98,-0.05,-0.17,-0.52,0.00
2024-11-10T16:32:43Z,"0002cc0100000edc","36545ba2abf93fa208150797ac000000000000000000ffffff6744e47c1bf7286fdf",2,3.98,,8,21.02,59.25,,0.00,,0,0,0,0,,,0.25,-0.45,0.51,0.00,-0.93,-1.00
2024-11-10T16:38:39Z,"0002cc0100000edc","36545ba40ff93fa20814fc9760000000000000000000fd9cff08fe85fcc9fd38",2,3.98,,8,20.98,59.13,,0.00,,0,0,0,0,,,,-0.65,-0.60,-0.81,-0.88,-0.70
2024-11-10T16:44:35Z,"0002cc0100000edc","36545ba573f93fa20814fc9824392ed0000000000000ffffffffff764dbb7d59",2,3.98,,8,20.98,59.43,,0.02,,0,0,0,0,,,,0.67,0.01,-0.93,-1.00,-1.00
2024-11-10T16:50:32Z,"0002cc0100000edc","36545ba6d8f93f9608150797bb0000000000000000007d02750f748e7dda7c2d",2,3.97,,8,21.02,59.27,,0.00,,0,0,0,0,,,,0.52,0.73,0.28,0.32,0.63
2024-11-10T16:56:28Z,"0002cc0100000edc","36545ba83cf93fa2081511975b0000000000000000007d327cb577687d6f7629",2,3.98,,8,21.06,59.12,,0.00,,0,0,0,0,,,,0.38,0.68,0.46,0.59,0.65
2024-11-10T17:02:24Z,"0002cc0100000edc","36545ba9a0f93f9208150396d0000000000000000000f6a6fc195ebd75e8fd7affff",2,3.97,,8,21.01,58.91,,0.00,,0,0,0,0,,,-1.00,-0.68,0.37,0.05,-0.51,-0.42
2024-11-10T17:08:20Z,"0002cc0100000edc","36545bab04f93fa20814ff975a000000000000000000fffffffffc25c6b374ab",2,3.98,,8,20.99,59.12,,0.00,,0,0,0,0,,,,0.29,-0.01,-0.52,-1.00,-1.00
2024-11-10T17:14:16Z,"0002cc0100000edc","36545bac68f93fa20814f8976700000000000000000074695ecdd58afc2affde",2,3.98,,8,20.97,59.14,,0.00,,0,0,0,0,,,,-0.98,-0.52,-0.02,0.05,0.28
2024-11-10T17:20:12Z,"0002cc0100000edc","36545badccf93f9a0814ed97b1000000000000000000fffffffffffffe85eef2747c",2,3.97,,8,20.93,59.26,,0.00,,0,0,0,0,,,0.28,-0.22,-0.81,-1.00,-1.00,-1.00
2024-11-10T17:26:08Z,"0002cc0100000edc","36545baf30f93f9a0814e997a6000000000000000000fee5fcfbff69ffc9ffbc",2,3.97,,8,20.91,59.24,,0.00,,0,0,0,0,,,,-0.97,-0.97,-0.93,-0.62,-0.86
2024-11-10T17:32:05Z,"0002cc0100000edc","36545bb095f93f920814ed9782000000000000000000fffff4ec757374e7fe8dfff3",2,3.97,,8,20.93,59.18,,0.00,,0,0,0,0,,,-0.99,-0.82,0.31,0.34,-0.31,-1.00
2024-11-10T17:38:01Z,"0002cc0100000edc","36545bb1f9f93fa20814e997f6000000000000000000ffffffbefe23dd34ffc2",2,3.98,,8,20.91,59.36,,0.00,,0,0,0,0,,,,-0.97,-0.04,-0.77,-0.97,-1.00
2024-11-10T17:43:57Z,"0002cc0100000edc","36545bb35df93f920814e697a5000000000000000000edb4fc6f6c38fc83fd5dfeca",2,3.97,,8,20.90,59.24,,0.00,,0,0,0,0,,,-0.85,-0.67,-0.56,0.13,-0.55,-0.18
2024-11-10T17:49:53Z,"0002cc0100000edc","36545bb4c1f93f9a0814e297d3000000000000000000ffffffc2ffffffffffff",2,3.97,,8,20.88,59.31,,0.00,,0,0,0,0,,,,-1.00,-1.00,-1.00,-0.97,-1.00
2024-11-10T17:55:49Z,"0002cc0100000edc","36545bb625f93f9a0814db9863000000000000000000ffffffffffffffffffff",2,3.97,,8,20.85,59.53,,0.00,,0,0,0,0,,,,-1.00,-1.00,-1.00,-1.00,-1.00
2024-11-10T18:01:45Z,"0002cc0100000edc","36545bb789f20205000014db984d000000000000000000ffffffffffffffffffffffff",2,,2.5.0.0,,20.85,59.49,,0.00,,0,0,0,0,,,-1.00,-1.00,-1.00,-1.00,-1.00,-1.00
2024-11-10T18:07:41Z,"0002cc0100000edc","36545bb8edf93f9a0814d498a2000000000000000000ffffffffffffffffffff",2,3.97,,8,20.83,59.62,,0.00,,0,0,0,0,,,,-1.00,-1.00,-1.00,-1.00,-1.00
2024-11-10T18:13:37Z,"0002cc0100000edc","36545bba51f93f9e0814cd98fe000000000000000000ffffffffffffffffffff",2,3.98,,8,20.80,59.76,,0.00,,0,0,0,0,,,,-1.00,-1.00,-1.00,-1.00,-1.00
2024-11-10T18:19:33Z,"0002cc0100000edc","36545bbbb5f93f960814c99806000000000000000000ffffffffffffffffffffffff",2,3.97,,8,20.78,59.39,,0.00,,0,0,0,0,,,-1.00,-1.00,-1.00,-1.00,-1.00,-1.00
2024-11-10T18:25:29Z,"0002cc0100000edc","36545bbd19f93f920814c695f0000000000000000000ffffffffffffffffffff",2,3.97,,8,20.77,58.57,,0.00,,0,0,0,0,,,,-1.00,-1.00,-1.00,-1.00,-1.00
2024-11-10T18:31:25Z,"0002cc0100000edc","36545bbe7df93f9a0814c2957a000000000000000000ffffffffffffffffffff",2,3.97,,8,20.76,58.39,,0.00,,0,0,0,0,,,,-1.00,-1.00,-1.00,-1.00,-1.00
2024-11-10T18:37:22Z,"0002cc0100000edc","36545bbfe2f93f9e0814c29598000000000000000000ffffffffffffffffffffffff",2,3.98,,8,20.76,58.44,,0.00,,0,0,0,0,,,-1.00,-1.00,-1.00,-1.00,-1.00,-1.00
2024-11-10T18:43:18Z,"0002cc0100000edc","36545bc146f93f9a0814c295c80000000000000000004fdb57dbfd14ffffffff",2,3.97,,8,20.76,58.51,,0.00,,0,0,0,0,,,,-1.00,-1.00,-0.63,0.03,0.02
2024-11-10T18:49:14Z,"0002cc0100000edc","36545bc2aaf93f9a0814d196040000000000000000006f43fd31fd8c7520f668",2,3.97,,8,20.81,58.60,,0.00,,0,0,0,0,,,,-0.40,0.32,-0.69,-0.65,0.23
2024-11-10T18:55:10Z,"0002cc0100000edc","36545bc40ef93f8e0814d795c8000000000000000000fc8eff40fffffffffe64578d",2,3.97,,8,20.84,58.51,,0.00,,0,0,0,0,,,0.03,-0.80,-1.00,-1.00,-0.91,-0.57
2024-11-10T19:01:06Z,"0002cc0100000edc","36545bc572f93f9a0814df95dd000000000000000000fdcef45ffffbffffffff",2,3.97,,8,20.87,58.54,,0.00,,0,0,0,0,,,,-1.00,-1.00,-1.00,-0.27,-0.73
2024-11-10T19:07:02Z,"0002cc0100000edc","36545bc6d6f93f9a0814db95ba000000000000000000ffffffffffff6597d79ef46a",2,3.97,,8,20.85,58.49,,0.00,,0,0,0,0,,,-0.28,-0.03,0.09,-1.00,-1.00,-1.00
2024-11-10T19:12:58Z,"0002cc0100000edc","36545bc83af93f9a0814db95ea000000000000000000fea7ffc4fe73ffeaf61d",2,3.97,,8,20.85,58.56,,0.00,,0,0,0,0,,,,-0.38,-0.99,-0.81,-0.97,-0.83
2024-11-10T19:18:54Z,"0002cc0100000edc","36545bc99ef93f9a0814e9969b000000000000000000fc4374cafeadfc9fed1e",2,3.97,,8,20.91,58.83,,0.00,,0,0,0,0,,,,-0.16,-0.58,-0.83,0.30,-0.53
2024-11-10T19:24:51Z,"0002cc0100000edc","36545bcb03f93f9a0814f196a00000000000000000007c696df1ff04ffff4c22fe1e",2,3.97,,8,20.94,58.84,,0.00,,0,0,0,0,,,-0.76,0.01,-1.00,-0.88,0.19,0.55
2024-11-10T19:30:47Z,"0002cc0100000edc","36545bcc67f93f9a0814f4965b0000000000000000006db5fd3865ca765c7d0b",2,3.97,,8,20.95,58.73,,0.00,,0,0,0,0,,,,0.63,0.40,0.09,-0.65,0.18
2024-11-10T19:36:43Z,"0002cc0100000edc","36545bcdcbf93f960814fc965600000000000000000076a876006e4f7d4e7de277d1",2,3.97,,8,20.98,58.73,,0.00,,0,0,0,0,,,0.49,0.74,0.66,0.20,0.37,0.42
2024-11-10T19:42:39Z,"0002cc0100000edc","36545bcf2ff93f9a0814fc96eb00000000000000000077c0f44cf5e274c9fd93",2,3.97,,8,20.98,58.95,,0.00,,0,0,0,0,,,,-0.70,0.30,-0.37,-0.27,0.48
2024-11-10T19:48:35Z,"0002cc0100000edc","36545bd093f93f960814f1972d000000000000000000fd36fe20fffff46feec7",2,3.97,,8,20.94,59.05,,0.00,,0,0,0,0,,,,-0.21,-0.28,-1.00,-0.77,-0.65
2024-11-10T19:54:31Z,"0002cc0100000edc","36545bd1f7f93f960814f1973d000000000000000000ff2066a0fdf6fe7fe6ad",2,3.97,,8,20.94,59.08,,0.00,,0,0,0,0,,,,-0.10,-0.81,-0.75,0.10,-0.89
2024-11-10T20:00:28Z,"0002cc0100000edc","36545bd35cf93f920814e696f1000000000000000000fe1cfed5fe09fdc6ffff",2,3.97,,8,20.90,58.96,,0.00,,0,0,0,0,,,,-1.00,-0.72,-0.75,-0.85,-0.76
2024-11-10T20:06:24Z,"0002cc0100000edc","36545bd4c0f93f860814db9749000000000000000000fffffc267652fee0f45dff49",2,3.97,,8,20.85,59.10,,0.00,,0,0,0,0,,,-0.91,-0.27,-0.86,0.40,-0.52,-1.00
2024-11-10T20:12:20Z,"0002cc0100000edc","36545bd624f93f920814e297ca000000000000000000f5716cfff5cbe62f765d",2,3.97,,8,20.88,59.29,,0.00,,0,0,0,0,,,,0.40,-0.10,-0.36,0.16,-0.34
2024-11-10T20:18:16Z,"0002cc0100000edc","36545bd788f93f960814e2977c0000000000000000006ce7f6c6fffffffffe76",2,3.97,,8,20.88,59.17,,0.00,,0,0,0,0,,,,-0.81,-1.00,-1.00,-0.42,0.15
2024-11-10T20:24:12Z,"0002cc0100000edc","36545bd8ecf93f8a0814e6976f0000000000000000006f276e67f494fff9ffffff49",2,3.97,,8,20.90,59.15,,0.00,,0,0,0,0,,,-0.91,-1.00,-1.00,-0.29,0.20,0.22
2024-11-10T20:30:08Z,"0002cc0100000edc","36545bda50f93f860814e997d6000000000000000000fffffec2fffffde0fe7c",2,3.97,,8,20.91,59.31,,0.00,,0,0,0,0,,,,-0.81,-0.73,-1.00,-0.84,-1.00
2024-11-10T20:36:04Z,"0002cc0100000edc","36545bdbb4f93f8a0814e99781000000000000000000ffacfe2fffffffffffff",2,3.97,,8,20.91,59.18,,0.00,,0,0,0,0,,,,-1.00,-1.00,-1.00,-0.77,-0.96
2024-11-10T20:42:01Z,"0002cc0100000edc","36545bdd19f93f920814e69776000000000000000000fe52ffffffffffffffffffff",2,3.97,,8,20.90,59.17,,0.00,,0,0,0,0,,,-1.00,-1.00,-1.00,-1.00,-1.00,-0.79
2024-11-10T20:47:57Z,"0002cc0100000edc","36545bde7dd93f920814df96d6000000000000ffffffffffffffffffff",2,3.97,,8,20.87,58.92,,,,0,0,0,0,,,,-1.00,-1.00,-1.00,-1.00,-1.00
2024-11-10T20:53:53Z,"0002cc0100000edc","36545bdfe1f93f960814db968e000000000000000000ffffffffffffffffffffffff",2,3.97,,8,20.85,58.81,,0.00,,0,0,0,0,,,-1.00,-1.00,-1.00,-1.00,-1.00,-1.00
2024-11-10T20:59:49Z,"0002cc0100000edc","36545be145f93f9a0814db965f000000000000000000ffffffffffffffffffff",2,3.97,,8,20.85,58.74,,0.00,,0,0,0,0,,,,-1.00,-1.00,-1.00,-1.00,-1.00
2024-11-10T21:05:45Z,"0002cc0100000edc","36545be2a9f93f960814d19653000000000000000000ffffffffff82ffffffffffff",2,3.97,,8,20.81,58.72,,0.00,,0,0,0,0,,,-1.00,-1.00,-1.00,-0.94,-1.00,-1.00
2024-11-10T21:11:41Z,"0002cc0100000edc","36545be40df93f9a0814cd967f000000000000000000ffffffffffffffffffff",2,3.97,,8,20.80,58.79,,0.00,,0,0,0,0,,,,-1.00,-1.00,-1.00,-1.00,-1.00
2024-11-10T21:17:37Z,"0002cc0100000edc","36545be571f93f9a0814c696ac000000000000000000ffffffffffffffffffff",2,3.97,,8,20.77,58.86,,0.00,,0,0,0,0,,,,-1.00,-1.00,-1.00,-1.00,-1.00
2024-11-10T21:23:33Z,"0002cc0100000edc","36545be6d5f93f860814c6972a000000000000000000fffffffffffffffffffff75b",2,3.97,,8,20.77,59.05,,0.00,,0,0,0,0,,,-0.46,-1.00,-1.00,-1.00,-1.00,-1.00
2024-11-10T21:29:29Z,"0002cc0100000edc","36545be839f93f9a0814c997a8000000000000000000f622fffffe8cffffffff",2,3.97,,8,20.78,59.24,,0.00,,0,0,0,0,,,,-1.00,-1.00,-0.82,-1.00,-0.38
2024-11-10T21:35:25Z,"0002cc0100000edc","36545be99df93f8e0814c99799000000000000000000ffffffffff8fffffff96",2,3.97,,8,20.78,59.22,,0.00,,0,0,0,0,,,,-0.95,-1.00,-0.94,-1.00,-1.00
2024-11-10T21:41:22Z,"0002cc0100000edc","36545beb02f93f8a0814d798c8000000000000000000569bfe76f5faec4beee8f68d",2,3.97,,8,20.84,59.68,,0.00,,0,0,0,0,,,-0.41,-0.22,-0.13,-0.37,-0.81,0.03
2024-11-10T21:47:18Z,"0002cc0100000edc","36545bec66f93f960814ed9806000000000000000000ffff7790773365b97d5c",2,3.97,,8,20.93,59.39,,0.00,,0,0,0,0,,,,0.67,0.09,0.45,0.47,-1.00
2024-11-10T21:53:14Z,"0002cc0100000edc","36545bedcaf93f960814e6978e000000000000000000fffffffffffffda7ffff",2,3.97,,8,20.90,59.20,,0.00,,0,0,0,0,,,,-1.00,-0.71,-1.00,-1.00,-1.00
2024-11-10T21:59:10Z,"0002cc0100000edc","36545bef2ef93f960814e29839392ed0000000000000fffffd0bffacfcebfcc2f7c6",2,3.97,,8,20.88,59.46,,0.02,,0,0,0,0,,,-0.49,-0.59,-0.61,-0.96,-0.63,-1.00
2024-11-10T22:05:06Z,"0002cc0100000edc","36545bf092f20205000014f498300000000000000000007ef7eee5e5076deeee4b",2,,2.5.0.0,,20.95,59.45,,0.00,,0,0,0,0,,,,-0.20,0.19,-0.08,-0.22,0.87
2024-11-10T22:11:02Z,"0002cc0100000edc","36545bf1f6f93f960814ed9769000000000000000000ff2ffce6fc38ffffffff",2,3.97,,8,20.93,59.15,,0.00,,0,0,0,0,,,,-1.00,-1.00,-0.53,-0.61,-0.90
2024-11-10T22:16:58Z,"0002cc0100000edc","36545bf35af93f960814ed9817000000000000000000fffffff6ffffff8f5f87",2,3.97,,8,20.93,59.41,,0.00,,0,0,0,0,,,,0.06,-0.94,-1.00,-1.00,-1.00
2024-11-10T22:22:55Z,"0002cc0100000edc","36545bf4bff93f920814e997c60000000000000000005f11fffffffff533ffffffff",2,3.97,,8,20.91,59.29,,0.00,,0,0,0,0,,,-1.00,-1.00,-0.33,-1.00,-1.00,0.06
2024-11-10T22:28:50Z,"0002cc0100000edc","36545bf622f93f960814e99797000000000000000000ffffffffffffffffffff",2,3.97,,8,20.91,59.22,,0.00,,0,0,0,0,,,,-1.00,-1.00,-1.00,-1.00,-1.00
2024-11-10T22:34:47Z,"0002cc0100000edc","36545bf787d93f960814f497a3000000000000ffffffffffffffffffff",2,3.97,,8,20.95,59.23,,,,0,0,0,0,,,,-1.00,-1.00,-1.00,-1.00,-1.00
2024-11-10T22:40:43Z,"0002cc0100000edc","36545bf8ebf93f8a0814f897d5000000000000000000fffff79bffffffffffffffff",2,3.97,,8,20.97,59.31,,0.00,,0,0,0,0,,,-1.00,-1.00,-1.00,-1.00,-0.48,-1.00
2024-11-10T22:46:39Z,"0002cc0100000edc","36545bfa4ff93f960815079821000000000000000000ff72ff5bffffff00f5e6",2,3.97,,8,21.02,59.43,,0.00,,0,0,0,0,,,,-0.37,-0.88,-1.00,-0.92,-0.93
2024-11-10T22:52:35Z,"0002cc0100000edc","36545bfbb3f93f8608150d97f6000000000000000000f547f6eefdca5cd4fd20",2,3.97,,8,21.05,59.36,,0.00,,0,0,0,0,,,,-0.64,0.04,-0.72,-0.43,-0.33
2024-11-10T22:58:31Z,"0002cc0100000edc","36545bfd17f93f960815239827000000000000000000fedefd2deeaafd32f76a",2,3.97,,8,21.14,59.44,,0.00,,0,0,0,0,,,,-0.46,-0.65,-0.21,-0.65,-0.86
2024-11-10T23:04:27Z,"0002cc0100000edc","36545bfe7bf93f9608153697c9000000000000000000fee0f61556207d53770d",2,3.97,,8,21.21,59.29,,0.00,,0,0,0,0,,,,0.44,0.67,0.02,-0.38,-0.86
2024-11-10T23:10:23Z,"0002cc0100000edc","36545bffdff93f8208153d9766000000000000000000ed84ec5cfe5bfedcfc46fec9",2,3.97,,8,21.23,59.14,,0.00,,0,0,0,0,,,-0.85,-0.53,-0.86,-0.79,-0.14,-0.17
2024-11-10T23:16:20Z,"0002cc0100000edc","36545c0144f93f8e081544976a000000000000000000ffffffffffffff0af78f",2,3.97,,8,21.26,59.15,,0.00,,0,0,0,0,,,,-0.47,-0.88,-1.00,-1.00,-1.00
2024-11-10T23:22:16Z,"0002cc0100000edc","36545c02a8f93f8e0815489782000000000000000000ffcdf6e7de8ff556fe63efe5",2,3.97,,8,21.28,59.18,,0.00,,0,0,0,0,,,-0.25,-0.80,-0.33,-0.05,-0.43,-0.98
2024-11-10T23:28:12Z,"0002cc0100000edc","36545c040cd93f8e0815529731000000000000fcebdf8cf5fcfc337743",2,3.97,,8,21.32,59.06,,,,0,0,0,0,,,,0.45,-0.52,-0.37,-0.06,-0.61
2024-11-10T23:34:08Z,"0002cc0100000edc","36545c0570f93f8e08155a96a7000000000000000000ff84ff92ff5fffffffff",2,3.97,,8,21.35,58.85,,0.00,,0,0,0,0,,,,-1.00,-1.00,-0.92,-0.95,-0.94
2024-11-10T23:40:04Z,"0002cc0100000edc","36545c06d4f93f8208155d96f8000000000000000000ffffdc847cad5f4bde6cfe02",2,3.97,,8,21.36,58.97,,0.00,,0,0,0,0,,,-0.75,-0.05,0.06,0.58,-0.04,-1.00
2024-11-10T23:46:00Z,"0002cc0100000edc","36545c0838f93f8e0815619721000000000000000000fffffe1dfffffe2f744a",2,3.97,,8,21.38,59.04,,0.00,,0,0,0,0,,,,0.27,-0.77,-1.00,-0.76,-1.00
2024-11-10T23:51:56Z,"0002cc0100000edc","36545c099cf93f8e08156196a3000000000000000000fc9bfe85fd7afffffc44feae",2,3.97,,8,21.38,58.84,,0.00,,0,0,0,0,,,-0.83,-0.53,-1.00,-0.68,-0.81,-0.58
2024-11-10T23:57:52Z,"0002cc0100000edc","36545c0b00f93f8e08156196a30000000000000000006dfaff44ff77ffffffff",2,3.97,,8,21.38,58.84,,0.00,,0,0,0,0,,,,-1.00,-1.00,-0.93,-0.91,0.19
