Time,DevEUI,Raw,Port,Vbat,Version,BootCount,T,RH,P,Light,CO2,P[0].delta,P[0].total,P[1].delta,P[1].total,Act[7],Act[6],Act[5],Act[4],Act[3],Act[2],Act[1],Act[0]
2024-11-12T00:00:04Z,"0002cc0100000edc","36545d5d04f93f5908157791cd000000000000000000fdd1fffffd51f681ffff",2,3.96,,8,21.46,56.95,,0.00,,0,0,0,0,,,,-1.00,-0.41,-0.66,-1.00,-0.73
2024-11-12T00:06:00Z,"0002cc0100000edc","36545d5e68f93f5908156c91df000000000000000000fffffd07fffffe37ffff",2,3.96,,8,21.42,56.98,,0.00,,0,0,0,0,,,,-1.00,-0.78,-1.00,-0.63,-1.00
2024-11-12T00:11:56Z,"0002cc0100000edc","36545d5fccf93f5908156c91b1000000000000000000ffffff5b7c54ff01ffffffff",2,3.96,,8,21.42,56.91,,0.00,,0,0,0,0,,,-1.00,-1.00,-0.88,0.54,-0.92,-1.00
2024-11-12T00:17:52Z,"0002cc0100000edc","36545d6130f93f5908156c921e000000000000000000fffffffffca2fc95f7c0",2,3.96,,8,21.42,57.08,,0.00,,0,0,0,0,,,,-0.48,-0.57,-0.58,-1.00,-1.00
2024-11-12T00:23:48Z,"0002cc0100000edc","36545d6294f93f5008156c92260000000000000000006e96feeafdfeed7bffac",2,3.96,,8,21.42,57.09,,0.00,,0,0,0,0,,,,-0.96,-0.17,-0.75,-0.86,0.21
2024-11-12T00:29:44Z,"0002cc0100000edc","36545d63f8f93f5008156c9245392ed0000000000000fffffd90fca7ee8a7e2e6e79",2,3.96,,8,21.42,57.14,,0.02,,0,0,0,0,,,0.20,0.77,-0.20,-0.58,-0.70,-1.00
2024-11-12T00:35:40Z,"0002cc0100000edc","36545d655cf93f5908157e929c000000000000000000fc2e7cd667a176cb5f16",2,3.96,,8,21.49,57.27,,0.00,,0,0,0,0,,,,0.06,0.42,0.12,0.60,-0.52
2024-11-12T00:41:37Z,"0002cc0100000edc","36545d66c1f93f4808157a92720000000000000000006489e63d66da5c467c6ce443",2,3.95,,8,21.48,57.21,,0.00,,0,0,0,0,,,-0.07,0.55,0.03,0.11,-0.10,0.07
2024-11-12T00:47:33Z,"0002cc0100000edc","36545d6825f93f5908157e92ba000000000000000000f6137500df07f5d7ffff",2,3.96,,8,21.49,57.32,,0.00,,0,0,0,0,,,,-1.00,-0.37,-0.05,0.31,-0.38
2024-11-12T00:53:29Z,"0002cc0100000edc","36545d6989f93f5408157792b9000000000000000000fffffffffffff64afdf3fc57",2,3.96,,8,21.46,57.31,,0.00,,0,0,0,0,,,-0.54,-0.74,-0.39,-1.00,-1.00,-1.00
2024-11-12T00:59:25Z,"0002cc0100000edc","36545d6aedf93f480815689301000000000000000000ffffffffffffffffffff",2,3.95,,8,21.41,57.42,,0.00,,0,0,0,0,,,,-1.00,-1.00,-1.00,-1.00,-1.00
2024-11-12T01:05:21Z,"0002cc0100000edc","36545d6c51f93f5008156c9319000000000000000000fc19f5ccffffffffefa6",2,3.96,,8,21.42,57.46,,0.00,,0,0,0,0,,,,-0.24,-1.00,-1.00,-0.36,-0.51
2024-11-12T01:11:17Z,"0002cc0100000edc","36545d6db5f93f590815779365000000000000000000fd03de3be489741e7631",2,3.96,,8,21.46,57.58,,0.00,,0,0,0,0,,,,0.39,0.26,-0.07,-0.05,-0.63
2024-11-12T01:17:13Z,"0002cc0100000edc","36545d6f19f93f4808157a92e9000000000000000000ee5a760e6d93ffcdffffffca",2,3.95,,8,21.48,57.39,,0.00,,0,0,0,0,,,-0.97,-1.00,-0.98,0.17,0.38,-0.20
2024-11-12T01:23:09Z,"0002cc0100000edc","36545d707df93f540815739305000000000000000000f73bfeecff385ecc7dc8",2,3.96,,8,21.45,57.43,,0.00,,0,0,0,0,,,,0.72,0.05,-0.90,-0.87,-0.45
2024-11-12T01:29:06Z,"0002cc0100000edc","36545d71e2f93f5008157392fe0000000000000000007e6a7db4f656eddaf4d1",2,3.96,,8,21.45,57.42,,0.00,,0,0,0,0,,,,-0.30,-0.18,-0.40,0.71,0.80
2024-11-12T01:35:02Z,"0002cc0100000edc","36545d7346d93f5008156f92a5000000000000fd2bffffffffffffffffffff",2,3.96,,8,21.43,57.28,,,,0,0,0,0,,,-1.00,-1.00,-1.00,-1.00,-1.00,-0.65
2024-11-12T01:40:58Z,"0002cc0100000edc","36545d74aaf93f500815689293000000000000000000ffffffffffffffffffff",2,3.96,,8,21.41,57.26,,0.00,,0,0,0,0,,,,-1.00,-1.00,-1.00,-1.00,-1.00
2024-11-12T01:46:54Z,"0002cc0100000edc","36545d760ef93f4808155a9284000000000000000000ffffffffffffffffffffffff",2,3.95,,8,21.35,57.23,,0.00,,0,0,0,0,,,-1.00,-1.00,-1.00,-1.00,-1.00,-1.00
2024-11-12T01:52:50Z,"0002cc0100000edc","36545d7772f93f590815619241000000000000000000ffffffffffffffffffff",2,3.96,,8,21.38,57.13,,0.00,,0,0,0,0,,,,-1.00,-1.00,-1.00,-1.00,-1.00
2024-11-12T01:58:46Z,"0002cc0100000edc","36545d78d6f93f540815569244000000000000000000ffffffffffffffffffff",2,3.96,,8,21.33,57.14,,0.00,,0,0,0,0,,,,-1.00,-1.00,-1.00,-1.00,-1.00
2024-11-12T02:04:42Z,"0002cc0100000edc","36545d7a3af93f500815569244000000000000000000ffffffffffffffffffffffff",2,3.96,,8,21.33,57.14,,0.00,,0,0,0,0,,,-1.00,-1.00,-1.00,-1.00,-1.00,-1.00
2024-11-12T02:10:38Z,"0002cc0100000edc","36545d7b9ef93f5908154f92483f49f2000000000000ffffffffffffffffffff",2,3.96,,8,21.31,57.14,,1.29,,0,0,0,0,,,,-1.00,-1.00,-1.00,-1.00,-1.00
2024-11-12T02:16:34Z,"0002cc0100000edc","36545d7d02f93f5908154c922940d6ca000000000000ffffffffffffffffffff",2,3.96,,8,21.29,57.09,,3.68,,0,0,0,0,,,,-1.00,-1.00,-1.00,-1.00,-1.00
2024-11-12T02:22:30Z,"0002cc0100000edc","36545d7e66f93f54081541922340d965000000000000ffffffffffffffffffff",2,3.96,,8,21.25,57.09,,3.70,,0,0,0,0,,,,-1.00,-1.00,-1.00,-1.00,-1.00
2024-11-12T02:28:26Z,"0002cc0100000edc","36545d7fcaf2020500001536920f40cdfd000000000000ffffffffffffffffffffffff",2,,2.5.0.0,,21.21,57.06,,3.61,,0,0,0,0,,,-1.00,-1.00,-1.00,-1.00,-1.00,-1.00
2024-11-12T02:34:22Z,"0002cc0100000edc","36545d812ef93f48081523920040eca0000000000000ffffffffffffffffffff",2,3.95,,8,21.14,57.03,,3.85,,0,0,0,0,,,,-1.00,-1.00,-1.00,-1.00,-1.00
2024-11-12T02:40:18Z,"0002cc0100000edc","36545d8292f93f5408150d922d40e987000000000000ffffffffffffffffffff",2,3.96,,8,21.05,57.10,,3.82,,0,0,0,0,,,,-1.00,-1.00,-1.00,-1.00,-1.00
2024-11-12T02:46:14Z,"0002cc0100000edc","36545d83f6f93f540814f8926b40ef3b000000000000ffffffffffffffffffff",2,3.96,,8,20.97,57.20,,3.87,,0,0,0,0,,,,-1.00,-1.00,-1.00,-1.00,-1.00
2024-11-12T02:52:10Z,"0002cc0100000edc","36545d855af93f590814e692aa40e987000000000000ffffffffffffffffffffffff",2,3.96,,8,20.90,57.29,,3.82,,0,0,0,0,,,-1.00,-1.00,-1.00,-1.00,-1.00,-1.00
2024-11-12T02:58:06Z,"0002cc0100000edc","36545d86bef93f540814df92e440ec22000000000000ffffffffffffffffffff",2,3.96,,8,20.87,57.38,,3.84,,0,0,0,0,,,,-1.00,-1.00,-1.00,-1.00,-1.00
2024-11-12T03:04:02Z,"0002cc0100000edc","36545d8822f93f500814cd931340f1d6000000000000ffffffffffffffffffff",2,3.96,,8,20.80,57.45,,3.89,,0,0,0,0,,,,-1.00,-1.00,-1.00,-1.00,-1.00
2024-11-12T03:09:59Z,"0002cc0100000edc","36545d8987f93f540814c9935840ec22000000000000ffffffffffffffffffffffff",2,3.96,,8,20.78,57.56,,3.84,,0,0,0,0,,,-1.00,-1.00,-1.00,-1.00,-1.00,-1.00
2024-11-12T03:15:55Z,"0002cc0100000edc","36545d8aebf93f440814b7938f40ec22000000000000ffffffffffffffffffff",2,3.95,,8,20.71,57.64,,3.84,,0,0,0,0,,,,-1.00,-1.00,-1.00,-1.00,-1.00
2024-11-12T03:21:51Z,"0002cc0100000edc","36545d8c4ff93f540814bb939840e66e000000000000ffffffffffffffffffff",2,3.96,,8,20.73,57.65,,3.80,,0,0,0,0,,,,-1.00,-1.00,-1.00,-1.00,-1.00
2024-11-12T03:27:47Z,"0002cc0100000edc","36545d8db3f93f540814b093cb40ec22000000000000ffffffffffffffffffff",2,3.96,,8,20.68,57.73,,3.84,,0,0,0,0,,,,-1.00,-1.00,-1.00,-1.00,-1.00
2024-11-12T03:33:43Z,"0002cc0100000edc","36545d8f17f93f4c0814b7944b40ec22000000000000fffffffffffffd30f6e6fc8f",2,3.96,,8,20.71,57.93,,3.84,,0,0,0,0,,,-0.57,-0.43,-0.65,-1.00,-1.00,-1.00
2024-11-12T03:39:39Z,"0002cc0100000edc","36545d907bf93f540814b7941340eebd000000000000fd98ffffffffffffffff",2,3.96,,8,20.71,57.84,,3.87,,0,0,0,0,,,,-1.00,-1.00,-1.00,-1.00,-0.70
2024-11-12T03:45:35Z,"0002cc0100000edc","36545d91dff93f400814b7940c40e66e000000000000ffffffffffffffffffffffff",2,3.95,,8,20.71,57.83,,3.80,,0,0,0,0,,,-1.00,-1.00,-1.00,-1.00,-1.00,-1.00
2024-11-12T03:51:31Z,"0002cc0100000edc","36545d9343f93f500814b493dc40eebd000000000000ffffffffffffffffffff",2,3.96,,8,20.70,57.76,,3.87,,0,0,0,0,,,,-1.00,-1.00,-1.00,-1.00,-1.00
2024-11-12T03:57:27Z,"0002cc0100000edc","36545d94a7f93f540814bb93e640eebd000000000000ffffffffffffffffffff",2,3.96,,8,20.73,57.77,,3.87,,0,0,0,0,,,,-1.00,-1.00,-1.00,-1.00,-1.00
2024-11-12T04:03:23Z,"0002cc0100000edc","36545d960bf93f4c0814b793fd40eebd000000000000ffffffffffffffffffffffff",2,3.96,,8,20.71,57.81,,3.87,,0,0,0,0,,,-1.00,-1.00,-1.00,-1.00,-1.00,-1.00
2024-11-12T04:09:19Z,"0002cc0100000edc","36545d976ff93f4c0814b7941b40eebd000000000000ffffffffffffffffffff",2,3.96,,8,20.71,57.85,,3.87,,0,0,0,0,,,,-1.00,-1.00,-1.00,-1.00,-1.00
2024-11-12T04:15:15Z,"0002cc0100000edc","36545d98d3f93f400814b0941840eebd000000000000ffffffffffffffffffff",2,3.95,,8,20.68,57.85,,3.87,,0,0,0,0,,,,-1.00,-1.00,-1.00,-1.00,-1.00
2024-11-12T04:21:11Z,"0002cc0100000edc","36545d9a37f93f4c0814a9940d40eebd000000000000ffffffffffffffffffffffff",2,3.96,,8,20.66,57.83,,3.87,,0,0,0,0,,,-1.00,-1.00,-1.00,-1.00,-1.00,-1.00
2024-11-12T04:27:07Z,"0002cc0100000edc","36545d9b9bf93f540814a6940c40e909000000000000ffffffffffffffffffff",2,3.96,,8,20.64,57.83,,3.82,,0,0,0,0,,,,-1.00,-1.00,-1.00,-1.00,-1.00
2024-11-12T04:33:03Z,"0002cc0100000edc","36545d9cfff93f4c0814a6943440eebd000000000000ffffffffffffffffffff",2,3.96,,8,20.64,57.89,,3.87,,0,0,0,0,,,,-1.00,-1.00,-1.00,-1.00,-1.00
2024-11-12T04:38:59Z,"0002cc0100000edc","36545d9e63f93f4c08149a942740e909000000000000ffffffffffffffffffffffff",2,3.96,,8,20.60,57.87,,3.82,,0,0,0,0,,,-1.00,-1.00,-1.00,-1.00,-1.00,-1.00
2024-11-12T04:44:55Z,"0002cc0100000edc","36545d9fc7f93f4c08149a941f40eebd000000000000ffffffffffffffffffff",2,3.96,,8,20.60,57.86,,3.87,,0,0,0,0,,,,-1.00,-1.00,-1.00,-1.00,-1.00
2024-11-12T04:50:51Z,"0002cc0100000edc","36545da12bf93f5408149e944040eebd000000000000ffffffffffffffffffff",2,3.96,,8,20.62,57.91,,3.87,,0,0,0,0,,,,-1.00,-1.00,-1.00,-1.00,-1.00
2024-11-12T04:56:48Z,"0002cc0100000edc","36545da290f93f3c08149a943740e909000000000000ffffffffffffffffffffffff",2,3.95,,8,20.60,57.90,,3.82,,0,0,0,0,,,-1.00,-1.00,-1.00,-1.00,-1.00,-1.00
2024-11-12T05:02:44Z,"0002cc0100000edc","36545da3f4f93f40081497948440eebd000000000000ffffffffffffffffffff",2,3.95,,8,20.59,58.01,,3.87,,0,0,0,0,,,,-1.00,-1.00,-1.00,-1.00,-1.00
2024-11-12T05:08:40Z,"0002cc0100000edc","36545da558f93f48081497948440e909000000000000ffffffffffffffffffff",2,3.95,,8,20.59,58.01,,3.82,,0,0,0,0,,,,-1.00,-1.00,-1.00,-1.00,-1.00
2024-11-12T05:14:36Z,"0002cc0100000edc","36545da6bcf93f4c08149a956840eba4000000000000fffffffff47bf47f74b5fe43",2,3.96,,8,20.60,58.36,,3.84,,0,0,0,0,,,-0.78,0.29,-0.28,-0.28,-1.00,-1.00
2024-11-12T05:20:32Z,"0002cc0100000edc","36545da820f93f4c08149a951140e909000000000000ffffffffffe3ffffffff",2,3.96,,8,20.60,58.23,,3.82,,0,0,0,0,,,,-1.00,-1.00,-0.99,-1.00,-1.00
2024-11-12T05:26:28Z,"0002cc0100000edc","36545da984f93f4c0814a1955c40eebd000000000000ffffffffffffffffffff",2,3.96,,8,20.63,58.34,,3.87,,0,0,0,0,,,,-1.00,-1.00,-1.00,-1.00,-1.00
2024-11-12T05:32:24Z,"0002cc0100000edc","36545daae8f93f4c08149a958740e909000000000000ffffffffffffffffffffffff",2,3.96,,8,20.60,58.41,,3.82,,0,0,0,0,,,-1.00,-1.00,-1.00,-1.00,-1.00,-1.00
2024-11-12T05:38:20Z,"0002cc0100000edc","36545dac4cf93f4008149a959640e909000000000000ffffffffffffffffffff",2,3.95,,8,20.60,58.43,,3.82,,0,0,0,0,,,,-1.00,-1.00,-1.00,-1.00,-1.00
2024-11-12T05:44:16Z,"0002cc0100000edc","36545dadb0f93f40081492952640e909000000000000ffffffffffffffffffffffff",2,3.95,,8,20.57,58.26,,3.82,,0,0,0,0,,,-1.00,-1.00,-1.00,-1.00,-1.00,-1.00
2024-11-12T05:50:12Z,"0002cc0100000edc","36545daf14f93f4808148c94fc40e909000000000000ffffffffffffffffffffffff",2,3.95,,8,20.54,58.20,,3.82,,0,0,0,0,,,-1.00,-1.00,-1.00,-1.00,-1.00,-1.00
2024-11-12T05:56:08Z,"0002cc0100000edc","36545db078f93f40081487952040e909000000000000ffffffffffffffffffff",2,3.95,,8,20.53,58.25,,3.82,,0,0,0,0,,,,-1.00,-1.00,-1.00,-1.00,-1.00
2024-11-12T06:02:04Z,"0002cc0100000edc","36545db1dcf93f4c081484955d40e909000000000000ffffffffffffffffffff",2,3.96,,8,20.51,58.35,,3.82,,0,0,0,0,,,,-1.00,-1.00,-1.00,-1.00,-1.00
2024-11-12T06:08:00Z,"0002cc0100000edc","36545db340f93f4c081484958c40e909000000000000ffffffffffffffffffffffff",2,3.96,,8,20.51,58.42,,3.82,,0,0,0,0,,,-1.00,-1.00,-1.00,-1.00,-1.00,-1.00
2024-11-12T06:13:56Z,"0002cc0100000edc","36545db4a4f93f4c081479952140e909000000000000ffffffffffffffffffff",2,3.96,,8,20.47,58.25,,3.82,,0,0,0,0,,,,-1.00,-1.00,-1.00,-1.00,-1.00
2024-11-12T06:19:52Z,"0002cc0100000edc","36545db608f93f48081472951740e909000000000000ffffffffffffffffffff",2,3.95,,8,20.44,58.24,,3.82,,0,0,0,0,,,,-1.00,-1.00,-1.00,-1.00,-1.00
2024-11-12T06:25:49Z,"0002cc0100000edc","36545db76df93f4c08146f952d40e909000000000000ffffffffffffffffffffffff",2,3.96,,8,20.43,58.27,,3.82,,0,0,0,0,,,-1.00,-1.00,-1.00,-1.00,-1.00,-1.00
2024-11-12T06:31:45Z,"0002cc0100000edc","36545db8d1f202050000146f954d40e909000000000000ffffffffffffffffffff",2,,2.5.0.0,,20.43,58.32,,3.82,,0,0,0,0,,,,-1.00,-1.00,-1.00,-1.00,-1.00
2024-11-12T06:37:41Z,"0002cc0100000edc","36545dba35f93f4c081472955d40e354000000000000ffffffffffffffffffff",2,3.96,,8,20.44,58.35,,3.78,,0,0,0,0,,,,-1.00,-1.00,-1.00,-1.00,-1.00
2024-11-12T06:43:37Z,"0002cc0100000edc","36545dbb99f93f4c08146f956c40f158000000000000ffffffffffffffffffffffff",2,3.96,,8,20.43,58.37,,3.89,,0,0,0,0,,,-1.00,-1.00,-1.00,-1.00,-1.00,-1.00
2024-11-12T06:49:33Z,"0002cc0100000edc","36545dbcfdf93f4c08146b955a40e909000000000000ffffffffffffffffffff",2,3.96,,8,20.42,58.34,,3.82,,0,0,0,0,,,,-1.00,-1.00,-1.00,-1.00,-1.00
2024-11-12T06:55:29Z,"0002cc0100000edc","36545dbe61f93f4c08146b958140e909000000000000ffffffffffffffffffff",2,3.96,,8,20.42,58.40,,3.82,,0,0,0,0,,,,-1.00,-1.00,-1.00,-1.00,-1.00
2024-11-12T07:01:25Z,"0002cc0100000edc","36545dbfc5f93f4008146f957b40e909000000000000ffffffffffffffffffffffff",2,3.95,,8,20.43,58.39,,3.82,,0,0,0,0,,,-1.00,-1.00,-1.00,-1.00,-1.00,-1.00
2024-11-12T07:07:21Z,"0002cc0100000edc","36545dc129f93f40081467958740e909000000000000ffffffffffffffffffff",2,3.95,,8,20.40,58.41,,3.82,,0,0,0,0,,,,-1.00,-1.00,-1.00,-1.00,-1.00
2024-11-12T07:13:17Z,"0002cc0100000edc","36545dc28df93f4008146b95a140e909000000000000ffffffffffffffffffffffff",2,3.95,,8,20.42,58.45,,3.82,,0,0,0,0,,,-1.00,-1.00,-1.00,-1.00,-1.00,-1.00
2024-11-12T07:19:13Z,"0002cc0100000edc","36545dc3f1f93f4c08146f966540e909000000000000fffffffff487f787fec6",2,3.96,,8,20.43,58.75,,3.82,,0,0,0,0,,,,-0.85,-0.47,-0.28,-1.00,-1.00
2024-11-12T07:25:09Z,"0002cc0100000edc","36545dc555f93f4c08147696a740eebd000000000000fecfed0cffffffffffff",2,3.96,,8,20.46,58.85,,3.87,,0,0,0,0,,,,-1.00,-1.00,-1.00,-0.16,-0.85
2024-11-12T07:31:05Z,"0002cc0100000edc","36545dc6b9f93f4c081479975d40eebd000000000000ffffffffffffffffffffffff",2,3.96,,8,20.47,59.13,,3.87,,0,0,0,0,,,-1.00,-1.00,-1.00,-1.00,-1.00,-1.00
2024-11-12T07:37:01Z,"0002cc0100000edc","36545dc81df93f4c081481979f40eebd000000000000ffffffffffffffffffff",2,3.96,,8,20.50,59.23,,3.87,,0,0,0,0,,,,-1.00,-1.00,-1.00,-1.00,-1.00
2024-11-12T07:42:57Z,"0002cc0100000edc","36545dc981f93f3c08148797d940e909000000000000ffffffffffffffffffff",2,3.95,,8,20.53,59.32,,3.82,,0,0,0,0,,,,-1.00,-1.00,-1.00,-1.00,-1.00
2024-11-12T07:48:53Z,"0002cc0100000edc","36545dcae5f93f4408148797e140e909000000000000ffffffffffffffffffffffff",2,3.95,,8,20.53,59.33,,3.82,,0,0,0,0,,,-1.00,-1.00,-1.00,-1.00,-1.00,-1.00
2024-11-12T07:54:49Z,"0002cc0100000edc","36545dcc49f93f3808148f980340eebd000000000000ffffffffffffffffffff",2,3.95,,8,20.56,59.38,,3.87,,0,0,0,0,,,,-1.00,-1.00,-1.00,-1.00,-1.00
2024-11-12T08:00:45Z,"0002cc0100000edc","36545dcdadf93f4408148c97cc40eebd000000000000ffffffffffffffffffff",2,3.95,,8,20.54,59.30,,3.87,,0,0,0,0,,,,-1.00,-1.00,-1.00,-1.00,-1.00
2024-11-12T08:06:41Z,"0002cc0100000edc","36545dcf11f93f4408148c97bb40eebd000000000000ffffffffffffffffffff",2,3.95,,8,20.54,59.27,,3.87,,0,0,0,0,,,,-1.00,-1.00,-1.00,-1.00,-1.00
2024-11-12T08:12:38Z,"0002cc0100000edc","36545dd076f93f4c08148797a240eebd000000000000ffffffffffffffffffffffff",2,3.96,,8,20.53,59.23,,3.87,,0,0,0,0,,,-1.00,-1.00,-1.00,-1.00,-1.00,-1.00
2024-11-12T08:18:34Z,"0002cc0100000edc","36545dd1daf93f3c081481978740eebd000000000000ffffffffffffffffffff",2,3.95,,8,20.50,59.19,,3.87,,0,0,0,0,,,,-1.00,-1.00,-1.00,-1.00,-1.00
2024-11-12T08:24:30Z,"0002cc0100000edc","36545dd33ef93f4008148197d640eebd000000000000ffffffffffffffffffff",2,3.95,,8,20.50,59.31,,3.87,,0,0,0,0,,,,-1.00,-1.00,-1.00,-1.00,-1.00
2024-11-12T08:30:26Z,"0002cc0100000edc","36545dd4a2f93f4408147d980b40e909000000000000ffffffffffffffffffffffff",2,3.95,,8,20.49,59.39,,3.82,,0,0,0,0,,,-1.00,-1.00,-1.00,-1.00,-1.00,-1.00
2024-11-12T08:36:22Z,"0002cc0100000edc","36545dd606f93f4408147d984840e909000000000000ffffffffffffffffffff",2,3.95,,8,20.49,59.49,,3.82,,0,0,0,0,,,,-1.00,-1.00,-1.00,-1.00,-1.00
2024-11-12T08:42:18Z,"0002cc0100000edc","36545dd76af93f3c081476984440f158000000000000ffffffffffffffffffff",2,3.95,,8,20.46,59.48,,3.89,,0,0,0,0,,,,-1.00,-1.00,-1.00,-1.00,-1.00
2024-11-12T08:48:14Z,"0002cc0100000edc","36545dd8cef93f4808147d97eb40eebd000000000000ffffffffffffffffffffffff",2,3.95,,8,20.49,59.34,,3.87,,0,0,0,0,,,-1.00,-1.00,-1.00,-1.00,-1.00,-1.00
2024-11-12T08:54:10Z,"0002cc0100000edc","36545dda32f93f4408147997e240e909000000000000ffffffffffffffffffff",2,3.95,,8,20.47,59.33,,3.82,,0,0,0,0,,,,-1.00,-1.00,-1.00,-1.00,-1.00
2024-11-12T09:00:06Z,"0002cc0100000edc","36545ddb96f93f3c08147697f040f158000000000000ffffffffffffffffffff",2,3.95,,8,20.46,59.35,,3.89,,0,0,0,0,,,,-1.00,-1.00,-1.00,-1.00,-1.00
2024-11-12T09:06:02Z,"0002cc0100000edc","36545ddcfaf93f4408147297e740eebd000000000000ffffffffffffffffffffffff",2,3.95,,8,20.44,59.34,,3.87,,0,0,0,0,,,-1.00,-1.00,-1.00,-1.00,-1.00,-1.00
2024-11-12T09:11:58Z,"0002cc0100000edc","36545dde5ef93f3c081476980f40e909000000000000ffffffffffffffffffff",2,3.95,,8,20.46,59.40,,3.82,,0,0,0,0,,,,-1.00,-1.00,-1.00,-1.00,-1.00
2024-11-12T09:17:54Z,"0002cc0100000edc","36545ddfc2f93f4008147697ab40e909000000000000ffffffffffffffffffff",2,3.95,,8,20.46,59.25,,3.82,,0,0,0,0,,,,-1.00,-1.00,-1.00,-1.00,-1.00
2024-11-12T09:23:50Z,"0002cc0100000edc","36545de126f93f4408147697f740e909000000000000ffffffffffffffffffff",2,3.95,,8,20.46,59.36,,3.82,,0,0,0,0,,,,-1.00,-1.00,-1.00,-1.00,-1.00
2024-11-12T09:29:46Z,"0002cc0100000edc","36545de28af93f4408147d980240e909000000000000ffffffffffffffffffffffff",2,3.95,,8,20.49,59.38,,3.82,,0,0,0,0,,,-1.00,-1.00,-1.00,-1.00,-1.00,-1.00
2024-11-12T09:35:42Z,"0002cc0100000edc","36545de3eef93f4008147997e240f158000000000000ffffffffffffffffffff",2,3.95,,8,20.47,59.33,,3.89,,0,0,0,0,,,,-1.00,-1.00,-1.00,-1.00,-1.00
2024-11-12T09:41:38Z,"0002cc0100000edc","36545de552f93f4c08148797f040e909000000000000ffffffffffffffffffff",2,3.96,,8,20.53,59.35,,3.82,,0,0,0,0,,,,-1.00,-1.00,-1.00,-1.00,-1.00
2024-11-12T09:47:34Z,"0002cc0100000edc","36545de6b6f93f3c081481975840e909000000000000ffffffffffffffffffff",2,3.95,,8,20.50,59.12,,3.82,,0,0,0,0,,,,-1.00,-1.00,-1.00,-1.00,-1.00
2024-11-12T09:53:30Z,"0002cc0100000edc","36545de81af93f44081484975240eebd000000000000ffffffffffffffffffffffff",2,3.95,,8,20.51,59.11,,3.87,,0,0,0,0,,,-1.00,-1.00,-1.00,-1.00,-1.00,-1.00
2024-11-12T09:59:26Z,"0002cc0100000edc","36545de97ef93f44081481971240eebd000000000000ffffffffffffffffffff",2,3.95,,8,20.50,59.01,,3.87,,0,0,0,0,,,,-1.00,-1.00,-1.00,-1.00,-1.00
2024-11-12T10:05:22Z,"0002cc0100000edc","36545deae2f93f44081484970440e909000000000000ffffffffffffffffffffffff",2,3.95,,8,20.51,58.99,,3.82,,0,0,0,0,,,-1.00,-1.00,-1.00,-1.00,-1.00,-1.00
2024-11-12T10:11:19Z,"0002cc0100000edc","36545dec47f93f4408147995e640e909000000000000ffffffffffffffffffff",2,3.95,,8,20.47,58.55,,3.82,,0,0,0,0,,,,-1.00,-1.00,-1.00,-1.00,-1.00
2024-11-12T10:17:14Z,"0002cc0100000edc","36545dedaaf93f4008147d961040f158000000000000ffffffffffffffffffff",2,3.95,,8,20.49,58.62,,3.89,,0,0,0,0,,,,-1.00,-1.00,-1.00,-1.00,-1.00
2024-11-12T10:23:11Z,"0002cc0100000edc","36545def0ff93f3c081479969240f158000000000000ffffffffffffffffffff",2,3.95,,8,20.47,58.82,,3.89,,0,0,0,0,,,,-1.00,-1.00,-1.00,-1.00,-1.00
2024-11-12T10:29:07Z,"0002cc0100000edc","36545df073f93f4008148196f440eba4000000000000ffffffffffffffffffff",2,3.95,,8,20.50,58.97,,3.84,,0,0,0,0,,,,-1.00,-1.00,-1.00,-1.00,-1.00
2024-11-12T10:35:03Z,"0002cc0100000edc","36545df1d7f202050000148f976740ee3f000000000000fc9c67fbf6d2ef52f73cfcc1",2,,2.5.0.0,,20.56,59.14,,3.86,,0,0,0,0,,,-0.59,-0.45,-0.23,-0.43,0.12,-0.58
2024-11-12T10:40:59Z,"0002cc0100000edc","36545df33bf93f40081492962040ee3f000000000000fe99ee86fecdf7c0fc7f",2,3.95,,8,20.57,58.64,,3.86,,0,0,0,0,,,,-0.56,-0.48,-0.85,-0.20,-0.82
2024-11-12T10:46:55Z,"0002cc0100000edc","36545df49ff93f4408148c94a540e5f0000000000000ffffffffffffffffffff",2,3.95,,8,20.54,58.07,,3.80,,0,0,0,0,,,,-1.00,-1.00,-1.00,-1.00,-1.00
2024-11-12T10:52:51Z,"0002cc0100000edc","36545df603f93f3c081487948d40ee3f000000000000ffffffffffffffffffffffff",2,3.95,,8,20.53,58.03,,3.86,,0,0,0,0,,,-1.00,-1.00,-1.00,-1.00,-1.00,-1.00
2024-11-12T10:58:47Z,"0002cc0100000edc","36545df767f93f30081484941e40ee3f000000000000ffffffffffffffffffff",2,3.95,,8,20.51,57.86,,3.86,,0,0,0,0,,,,-1.00,-1.00,-1.00,-1.00,-1.00
2024-11-12T11:04:43Z,"0002cc0100000edc","36545df8cbf93f44081481938640ee3f000000000000ffffffffffffffffffffffff",2,3.95,,8,20.50,57.63,,3.86,,0,0,0,0,,,-1.00,-1.00,-1.00,-1.00,-1.00,-1.00
2024-11-12T11:10:39Z,"0002cc0100000edc","36545dfa2ff93f3c081487936b40ee3f000000000000fedef499fc49fd84fdf7",2,3.95,,8,20.53,57.59,,3.86,,0,0,0,0,,,,-0.75,-0.69,-0.54,-0.29,-0.86
2024-11-12T11:16:35Z,"0002cc0100000edc","36545dfb93f93f30081484932b40ee3f000000000000ffffffffffffffffffffffff",2,3.95,,8,20.51,57.49,,3.86,,0,0,0,0,,,-1.00,-1.00,-1.00,-1.00,-1.00,-1.00
2024-11-12T11:22:31Z,"0002cc0100000edc","36545dfcf7f93f4008149e941040ee3f000000000000fffffffffffffffffca1",2,3.95,,8,20.62,57.84,,3.86,,0,0,0,0,,,,-0.58,-1.00,-1.00,-1.00,-1.00
2024-11-12T11:28:28Z,"0002cc0100000edc","36545dfe5cf93f4008149e93cb40ee3f000000000000f45effffffdafffffefd",2,3.95,,8,20.62,57.73,,3.86,,0,0,0,0,,,,-0.87,-1.00,-0.98,-1.00,-0.27
2024-11-12T11:34:24Z,"0002cc0100000edc","36545dffc0f93f300814ac932540ee3f000000000000f75afcc0ffbb6c0efe85",2,3.95,,8,20.67,57.48,,3.86,,0,0,0,0,,,,-0.81,0.13,-0.97,-0.59,-0.46
2024-11-12T11:40:20Z,"0002cc0100000edc","36545e0124f93f3c0814a9927e40ee3f000000000000ffffffffffffffffffff",2,3.95,,8,20.66,57.22,,3.86,,0,0,0,0,,,,-1.00,-1.00,-1.00,-1.00,-1.00
2024-11-12T11:46:16Z,"0002cc0100000edc","36545e0288f93f400814a991b240ee3f000000000000ffffffffffffffffffffffff",2,3.95,,8,20.66,56.91,,3.86,,0,0,0,0,,,-1.00,-1.00,-1.00,-1.00,-1.00,-1.00
2024-11-12T11:52:12Z,"0002cc0100000edc","36545e03ecf93f440814a1908f40ee3f000000000000ffffffffffffffffffff",2,3.95,,8,20.63,56.47,,3.86,,0,0,0,0,,,,-1.00,-1.00,-1.00,-1.00,-1.00
2024-11-12T11:58:08Z,"0002cc0100000edc","36545e0550f93f4008149a8f7240ee3f000000000000ffffffffffffffffffffffff",2,3.95,,8,20.60,56.03,,3.86,,0,0,0,0,,,-1.00,-1.00,-1.00,-1.00,-1.00,-1.00
2024-11-12T12:04:04Z,"0002cc0100000edc","36545e06b4f93f3c08149a8f7240ee3f000000000000ffffffffffffffffffff",2,3.95,,8,20.60,56.03,,3.86,,0,0,0,0,,,,-1.00,-1.00,-1.00,-1.00,-1.00
2024-11-12T12:10:00Z,"0002cc0100000edc","36545e0818f93f3c08148f925440ee3f000000000000ffffffffffffffffffff",2,3.95,,8,20.56,57.16,,3.86,,0,0,0,0,,,,-1.00,-1.00,-1.00,-1.00,-1.00
2024-11-12T12:15:56Z,"0002cc0100000edc","36545e097cf93f4008149e940940ee3f000000000000ffffffffffffffffffffffff",2,3.95,,8,20.62,57.83,,3.86,,0,0,0,0,,,-1.00,-1.00,-1.00,-1.00,-1.00,-1.00
2024-11-12T12:21:52Z,"0002cc0100000edc","36545e0ae0f93f3408149e945740ee3f000000000000ffffffffffffffffffff",2,3.95,,8,20.62,57.95,,3.86,,0,0,0,0,,,,-1.00,-1.00,-1.00,-1.00,-1.00
2024-11-12T12:27:48Z,"0002cc0100000edc","36545e0c44f93f4008149e946640ee3f000000000000ffffffffffffffffffff",2,3.95,,8,20.62,57.97,,3.86,,0,0,0,0,,,,-1.00,-1.00,-1.00,-1.00,-1.00
2024-11-12T12:33:44Z,"0002cc0100000edc","36545e0da8f93f400814a1948840ee3f000000000000ffffffffffffffffffffffff",2,3.95,,8,20.63,58.02,,3.86,,0,0,0,0,,,-1.00,-1.00,-1.00,-1.00,-1.00,-1.00
2024-11-12T12:39:40Z,"0002cc0100000edc","36545e0f0cf93f3408149e949d40ee3f000000000000ffffffffffffffffffff",2,3.95,,8,20.62,58.05,,3.86,,0,0,0,0,,,,-1.00,-1.00,-1.00,-1.00,-1.00
2024-11-12T12:45:36Z,"0002cc0100000edc","36545e1070f93f3408149794a240ee3f000000000000ffffffffffffffffffff",2,3.95,,8,20.59,58.06,,3.86,,0,0,0,0,,,,-1.00,-1.00,-1.00,-1.00,-1.00
2024-11-12T12:51:32Z,"0002cc0100000edc","36545e11d4f93f4008148f94e540ee3f000000000000ffffffffffffffffffff",2,3.95,,8,20.56,58.16,,3.86,,0,0,0,0,,,,-1.00,-1.00,-1.00,-1.00,-1.00
2024-11-12T12:57:28Z,"0002cc0100000edc","36545e1338f93f4008149794ba40ee3f000000000000ffffffffffffffffffff",2,3.95,,8,20.59,58.10,,3.86,,0,0,0,0,,,,-1.00,-1.00,-1.00,-1.00,-1.00
2024-11-12T13:03:25Z,"0002cc0100000edc","36545e149df93f3c08149a946d40ee3f000000000000ffffffffffffffffffffffff",2,3.95,,8,20.60,57.98,,3.86,,0,0,0,0,,,-1.00,-1.00,-1.00,-1.00,-1.00,-1.00
2024-11-12T13:09:21Z,"0002cc0100000edc","36545e1601f93f4008149e9569419ca9000000000000ffffffffffffffffffff",2,3.95,,8,20.62,58.36,,6.45,,0,0,0,0,,,,-1.00,-1.00,-1.00,-1.00,-1.00
2024-11-12T13:15:17Z,"0002cc0100000edc","36545e1765f93f400814b09523419ca9000000000000ffffffffffffffffffff",2,3.95,,8,20.68,58.26,,6.45,,0,0,0,0,,,,-1.00,-1.00,-1.00,-1.00,-1.00
2024-11-12T13:21:13Z,"0002cc0100000edc","36545e18c9f93f3c0814c9941b419881000000000000ffffffffffffffffffff",2,3.95,,8,20.78,57.85,,6.38,,0,0,0,0,,,,-1.00,-1.00,-1.00,-1.00,-1.00
2024-11-12T13:27:09Z,"0002cc0100000edc","36545e1a2df93f400814d7934f4199cf000000000000ffffffffffffffffffff",2,3.95,,8,20.84,57.54,,6.40,,0,0,0,0,,,,-1.00,-1.00,-1.00,-1.00,-1.00
2024-11-12T13:33:05Z,"0002cc0100000edc","36545e1b91f93f400814f192504199cf000000000000ffffffffffffffffffff",2,3.95,,8,20.94,57.15,,6.40,,0,0,0,0,,,,-1.00,-1.00,-1.00,-1.00,-1.00
2024-11-12T13:39:01Z,"0002cc0100000edc","36545e1cf5f93f400814ff8ffb419df7000000000000ffffffffffffffffffffffff",2,3.95,,8,20.99,56.24,,6.47,,0,0,0,0,,,-1.00,-1.00,-1.00,-1.00,-1.00,-1.00
2024-11-12T13:44:57Z,"0002cc0100000edc","36545e1e59f93f400815159062419ca9000000000000ffffffffffffffffffff",2,3.95,,8,21.08,56.40,,6.45,,0,0,0,0,,,,-1.00,-1.00,-1.00,-1.00,-1.00
2024-11-12T13:50:53Z,"0002cc0100000edc","36545e1fbdf93f4008151c8f994199cf000000000000ffffffffffffffffffff",2,3.95,,8,21.11,56.09,,6.40,,0,0,0,0,,,,-1.00,-1.00,-1.00,-1.00,-1.00
2024-11-12T13:56:49Z,"0002cc0100000edc","36545e2121f93f4008152a8dd0419df7000000000000ffffffffffffffffffffffff",2,3.95,,8,21.16,55.40,,6.47,,0,0,0,0,,,-1.00,-1.00,-1.00,-1.00,-1.00,-1.00
2024-11-12T14:02:45Z,"0002cc0100000edc","36545e2285f93f400815328c1d4199cf000000000000ffffffffffffffffffff",2,3.95,,8,21.19,54.73,,6.40,,0,0,0,0,,,,-1.00,-1.00,-1.00,-1.00,-1.00
2024-11-12T14:08:41Z,"0002cc0100000edc","36545e23e9f93f380815398b8a419df7000000000000ffffffffffffffffffffffff",2,3.95,,8,21.22,54.51,,6.47,,0,0,0,0,,,-1.00,-1.00,-1.00,-1.00,-1.00,-1.00
2024-11-12T14:14:37Z,"0002cc0100000edc","36545e254dd93f3408154f8c18000000000000ffffffd1f4736ceff42a",2,3.95,,8,21.31,54.72,,,,0,0,0,0,,,,-0.26,0.15,-0.28,-0.98,-1.00
2024-11-12T14:20:33Z,"0002cc0100000edc","36545e26b1f93f380815528b66000000000000000000f46a76277557f5f5fd2bffb0",2,3.95,,8,21.32,54.45,,0.00,,0,0,0,0,,,-0.96,-0.65,-0.37,0.33,0.38,-0.28
2024-11-12T14:26:29Z,"0002cc0100000edc","36545e2815f93f2c0815528ae8392ed0000000000000f72a668afdc9fd12ffff",2,3.95,,8,21.32,54.26,,0.02,,0,0,0,0,,,,-1.00,-0.63,-0.72,0.10,-0.45
2024-11-12T14:32:26Z,"0002cc0100000edc","36545e297af93f3808155d8f1e0000000000000000007cf95c4ff728f498f717ffff",2,3.95,,8,21.36,55.91,,0.00,,0,0,0,0,,,-1.00,-0.44,-0.29,-0.45,0.03,0.62
2024-11-12T14:38:22Z,"0002cc0100000edc","36545e2adef20205000015448e4000000000000000000076b3fe1eff0cfcf56eb1",2,,2.5.0.0,,21.26,55.57,,0.00,,0,0,0,0,,,,0.21,-0.62,-0.88,-0.76,0.42
2024-11-12T14:44:18Z,"0002cc0100000edc","36545e2c42d93f2c0815418db2000000000000f7eb4496fddaeeb8fd1d7666",2,3.95,,8,21.25,55.35,,,,0,0,0,0,,,0.40,-0.64,-0.21,-0.73,0.00,-0.49
2024-11-12T14:50:14Z,"0002cc0100000edc","36545e2da6f93f380815418cf60000000000000000007cd2efe9ff6aff84ff2c",2,3.95,,8,21.25,55.06,,0.00,,0,0,0,0,,,,-0.90,-0.94,-0.93,-0.25,0.60
2024-11-12T14:56:10Z,"0002cc0100000edc","36545e2f0af93f380815488ce9392ed0000000000000fd4fff0bfe3dfd99f6bb",2,3.95,,8,21.28,55.04,,0.02,,0,0,0,0,,,,-0.42,-0.70,-0.78,-0.88,-0.66
2024-11-12T15:02:06Z,"0002cc0100000edc","36545e306ef93f380815739059000000000000000000ddbe77a764f47d287ee2efb7",2,3.95,,8,21.45,56.39,,0.00,,0,0,0,0,,,-0.24,0.86,0.64,0.08,0.48,-0.04
2024-11-12T15:08:02Z,"0002cc0100000edc","36545e31d2f93f400815618e73000000000000000000fea3fffffea3fffffe82",2,3.95,,8,21.38,55.65,,0.00,,0,0,0,0,,,,-0.81,-1.00,-0.83,-1.00,-0.83
2024-11-12T15:13:59Z,"0002cc0100000edc","36545e3337f93f3808155a8fe9000000000000000000fffffffffd35ffa1fdfc74f9",2,3.95,,8,21.35,56.22,,0.00,,0,0,0,0,,,0.31,-0.75,-0.95,-0.65,-1.00,-1.00
2024-11-12T15:19:55Z,"0002cc0100000edc","36545e349bf93f380815568fa1000000000000000000fffffd25fffffef7ff7a",2,3.95,,8,21.33,56.11,,0.00,,0,0,0,0,,,,-0.93,-0.87,-1.00,-0.64,-1.00
2024-11-12T15:25:51Z,"0002cc0100000edc","36545e35fff93f30081568920c0000000000000000007758f58b7c13f79cfe55f7f2",2,3.95,,8,21.41,57.05,,0.00,,0,0,0,0,,,-0.50,-0.79,-0.48,0.51,-0.35,0.46
2024-11-12T15:31:47Z,"0002cc0100000edc","36545e3763f93f2c08155d8e8a000000000000000000fedafffffc2dfcccfedd",2,3.95,,8,21.36,55.68,,0.00,,0,0,0,0,,,,-0.86,-0.60,-0.52,-1.00,-0.86
2024-11-12T15:37:43Z,"0002cc0100000edc","36545e38c7f93f3008155d882a0000000000000000007df1fe31ee8bee15fdcefd3b",2,3.95,,8,21.36,53.19,,0.00,,0,0,0,0,,,-0.65,-0.73,-0.19,-0.20,-0.77,0.74
2024-11-12T15:43:39Z,"0002cc0100000edc","36545e3a2bd93f3808155d85cf000000000000fe17ff83ff91ffff6dc8",2,3.95,,8,21.36,52.27,,,,0,0,0,0,,,,0.18,-1.00,-0.95,-0.94,-0.76
2024-11-12T15:49:35Z,"0002cc0100000edc","36545e3b8ff93f3808156f82ee0000000000000000007c0b76ab7da07d087d7d",2,3.95,,8,21.43,51.15,,0.00,,0,0,0,0,,,,0.69,0.63,0.70,0.42,0.51
2024-11-12T15:55:32Z,"0002cc0100000edc","36545e3cf4f93f300815688099000000000000000000ffffff94ece16eb3f7bbffff",2,3.95,,8,21.41,50.23,,0.00,,0,0,0,0,,,-1.00,-0.48,0.21,-0.15,-0.95,-1.00
2024-11-12T16:01:28Z,"0002cc0100000edc","36545e3e58f93f300815527f93000000000000000000fffffffffd9effffff07",2,3.95,,8,21.32,49.83,,0.00,,0,0,0,0,,,,-0.88,-1.00,-0.70,-1.00,-1.00
2024-11-12T16:07:24Z,"0002cc0100000edc","36545e3fbcf93f3008155a7f060000000000000000006d3a5f6bfd8ffef5e461",2,3.95,,8,21.35,49.62,,0.00,,0,0,0,0,,,,-0.07,-0.87,-0.69,0.06,0.16
2024-11-12T16:13:20Z,"0002cc0100000edc","36545e4120d93f3808155a8509000000000000fffffeb07d0ff452fd1667e4",2,3.95,,8,21.35,51.97,,,,0,0,0,0,,,0.12,-0.64,-0.27,0.63,-0.84,-1.00
2024-11-12T16:19:16Z,"0002cc0100000edc","36545e4284f93f380815527cdc000000000000000000fc3cfe41fc4bff9dffff",2,3.95,,8,21.32,48.77,,0.00,,0,0,0,0,,,,-1.00,-0.95,-0.54,-0.78,-0.53
2024-11-12T16:25:12Z,"0002cc0100000edc","36545e43e8f93f340815567c78000000000000000000fffff6cffffffffff585ffff",2,3.95,,8,21.33,48.62,,0.00,,0,0,0,0,,,-1.00,-0.34,-1.00,-1.00,-0.43,-1.00
2024-11-12T16:31:09Z,"0002cc0100000edc","36545e454df93f300815567c3c000000000000000000ff054fd874a1fed2efcd",2,3.95,,8,21.33,48.53,,0.00,,0,0,0,0,,,,-0.24,-0.85,0.29,0.02,-0.88
2024-11-12T16:37:04Z,"0002cc0100000edc","36545e46b0f93f270815527aef000000000000000000fffffffffffffffffeff",2,3.95,,8,21.32,48.02,,0.00,,0,0,0,0,,,,-0.87,-1.00,-1.00,-1.00,-1.00
2024-11-12T16:43:01Z,"0002cc0100000edc","36545e4815f93f3008154f7a80000000000000000000fc27fe17ffe4ffe7ffd7ffe2",2,3.95,,8,21.31,47.85,,0.00,,0,0,0,0,,,-0.99,-0.98,-0.99,-0.99,-0.76,-0.52
2024-11-12T16:48:57Z,"0002cc0100000edc","36545e4979f93f230815567ae0000000000000000000ffffe492ffffedfa65a5",2,3.95,,8,21.33,48.00,,0.00,,0,0,0,0,,,,0.09,-0.19,-1.00,-0.07,-1.00
2024-11-12T16:54:53Z,"0002cc0100000edc","36545e4addf93f3008156c7b110000000000000000007ca374775c6e67a1ffdafd90",2,3.95,,8,21.42,48.07,,0.00,,0,0,0,0,,,-0.70,-0.98,0.12,0.03,0.28,0.58
2024-11-12T17:00:49Z,"0002cc0100000edc","36545e4c41f93f300815687967000000000000000000f7ef749aee11feebfdd0",2,3.95,,8,21.41,47.42,,0.00,,0,0,0,0,,,,-0.73,-0.86,-0.19,0.29,-0.50
2024-11-12T17:06:45Z,"0002cc0100000edc","36545e4da5f93f2c0815737ce7000000000000000000e482642a6d525d647db5",2,3.95,,8,21.45,48.79,,0.00,,0,0,0,0,,,,0.71,0.04,0.17,0.07,-0.07
2024-11-12T17:12:41Z,"0002cc0100000edc","36545e4f09f93f3008156f7b890000000000000000006e6574c4fee1ff9e7713",2,3.95,,8,21.43,48.26,,0.00,,0,0,0,0,,,,0.44,-0.95,-0.86,0.30,0.20
2024-11-12T17:18:38Z,"0002cc0100000edc","36545e506ef93f3008156c7a45392ed0000000000000ffe8fe85ecea6facff3bffff",2,3.95,,8,21.42,47.76,,0.02,,0,0,0,0,,,-1.00,-0.90,0.24,-0.15,-0.82,-0.99
2024-11-12T17:24:34Z,"0002cc0100000edc","36545e51d2f93f300815687924000000000000000000ffacfd78ef5afea4ffbc",2,3.95,,8,21.41,47.32,,0.00,,0,0,0,0,,,,-0.97,-0.83,-0.23,-0.68,-0.96
2024-11-12T17:30:30Z,"0002cc0100000edc","36545e5336d93f3008156c7925000000000000ed78fecdff9aff3dfd3875f8",2,3.95,,8,21.42,47.32,,,,0,0,0,0,,,0.37,-0.65,-0.90,-0.95,-0.85,-0.17
2024-11-12T17:36:26Z,"0002cc0100000edc","36545e549af93f3008157778bb0000000000000000004615ff96ffecff2b65d1",2,3.95,,8,21.46,47.16,,0.00,,0,0,0,0,,,,0.09,-0.90,-0.99,-0.95,0.01
2024-11-12T17:42:22Z,"0002cc0100000edc","36545e55fef93f3008156f785200000000000000000077ba75aefc42fcedff40ffff",2,3.95,,8,21.43,47.00,,0.00,,0,0,0,0,,,-1.00,-0.91,-0.62,-0.53,0.35,0.48
2024-11-12T17:48:18Z,"0002cc0100000edc","36545e5762f93f2c08156877ae000000000000000000fffffed7fe45fffffe15",2,3.95,,8,21.41,46.75,,0.00,,0,0,0,0,,,,-0.76,-1.00,-0.78,-0.85,-1.00
2024-11-12T17:54:14Z,"0002cc0100000edc","36545e58c6f93f3008156f76de000000000000000000fd34fc9df5e0f470fc9d",2,3.95,,8,21.43,46.43,,0.00,,0,0,0,0,,,,-0.58,-0.28,-0.37,-0.58,-0.65
2024-11-12T18:00:11Z,"0002cc0100000edc","36545e5a2bf93f300815687618392ed0000000000000fd12ffffffc5ffffffddff7b",2,3.95,,8,21.41,46.13,,0.02,,0,0,0,0,,,-0.94,-0.98,-1.00,-0.97,-1.00,-0.63
2024-11-12T18:06:07Z,"0002cc0100000edc","36545e5b8ff93f3008156475b0000000000000000000ffffffffffffffffffff",2,3.95,,8,21.39,45.97,,0.00,,0,0,0,0,,,,-1.00,-1.00,-1.00,-1.00,-1.00
2024-11-12T18:12:03Z,"0002cc0100000edc","36545e5cf3f93f3008155a75ad000000000000000000ffffffffffffffffffff",2,3.95,,8,21.35,45.97,,0.00,,0,0,0,0,,,,-1.00,-1.00,-1.00,-1.00,-1.00
2024-11-12T18:17:59Z,"0002cc0100000edc","36545e5e57f93f30081552751a000000000000000000ffffffffffffffffffffffff",2,3.95,,8,21.32,45.74,,0.00,,0,0,0,0,,,-1.00,-1.00,-1.00,-1.00,-1.00,-1.00
2024-11-12T18:23:55Z,"0002cc0100000edc","36545e5fbbf93f3008154f74c5392ed0000000000000ffffff58ffffffffffffffff",2,3.95,,8,21.31,45.61,,0.02,,0,0,0,0,,,-1.00,-1.00,-1.00,-1.00,-0.92,-1.00
2024-11-12T18:29:51Z,"0002cc0100000edc","36545e611ff93f3008154f7639000000000000000000ffffffffffffffffffff",2,3.95,,8,21.31,46.18,,0.00,,0,0,0,0,,,,-1.00,-1.00,-1.00,-1.00,-1.00
2024-11-12T18:35:47Z,"0002cc0100000edc","36545e6283f93f2c08154c76e2000000000000000000ffffffffffffffffffffffff",2,3.95,,8,21.29,46.44,,0.00,,0,0,0,0,,,-1.00,-1.00,-1.00,-1.00,-1.00,-1.00
2024-11-12T18:41:43Z,"0002cc0100000edc","36545e63e7f202050000154c7868000000000000000000ffffffffffffffffffff",2,,2.5.0.0,,21.29,47.03,,0.00,,0,0,0,0,,,,-1.00,-1.00,-1.00,-1.00,-1.00
2024-11-12T18:47:39Z,"0002cc0100000edc","36545e654bf93f2c0815447997000000000000000000ffffffffffffffffffff",2,3.95,,8,21.26,47.50,,0.00,,0,0,0,0,,,,-1.00,-1.00,-1.00,-1.00,-1.00
2024-11-12T18:53:35Z,"0002cc0100000edc","36545e66aff93f300815487b2f000000000000000000ffffffffffffffffffffffff",2,3.95,,8,21.28,48.12,,0.00,,0,0,0,0,,,-1.00,-1.00,-1.00,-1.00,-1.00,-1.00
2024-11-12T18:59:31Z,"0002cc0100000edc","36545e6813f93f2c08154f7fc4000000000000000000ffffffffffffffffffff",2,3.95,,8,21.31,49.91,,0.00,,0,0,0,0,,,,-1.00,-1.00,-1.00,-1.00,-1.00
2024-11-12T19:05:27Z,"0002cc0100000edc","36545e6977f93f2c08156483ad0000000000000000007c76f6bdfdb276a1fcff",2,3.95,,8,21.39,51.44,,0.00,,0,0,0,0,,,,-0.62,0.41,-0.71,-0.42,0.56
2024-11-12T19:11:24Z,"0002cc0100000edc","36545e6adcd93f2c0815778b93000000000000ffc2e62f6da3e443fcf7",2,3.95,,8,21.46,54.52,,,,0,0,0,0,,,,-0.62,-0.07,0.18,-0.10,-0.97
2024-11-12T19:17:20Z,"0002cc0100000edc","36545e6c40f93f2c08156c8ae2000000000000000000ff8eff0bff11fffffc68",2,3.95,,8,21.42,54.25,,0.00,,0,0,0,0,,,,-0.55,-1.00,-0.88,-0.88,-0.94
2024-11-12T19:23:16Z,"0002cc0100000edc","36545e6da4d93f2c08156f8b69000000000000ed32dd6bfe94ff9df548",2,3.95,,8,21.43,54.46,,,,0,0,0,0,,,,-0.33,-0.95,-0.82,-0.04,-0.16
2024-11-12T19:29:12Z,"0002cc0100000edc","36545e6f08f93f2c0815888b34000000000000000000f68aff3d74c3e669edbdf42c",2,3.95,,8,21.53,54.38,,0.00,,0,0,0,0,,,-0.26,-0.18,-0.10,0.30,-0.90,-0.41
2024-11-12T19:35:08Z,"0002cc0100000edc","36545e706cf93f2c0815938b7839f9a7000000000000ee3aeee67450742fe64b",2,3.95,,8,21.57,54.48,,0.03,,0,0,0,0,,,,-0.10,0.26,0.27,-0.22,-0.19
2024-11-12T19:41:04Z,"0002cc0100000edc","36545e71d0f93f2c0815978b1339439e000000000000fcacec8d747bfe63ffae",2,3.95,,8,21.59,54.33,,0.02,,0,0,0,0,,,,-0.96,-0.80,0.28,-0.14,-0.58
2024-11-12T19:47:00Z,"0002cc0100000edc","36545e7334f93f2c0815d88eac396c11000000000000fc55fffff6eafcefec43",2,3.95,,8,21.84,55.73,,0.02,,0,0,0,0,,,,-0.13,-0.62,-0.43,-1.00,-0.54
2024-11-12T19:52:56Z,"0002cc0100000edc","36545e7498f93f2c08160e8983396c11000000000000ffffffffffb4ffdcffff",2,3.95,,8,22.05,53.72,,0.02,,0,0,0,0,,,,-1.00,-0.98,-0.96,-1.00,-1.00
2024-11-12T19:58:53Z,"0002cc0100000edc","36545e75fdf93f1f08160489bd3957d8000000000000ffffffffffffffffffff",2,3.94,,8,22.01,53.80,,0.02,,0,0,0,0,,,,-1.00,-1.00,-1.00,-1.00,-1.00
2024-11-12T20:04:49Z,"0002cc0100000edc","36545e7761f93f230815fc8a013a2f6500000000000076d7fd8776be77aa7441f4f4",2,3.95,,8,21.98,53.91,,0.04,,0,0,0,0,,,-0.31,0.27,0.48,0.42,-0.69,0.43
2024-11-12T20:10:45Z,"0002cc0100000edc","36545e78c5f93f230815ea89e13a8a69000000000000fffffffffffff5496d04",2,3.95,,8,21.91,53.86,,0.05,,0,0,0,0,,,,0.16,-0.33,-1.00,-1.00,-1.00
2024-11-12T20:16:41Z,"0002cc0100000edc","36545e7a29f93f230815ce8aa33957d8000000000000e6a9fe99ffffffffffff",2,3.95,,8,21.80,54.16,,0.02,,0,0,0,0,,,,-1.00,-1.00,-1.00,-0.82,-0.10
2024-11-12T20:22:37Z,"0002cc0100000edc","36545e7b8df93f270815bf8b2439439e000000000000ffffffffffffffffffff",2,3.95,,8,21.74,54.35,,0.02,,0,0,0,0,,,,-1.00,-1.00,-1.00,-1.00,-1.00
2024-11-12T20:28:33Z,"0002cc0100000edc","36545e7cf1f93f2c0815b08ae63957d8000000000000fffff73bffffffffffffffff",2,3.95,,8,21.69,54.26,,0.02,,0,0,0,0,,,-1.00,-1.00,-1.00,-1.00,-0.45,-1.00
2024-11-12T20:34:29Z,"0002cc0100000edc","36545e7e55f93f230815ad8aec000000000000000000ef156ca276aa76bdf5a0",2,3.95,,8,21.67,54.27,,0.00,,0,0,0,0,,,,-0.35,0.42,0.42,0.14,-0.22
2024-11-12T20:40:25Z,"0002cc0100000edc","36545e7fb9f93f270815a58a6b000000000000000000fffffe005c6cecaef77affaf",2,3.95,,8,21.64,54.07,,0.00,,0,0,0,0,,,-0.96,-0.47,-0.15,0.03,-0.75,-1.00
2024-11-12T20:46:22Z,"0002cc0100000edc","36545e811ef93f230815a58bcd000000000000000000ed3ae78f5e1975cc7d13",2,3.95,,8,21.64,54.61,,0.00,,0,0,0,0,,,,0.63,0.36,0.05,-0.12,-0.16
2024-11-12T20:52:18Z,"0002cc0100000edc","36545e8282f93f2308159e8c7e000000000000000000fdbeffa8fe1f6650dd447449",2,3.95,,8,21.61,54.88,,0.00,,0,0,0,0,,,0.27,-0.04,0.10,-0.77,-0.96,-0.72
2024-11-12T20:58:14Z,"0002cc0100000edc","36545e83e6f93f230815a98e4b0000000000000000006d2b7d9dddedeea6ffff",2,3.95,,8,21.66,55.58,,0.00,,0,0,0,0,,,,-1.00,-0.21,-0.05,0.70,0.16
2024-11-12T21:04:10Z,"0002cc0100000edc","36545e854af93f230815a98e2b0000000000000000006cd06f1c6e3376446e78",2,3.95,,8,21.66,55.54,,0.00,,0,0,0,0,,,,0.20,0.39,0.19,0.22,0.15
2024-11-12T21:10:06Z,"0002cc0100000edc","36545e86aed93f2308159e8e7e000000000000f5c5672dfcf0ed65ffffffff",2,3.95,,8,21.61,55.66,,,,0,0,0,0,,,-1.00,-1.00,-0.17,-0.62,0.11,-0.36
2024-11-12T21:16:02Z,"0002cc0100000edc","36545e8812f93f230815938e5a000000000000000000ffffffffffffffffffff",2,3.95,,8,21.57,55.61,,0.00,,0,0,0,0,,,,-1.00,-1.00,-1.00,-1.00,-1.00
2024-11-12T21:21:58Z,"0002cc0100000edc","36545e8976f93f2c0815938e0a000000000000000000ffffffffffffffffffff",2,3.95,,8,21.57,55.48,,0.00,,0,0,0,0,,,,-1.00,-1.00,-1.00,-1.00,-1.00
2024-11-12T21:27:54Z,"0002cc0100000edc","36545e8adaf93f230815938e3a000000000000000000ffffffffffffffffffffffff",2,3.95,,8,21.57,55.56,,0.00,,0,0,0,0,,,-1.00,-1.00,-1.00,-1.00,-1.00,-1.00
2024-11-12T21:33:51Z,"0002cc0100000edc","36545e8c3fd93f2c0815978d9e000000000000ffffffffffffffffffff",2,3.95,,8,21.59,55.32,,,,0,0,0,0,,,,-1.00,-1.00,-1.00,-1.00,-1.00
2024-11-12T21:39:46Z,"0002cc0100000edc","36545e8da2f93f2308159a8e25000000000000000000ffffffffffffffffffff",2,3.95,,8,21.60,55.53,,0.00,,0,0,0,0,,,,-1.00,-1.00,-1.00,-1.00,-1.00
2024-11-12T21:45:42Z,"0002cc0100000edc","36545e8f06f93f2c0815a28e87000000000000000000ffffffffffffffffffff",2,3.95,,8,21.63,55.68,,0.00,,0,0,0,0,,,,-1.00,-1.00,-1.00,-1.00,-1.00
2024-11-12T21:51:39Z,"0002cc0100000edc","36545e906bf93f230815a28f33000000000000000000fed2ffffffffffffffffffff",2,3.95,,8,21.63,55.94,,0.00,,0,0,0,0,,,-1.00,-1.00,-1.00,-1.00,-1.00,-0.85
2024-11-12T21:57:35Z,"0002cc0100000edc","36545e91cff93f230815a98fb4000000000000000000ffffffffffffffffffff",2,3.95,,8,21.66,56.13,,0.00,,0,0,0,0,,,,-1.00,-1.00,-1.00,-1.00,-1.00
2024-11-12T22:03:31Z,"0002cc0100000edc","36545e9333d93f230815b48fe9000000000000ffffffffffffffffffffde6a",2,3.95,,8,21.70,56.22,,,,0,0,0,0,,,-0.05,-1.00,-1.00,-1.00,-1.00,-1.00
2024-11-12T22:09:27Z,"0002cc0100000edc","36545e9497f93f230815b89049000000000000000000fc13fc11ec8cffffffff",2,3.95,,8,21.72,56.36,,0.00,,0,0,0,0,,,,-1.00,-1.00,-0.14,-0.51,-0.51
2024-11-12T22:15:23Z,"0002cc0100000edc","36545e95fbf93f230815ca94ac000000000000000000fffff4fbe6b8f40cdcb96d02",2,3.95,,8,21.79,58.08,,0.00,,0,0,0,0,,,0.16,-0.04,-0.25,-0.11,-0.31,-1.00
2024-11-12T22:21:19Z,"0002cc0100000edc","36545e975ff93f230815d19107000000000000000000f7eff48cfe54ffffffff",2,3.95,,8,21.81,56.65,,0.00,,0,0,0,0,,,,-1.00,-1.00,-0.79,-0.28,-0.50
2024-11-12T22:27:15Z,"0002cc0100000edc","36545e98c3f93f1b0815d18f87000000000000000000f7f25f2264a0fe9166c1",2,3.94,,8,21.81,56.07,,0.00,,0,0,0,0,,,,0.11,-0.82,0.07,0.06,-0.50
2024-11-12T22:33:11Z,"0002cc0100000edc","36545e9a27f93f1b0815c38fbf000000000000000000fe33fe6afe4bfffffffffe14",2,3.94,,8,21.76,56.15,,0.00,,0,0,0,0,,,-0.76,-1.00,-1.00,-0.79,-0.80,-0.77
2024-11-12T22:39:08Z,"0002cc0100000edc","36545e9b8cf93f230815ad8f29000000000000000000ff8effffffffffffffff",2,3.95,,8,21.67,55.92,,0.00,,0,0,0,0,,,,-1.00,-1.00,-1.00,-1.00,-0.94
2024-11-12T22:45:04Z,"0002cc0100000edc","36545e9cf0f20205000015ad922a000000000000000000ffffffffffffffffffffffff",2,,2.5.0.0,,21.67,57.10,,0.00,,0,0,0,0,,,-1.00,-1.00,-1.00,-1.00,-1.00,-1.00
2024-11-12T22:51:00Z,"0002cc0100000edc","36545e9e54f93f230815a29179000000000000000000fffffffffffffffffe49",2,3.95,,8,21.63,56.83,,0.00,,0,0,0,0,,,,-0.79,-1.00,-1.00,-1.00,-1.00
2024-11-12T22:56:56Z,"0002cc0100000edc","36545e9fb8f93f1f0815938f8c000000000000000000ffffffffffffffffffffffff",2,3.94,,8,21.57,56.07,,0.00,,0,0,0,0,,,-1.00,-1.00,-1.00,-1.00,-1.00,-1.00
2024-11-12T23:02:52Z,"0002cc0100000edc","36545ea11cf93f1f08158f9028000000000000000000ffffffffffffffffff11",2,3.94,,8,21.56,56.31,,0.00,,0,0,0,0,,,,-0.88,-1.00,-1.00,-1.00,-1.00
2024-11-12T23:08:48Z,"0002cc0100000edc","36545ea280f93f1f081597901a000000000000000000f7f3fddafdbbfe7affffffff",2,3.94,,8,21.59,56.29,,0.00,,0,0,0,0,,,-1.00,-1.00,-0.81,-0.72,-0.73,-0.50
2024-11-12T23:14:44Z,"0002cc0100000edc","36545ea3e4f93f230815ad9137000000000000000000fffffeee75d3fc87f7c9",2,3.95,,8,21.67,56.73,,0.00,,0,0,0,0,,,,-0.49,-0.57,0.36,-0.87,-1.00
2024-11-12T23:20:40Z,"0002cc0100000edc","36545ea548f93f230815ce9230392ed0000000000000df5a5fd86e3afe93ffffffea",2,3.95,,8,21.80,57.11,,0.02,,0,0,0,0,,,-0.99,-1.00,-0.82,0.19,0.06,-0.06
2024-11-12T23:26:36Z,"0002cc0100000edc","36545ea6acf93f230815d891b7000000000000000000fdc7fe3cff9ee590fea1",2,3.95,,8,21.84,56.92,,0.00,,0,0,0,0,,,,-0.83,-0.09,-0.95,-0.78,-0.72
2024-11-12T23:32:33Z,"0002cc0100000edc","36545ea811d93f230815ee9256000000000000fe98ee6d671c77517734",2,3.95,,8,21.93,57.16,,,,0,0,0,0,,,,0.45,0.46,0.11,-0.20,-0.82
2024-11-12T23:38:29Z,"0002cc0100000edc","36545ea975f93f230815f1913d0000000000000000007c47ed9ef464fe17ffffff4c",2,3.95,,8,21.94,56.73,,0.00,,0,0,0,0,,,-0.91,-1.00,-0.76,-0.27,-0.18,0.53
2024-11-12T23:44:25Z,"0002cc0100000edc","36545eaad9f93f230816049173000000000000000000fffffffffccf74e27501",2,3.95,,8,22.01,56.82,,0.00,,0,0,0,0,,,,0.31,0.31,-0.60,-1.00,-1.00
2024-11-12T23:50:21Z,"0002cc0100000edc","36545eac3df93f230816008bca000000000000000000f7c4ff07f706fe85ec3f",2,3.95,,8,22.00,54.61,,0.00,,0,0,0,0,,,,-0.13,-0.82,-0.44,-0.88,-0.49
2024-11-12T23:56:17Z,"0002cc0100000edc","36545eada1f93f23081604898d000000000000000000fffffce5ffffffffffff",2,3.95,,8,22.01,53.73,,0.00,,0,0,0,0,,,,-1.00,-1.00,-1.00,-0.61,-1.00
