Time,DevEUI,Raw,Port,Vbat,Version,BootCount,T,RH,P,Light,CO2,P[0].delta,P[0].total,P[1].delta,P[1].total,Act[7],Act[6],Act[5],Act[4],Act[3],Act[2],Act[1],Act[0]
2024-11-10T00:03:35Z,"0002cc0100000ec0","36545abad7f93f400815b18ad6000000000000000000fe8efe94ff5afffffe8e6d92",2,3.95,,8,21.69,54.23,,0.00,,0,0,0,0,,,0.17,-0.82,-1.00,-0.92,-0.82,-0.82
2024-11-10T00:09:31Z,"0002cc0100000ec0","36545abc3bf93f400815c08c66000000000000000000f5e4570dfcfdfd2af72c",2,3.95,,8,21.75,54.84,,0.00,,0,0,0,0,,,,-0.45,-0.65,-0.62,0.03,-0.37
2024-11-10T00:15:27Z,"0002cc0100000ec0","36545abd9ff93f380815cb8bdc000000000000000000fffff75c7c517586fd10fec1",2,3.95,,8,21.79,54.63,,0.00,,0,0,0,0,,,-0.84,-0.63,0.35,0.54,-0.46,-1.00
2024-11-10T00:21:23Z,"0002cc0100000ec0","36545abf03f93f380815c48afb000000000000000000fffffffffffffffff4e0",2,3.95,,8,21.76,54.29,,0.00,,0,0,0,0,,,,-0.30,-1.00,-1.00,-1.00,-1.00
2024-11-10T00:27:19Z,"0002cc0100000ec0","36545ac067f93f380815c08a94000000000000000000fffffffff4105eccfeb7",2,3.95,,8,21.75,54.13,,0.00,,0,0,0,0,,,,-0.84,0.05,-0.25,-1.00,-1.00
2024-11-10T00:33:15Z,"0002cc0100000ec0","36545ac1cbf93f380815c08b69000000000000000000fffffe16ffffffffffe2",2,3.95,,8,21.75,54.46,,0.00,,0,0,0,0,,,,-0.99,-1.00,-1.00,-0.76,-1.00
2024-11-10T00:39:11Z,"0002cc0100000ec0","36545ac32ff20205000015c48abe000000000000000000ff4fffe46cd76728ff14",2,,2.5.0.0,,21.76,54.20,,0.00,,0,0,0,0,,,,-0.88,0.11,0.15,-0.99,-0.91
2024-11-10T00:45:07Z,"0002cc0100000ec0","36545ac493f93f380815c089b7000000000000000000fffffe50ff6fffffffffffff",2,3.95,,8,21.75,53.80,,0.00,,0,0,0,0,,,-1.00,-1.00,-1.00,-0.93,-0.79,-1.00
2024-11-10T00:51:03Z,"0002cc0100000ec0","36545ac5f7f93f300815b98a040000000000000000006422f721feaeffffffff",2,3.95,,8,21.72,53.91,,0.00,,0,0,0,0,,,,-1.00,-1.00,-0.83,-0.45,0.06
2024-11-10T00:57:00Z,"0002cc0100000ec0","36545ac75cf93f400815c08b3100000000000000000077b3fec0f7fd6ee4efb875bd",2,3.95,,8,21.75,54.37,,0.00,,0,0,0,0,,,0.36,-0.24,0.22,-0.50,-0.84,0.48
2024-11-10T01:02:56Z,"0002cc0100000ec0","36545ac8c0d93f300815bc8be7000000000000ec5bf449fef5fe57ffff",2,3.95,,8,21.73,54.65,,,,0,0,0,0,,,,-1.00,-0.79,-0.87,-0.27,-0.14
2024-11-10T01:08:52Z,"0002cc0100000ec0","36545aca24f93f380815ad8a7d000000000000000000ffffffffff4efe18ffffffff",2,3.95,,8,21.68,54.10,,0.00,,0,0,0,0,,,-1.00,-1.00,-0.76,-0.91,-1.00,-1.00
2024-11-10T01:14:48Z,"0002cc0100000ec0","36545acb88f93f380815b18abe000000000000000000fffffffffffffe686d68",2,3.95,,8,21.69,54.20,,0.00,,0,0,0,0,,,,0.17,-0.80,-1.00,-1.00,-1.00
2024-11-10T01:20:44Z,"0002cc0100000ec0","36545accecd93f380815b98b9f000000000000edd5fecdefb9f69affff",2,3.95,,8,21.72,54.54,,,,0,0,0,0,,,,-1.00,-0.41,-0.24,-0.85,-0.18
2024-11-10T01:26:40Z,"0002cc0100000ec0","36545ace50f93f300815bc89fc0000000000000000007d2df5ba65e3dd6cedaafcb3",2,3.95,,8,21.73,53.90,,0.00,,0,0,0,0,,,-0.59,-0.18,-0.04,0.09,-0.36,0.65
2024-11-10T01:32:36Z,"0002cc0100000ec0","36545acfb4f93f270815c488b5000000000000000000774076ffec9f763077cb",2,3.95,,8,21.76,53.40,,0.00,,0,0,0,0,,,,0.49,0.39,-0.14,0.44,0.45
2024-11-10T01:38:32Z,"0002cc0100000ec0","36545ad118f93f300815c08aa4000000000000000000fcf264a8dc276fcf6ff1",2,3.95,,8,21.75,54.16,,0.00,,0,0,0,0,,,,0.25,0.24,-0.03,0.07,-0.62
2024-11-10T01:44:28Z,"0002cc0100000ec0","36545ad27cf93f2c0815c78c890000000000000000006d707db26c02ecd9ffb1fe1f",2,3.95,,8,21.78,54.90,,0.00,,0,0,0,0,,,-0.77,-0.96,-0.15,0.13,0.71,0.17
2024-11-10T01:50:24Z,"0002cc0100000ec0","36545ad3e0f93f300815c089bf000000000000000000ff80f697fd10ce74ff24",2,3.95,,8,21.75,53.81,,0.00,,0,0,0,0,,,,-0.89,-0.01,-0.63,-0.41,-0.94
2024-11-10T01:56:20Z,"0002cc0100000ec0","36545ad544f93f270815cb8ac8000000000000000000761d677d55d37621d456",2,3.95,,8,21.79,54.21,,0.00,,0,0,0,0,,,,-0.02,0.38,0.02,0.12,0.38
2024-11-10T02:02:16Z,"0002cc0100000ec0","36545ad6a8f93f300815ce8c84000000000000000000753be68675836f89f64a",2,3.95,,8,21.80,54.89,,0.00,,0,0,0,0,,,,-0.39,0.24,0.34,-0.10,0.33
2024-11-10T02:08:12Z,"0002cc0100000ec0","36545ad80cf93f3c0815c48b1c0000000000000000006428773cf4e5fe73ff29ffe4",2,3.95,,8,21.76,54.34,,0.00,,0,0,0,0,,,-0.99,-0.90,-0.81,-0.31,0.45,0.06
2024-11-10T02:14:08Z,"0002cc0100000ec0","36545ad970f93f300815cb8c5342c1b7000000000000ffd8feb0ffa3ffffffff",2,3.95,,8,21.79,54.81,,14.05,,0,0,0,0,,,,-1.00,-1.00,-0.95,-0.84,-0.98
2024-11-10T02:20:04Z,"0002cc0100000ec0","36545adad4f93f3c0815cb8c3342cf7c000000000000ffffffffffffffffffff",2,3.95,,8,21.79,54.77,,14.48,,0,0,0,0,,,,-1.00,-1.00,-1.00,-1.00,-1.00
2024-11-10T02:26:00Z,"0002cc0100000ec0","36545adc38f93f270815cb8aa042cbbd000000000000ffffffffffffffffffffffff",2,3.95,,8,21.79,54.15,,14.37,,0,0,0,0,,,-1.00,-1.00,-1.00,-1.00,-1.00,-1.00
2024-11-10T02:31:56Z,"0002cc0100000ec0","36545add9cf93f270815ce88df42cedf000000000000ffffffffffffffffffff",2,3.95,,8,21.80,53.47,,14.46,,0,0,0,0,,,,-1.00,-1.00,-1.00,-1.00,-1.00
2024-11-10T02:37:52Z,"0002cc0100000ec0","36545adf00f93f300815d289b742d0d4000000000000ffffffffffffffffffff",2,3.95,,8,21.82,53.80,,14.53,,0,0,0,0,,,,-1.00,-1.00,-1.00,-1.00,-1.00
2024-11-10T02:43:48Z,"0002cc0100000ec0","36545ae064f93f300815d98a6e42d17a000000000000ffffffffffffffffffffffff",2,3.95,,8,21.85,54.07,,14.55,,0,0,0,0,,,-1.00,-1.00,-1.00,-1.00,-1.00,-1.00
2024-11-10T02:49:44Z,"0002cc0100000ec0","36545ae1c8f93f2c0815e88bd842d0b4000000000000ffffffffffffffffffff",2,3.95,,8,21.90,54.63,,14.52,,0,0,0,0,,,,-1.00,-1.00,-1.00,-1.00,-1.00
2024-11-10T02:55:40Z,"0002cc0100000ec0","36545ae32cf93f300815eb89e942d0b4000000000000ffffffffffffffffffffffff",2,3.95,,8,21.92,53.87,,14.52,,0,0,0,0,,,-1.00,-1.00,-1.00,-1.00,-1.00,-1.00
2024-11-10T03:01:36Z,"0002cc0100000ec0","36545ae490f93f3c0815e488a242d2c8000000000000ffffffffffffffffffff",2,3.95,,8,21.89,53.37,,14.59,,0,0,0,0,,,,-1.00,-1.00,-1.00,-1.00,-1.00
2024-11-10T03:07:31Z,"0002cc0100000ec0","36545ae5f3f93f2c0815e4884b42d36f000000000000ffffffffffffffffffff",2,3.95,,8,21.89,53.24,,14.61,,0,0,0,0,,,,-1.00,-1.00,-1.00,-1.00,-1.00
2024-11-10T03:13:27Z,"0002cc0100000ec0","36545ae757f93f1f0815e4875642cfce000000000000ffffffffffffffffffff",2,3.94,,8,21.89,52.87,,14.49,,0,0,0,0,,,,-1.00,-1.00,-1.00,-1.00,-1.00
2024-11-10T03:19:23Z,"0002cc0100000ec0","36545ae8bbf93f340815dd876a42cfaf000000000000ffffffffffffffffffffffff",2,3.95,,8,21.86,52.90,,14.49,,0,0,0,0,,,-1.00,-1.00,-1.00,-1.00,-1.00,-1.00
2024-11-10T03:25:19Z,"0002cc0100000ec0","36545aea1ff93f2c0815e487b542ce42000000000000ffffffffffffffffffff",2,3.95,,8,21.89,53.01,,14.45,,0,0,0,0,,,,-1.00,-1.00,-1.00,-1.00,-1.00
2024-11-10T03:31:15Z,"0002cc0100000ec0","36545aeb83f93f300815e887fd42cf8f000000000000ffffffffffffffffffff",2,3.95,,8,21.90,53.12,,14.49,,0,0,0,0,,,,-1.00,-1.00,-1.00,-1.00,-1.00
2024-11-10T03:37:11Z,"0002cc0100000ec0","36545aece7f93f2c0815e8883442cee9000000000000ffffffffffffffffffff",2,3.95,,8,21.90,53.21,,14.47,,0,0,0,0,,,,-1.00,-1.00,-1.00,-1.00,-1.00
2024-11-10T03:43:07Z,"0002cc0100000ec0","36545aee4bf93f1f0815ef880042c954000000000000ffffffffffffffffffffffff",2,3.94,,8,21.93,53.13,,14.29,,0,0,0,0,,,-1.00,-1.00,-1.00,-1.00,-1.00,-1.00
2024-11-10T03:49:03Z,"0002cc0100000ec0","36545aefaff93f2c0815f6884242c954000000000000ffffffffffffffffffff",2,3.95,,8,21.96,53.23,,14.29,,0,0,0,0,,,,-1.00,-1.00,-1.00,-1.00,-1.00
2024-11-10T03:54:59Z,"0002cc0100000ec0","36545af113f93f2c0815f6887042cc0e000000000000ffffffffffffffffffff",2,3.95,,8,21.96,53.30,,14.38,,0,0,0,0,,,,-1.00,-1.00,-1.00,-1.00,-1.00
2024-11-10T04:00:55Z,"0002cc0100000ec0","36545af277f93f2c0815f688c942caa1000000000000ffffffffffffffffffffffff",2,3.95,,8,21.96,53.43,,14.33,,0,0,0,0,,,-1.00,-1.00,-1.00,-1.00,-1.00,-1.00
2024-11-10T04:06:51Z,"0002cc0100000ec0","36545af3dbf93f2c0815f9891842c915000000000000ffffffffffffffffffef",2,3.95,,8,21.97,53.55,,14.28,,0,0,0,0,,,,-0.99,-1.00,-1.00,-1.00,-1.00
2024-11-10T04:12:47Z,"0002cc0100000ec0","36545af53ff93f340815fd897142cfaf000000000000ffffffffffffffffffff",2,3.95,,8,21.99,53.69,,14.49,,0,0,0,0,,,,-1.00,-1.00,-1.00,-1.00,-1.00
2024-11-10T04:18:43Z,"0002cc0100000ec0","36545af6a3f93f1f081601896342d0b4000000000000ffff67bffcd7ff7dff95",2,3.94,,8,22.00,53.67,,14.52,,0,0,0,0,,,,-0.95,-0.94,-0.60,0.12,-1.00
2024-11-10T04:24:38Z,"0002cc0100000ec0","36545af806f93f1f0815fd896242d036000000000000fffffffffd79fd66ffff",2,3.94,,8,21.99,53.67,,14.51,,0,0,0,0,,,,-1.00,-0.67,-0.68,-1.00,-1.00
2024-11-10T04:30:35Z,"0002cc0100000ec0","36545af96bf93f2c0816018a2f42d330000000000000ffffffffffffff84ffffffff",2,3.95,,8,22.00,53.98,,14.60,,0,0,0,0,,,-1.00,-1.00,-0.94,-1.00,-1.00,-1.00
2024-11-10T04:36:31Z,"0002cc0100000ec0","36545afacff93f2c0816088a9a42d056000000000000ffffffffffffffffffff",2,3.95,,8,22.03,54.14,,14.51,,0,0,0,0,,,,-1.00,-1.00,-1.00,-1.00,-1.00
2024-11-10T04:42:26Z,"0002cc0100000ec0","36545afc32f202050000160f8a2642cfaf000000000000ffffffffffffffffffff",2,,2.5.0.0,,22.06,53.97,,14.49,,0,0,0,0,,,,-1.00,-1.00,-1.00,-1.00,-1.00
2024-11-10T04:48:22Z,"0002cc0100000ec0","36545afd96f93f2c081608898442cd9b000000000000ffffffffffffffffffffffff",2,3.95,,8,22.03,53.72,,14.43,,0,0,0,0,,,-1.00,-1.00,-1.00,-1.00,-1.00,-1.00
2024-11-10T04:54:18Z,"0002cc0100000ec0","36545afefaf93f2c081608891742d1c3000000000000ffffffffffffffffffff",2,3.95,,8,22.03,53.55,,14.56,,0,0,0,0,,,,-1.00,-1.00,-1.00,-1.00,-1.00
2024-11-10T05:00:14Z,"0002cc0100000ec0","36545b005ef93f340815fd887c42d056000000000000ffffffffffffffffffff",2,3.95,,8,21.99,53.32,,14.51,,0,0,0,0,,,,-1.00,-1.00,-1.00,-1.00,-1.00
2024-11-10T05:06:10Z,"0002cc0100000ec0","36545b01c2f93f2c081601884642cc2e000000000000ffffffffffffffffffffffff",2,3.95,,8,22.00,53.23,,14.38,,0,0,0,0,,,-1.00,-1.00,-1.00,-1.00,-1.00,-1.00
2024-11-10T05:12:06Z,"0002cc0100000ec0","36545b0326f93f2c081604887642ccf4000000000000ffffffffffffffffffff",2,3.95,,8,22.01,53.31,,14.40,,0,0,0,0,,,,-1.00,-1.00,-1.00,-1.00,-1.00
2024-11-10T05:18:02Z,"0002cc0100000ec0","36545b048af93f2c081604882742cd9b000000000000ffffffffffffffffffff",2,3.95,,8,22.01,53.19,,14.43,,0,0,0,0,,,,-1.00,-1.00,-1.00,-1.00,-1.00
2024-11-10T05:23:58Z,"0002cc0100000ec0","36545b05eef93f3408160187f742d1c3000000000000ffffffffffffffffffffffff",2,3.95,,8,22.00,53.11,,14.56,,0,0,0,0,,,-1.00,-1.00,-1.00,-1.00,-1.00,-1.00
2024-11-10T05:29:54Z,"0002cc0100000ec0","36545b0752f93f1f081601882542d0fc000000000000ffffffffffffffffffff",2,3.94,,8,22.00,53.18,,14.53,,0,0,0,0,,,,-1.00,-1.00,-1.00,-1.00,-1.00
2024-11-10T05:35:50Z,"0002cc0100000ec0","36545b08b6f93f1f081604883042cd7b000000000000ffffffffffffffffffffffff",2,3.94,,8,22.01,53.20,,14.42,,0,0,0,0,,,-1.00,-1.00,-1.00,-1.00,-1.00,-1.00
2024-11-10T05:41:46Z,"0002cc0100000ec0","36545b0a1af93f2c081604881842cc2e000000000000ffffffffffffffffffff",2,3.95,,8,22.01,53.16,,14.38,,0,0,0,0,,,,-1.00,-1.00,-1.00,-1.00,-1.00
2024-11-10T05:47:42Z,"0002cc0100000ec0","36545b0b7ef93f1f081604881f42cc2e000000000000ffffffffffffffffffffffff",2,3.94,,8,22.01,53.17,,14.38,,0,0,0,0,,,-1.00,-1.00,-1.00,-1.00,-1.00,-1.00
2024-11-10T05:53:38Z,"0002cc0100000ec0","36545b0ce2f93f34081604885742ce42000000000000ffffffffffffffffffff",2,3.95,,8,22.01,53.26,,14.45,,0,0,0,0,,,,-1.00,-1.00,-1.00,-1.00,-1.00
2024-11-10T05:59:33Z,"0002cc0100000ec0","36545b0e45f93f2c08160187fe42ccd5000000000000ffffffffffffffffffff",2,3.95,,8,22.00,53.12,,14.40,,0,0,0,0,,,,-1.00,-1.00,-1.00,-1.00,-1.00
2024-11-10T06:05:30Z,"0002cc0100000ec0","36545b0faaf93f2c081601883742ce42000000000000ffffffffffffffffffffffff",2,3.95,,8,22.00,53.21,,14.45,,0,0,0,0,,,-1.00,-1.00,-1.00,-1.00,-1.00,-1.00
2024-11-10T06:11:25Z,"0002cc0100000ec0","36545b110df93f2c081601885542cc2e000000000000ffffffffffbeffffffff",2,3.95,,8,22.00,53.26,,14.38,,0,0,0,0,,,,-1.00,-1.00,-0.97,-1.00,-1.00
2024-11-10T06:17:22Z,"0002cc0100000ec0","36545b1272f93f34081604881f42ce42000000000000ff8aff58ffffffffffffffff",2,3.95,,8,22.01,53.17,,14.45,,0,0,0,0,,,-1.00,-1.00,-1.00,-1.00,-0.92,-0.94
2024-11-10T06:23:17Z,"0002cc0100000ec0","36545b13d5f93f2c081604888742cd9b000000000000ffffffffffffffffffff",2,3.95,,8,22.01,53.33,,14.43,,0,0,0,0,,,,-1.00,-1.00,-1.00,-1.00,-1.00
2024-11-10T06:29:13Z,"0002cc0100000ec0","36545b1539f93f34081604881f42cfce000000000000ffffffffffffffffffffffff",2,3.95,,8,22.01,53.17,,14.49,,0,0,0,0,,,-1.00,-1.00,-1.00,-1.00,-1.00,-1.00
2024-11-10T06:35:09Z,"0002cc0100000ec0","36545b169df93f1f08160888a842cc2e000000000000ffffffffffffffffffff",2,3.94,,8,22.03,53.38,,14.38,,0,0,0,0,,,,-1.00,-1.00,-1.00,-1.00,-1.00
2024-11-10T06:41:05Z,"0002cc0100000ec0","36545b1801f93f3408160188a542d0fc000000000000ffffffffffffffffffff",2,3.95,,8,22.00,53.38,,14.53,,0,0,0,0,,,,-1.00,-1.00,-1.00,-1.00,-1.00
2024-11-10T06:47:01Z,"0002cc0100000ec0","36545b1965f93f2c08160488d642ccb5000000000000ffffffffffffffffffffffff",2,3.95,,8,22.01,53.45,,14.40,,0,0,0,0,,,-1.00,-1.00,-1.00,-1.00,-1.00,-1.00
2024-11-10T06:52:57Z,"0002cc0100000ec0","36545b1ac9f93f2c08160488b542d056000000000000ffffffffffffffffffff",2,3.95,,8,22.01,53.40,,14.51,,0,0,0,0,,,,-1.00,-1.00,-1.00,-1.00,-1.00
2024-11-10T06:58:53Z,"0002cc0100000ec0","36545b1c2df93f23081601885d42d056000000000000ffffffffffffffffffffffff",2,3.95,,8,22.00,53.27,,14.51,,0,0,0,0,,,-1.00,-1.00,-1.00,-1.00,-1.00,-1.00
2024-11-10T07:04:49Z,"0002cc0100000ec0","36545b1d91f93f2c0815fd883d42d0fc000000000000ffffffffffffffffffff",2,3.95,,8,21.99,53.22,,14.53,,0,0,0,0,,,,-1.00,-1.00,-1.00,-1.00,-1.00
2024-11-10T07:10:45Z,"0002cc0100000ec0","36545b1ef5f93f30081601883f42d0fc000000000000ffffffffffffffffffff",2,3.95,,8,22.00,53.22,,14.53,,0,0,0,0,,,,-1.00,-1.00,-1.00,-1.00,-1.00
2024-11-10T07:16:41Z,"0002cc0100000ec0","36545b2059f93f2c0815fd884542cc0e000000000000ffffffffffffffffffff",2,3.95,,8,21.99,53.23,,14.38,,0,0,0,0,,,,-1.00,-1.00,-1.00,-1.00,-1.00
2024-11-10T07:22:37Z,"0002cc0100000ec0","36545b21bdf93f2c0815fd881c42c16c000000000000ffffffffffffffffffffffff",2,3.95,,8,21.99,53.17,,14.04,,0,0,0,0,,,-1.00,-1.00,-1.00,-1.00,-1.00,-1.00
2024-11-10T07:28:33Z,"0002cc0100000ec0","36545b2321f93f2c081604889642cb67000000000000ffffffffffffffffffff",2,3.95,,8,22.01,53.35,,14.36,,0,0,0,0,,,,-1.00,-1.00,-1.00,-1.00,-1.00
2024-11-10T07:34:29Z,"0002cc0100000ec0","36545b2485f93f2c081601880f42d0fc000000000000ffffffffffffffffffff",2,3.95,,8,22.00,53.15,,14.53,,0,0,0,0,,,,-1.00,-1.00,-1.00,-1.00,-1.00
2024-11-10T07:40:25Z,"0002cc0100000ec0","36545b25e9f93f2c081601882e42cc0e000000000000ffffffffffffffffffffffff",2,3.95,,8,22.00,53.20,,14.38,,0,0,0,0,,,-1.00,-1.00,-1.00,-1.00,-1.00,-1.00
2024-11-10T07:46:20Z,"0002cc0100000ec0","36545b274cf93f23081604884842ccb5000000000000ffffffffffffffffffff",2,3.95,,8,22.01,53.24,,14.40,,0,0,0,0,,,,-1.00,-1.00,-1.00,-1.00,-1.00
2024-11-10T07:52:16Z,"0002cc0100000ec0","36545b28b0f93f2708160887fa42cd7b000000000000ffffffffffffffffffff",2,3.95,,8,22.03,53.12,,14.42,,0,0,0,0,,,,-1.00,-1.00,-1.00,-1.00,-1.00
2024-11-10T07:58:12Z,"0002cc0100000ec0","36545b2a14f93f2c08160c884b42d5a2000000000000fffffffffffffca35df67424",2,3.95,,8,22.04,53.24,,14.68,,0,0,0,0,,,0.26,0.05,-0.58,-1.00,-1.00,-1.00
2024-11-10T08:04:08Z,"0002cc0100000ec0","36545b2b78f93f2c08160f878e42d307000000000000fc6ffcfdffdcfebcfdad",2,3.95,,8,22.06,52.95,,14.59,,0,0,0,0,,,,-0.71,-0.84,-0.98,-0.62,-0.55
2024-11-10T08:10:04Z,"0002cc0100000ec0","36545b2cdcf93f2c081617873a42d4fb000000000000ff95ff34fffffd59ffffffff",2,3.95,,8,22.09,52.82,,14.66,,0,0,0,0,,,-1.00,-1.00,-0.67,-1.00,-0.90,-0.95
2024-11-10T08:16:00Z,"0002cc0100000ec0","36545b2e40f93f2c081613872942d688000000000000fffffffffdfbff4affff",2,3.95,,8,22.07,52.80,,14.70,,0,0,0,0,,,,-1.00,-0.91,-0.75,-1.00,-1.00
2024-11-10T08:21:57Z,"0002cc0100000ec0","36545b2fa5f93f2308160c871642d17a000000000000fd58fffff679ffffff8dffff",2,3.95,,8,22.04,52.77,,14.55,,0,0,0,0,,,-1.00,-0.94,-1.00,-0.40,-1.00,-0.67
2024-11-10T08:27:52Z,"0002cc0100000ec0","36545b3108f93f1308160886d542d5a2000000000000fffffdfcfffffffff739",2,3.94,,8,22.03,52.67,,14.68,,0,0,0,0,,,,-0.45,-1.00,-1.00,-0.75,-1.00
2024-11-10T08:33:48Z,"0002cc0100000ec0","36545b326cf93f2308160c877442d668000000000000fffffed8fffffffff4a5",2,3.95,,8,22.04,52.91,,14.70,,0,0,0,0,,,,-0.29,-1.00,-1.00,-0.86,-1.00
2024-11-10T08:39:45Z,"0002cc0100000ec0","36545b33d1f93f17081608877342d668000000000000ff9afeb6e486fffffde5fe30",2,3.94,,8,22.03,52.91,,14.70,,0,0,0,0,,,-0.77,-0.74,-1.00,-0.07,-0.84,-0.95
2024-11-10T08:45:41Z,"0002cc0100000ec0","36545b3535f202050000160c878c42d22b000000000000fd84fc15fe78f70d6ddb",2,,2.5.0.0,,22.04,52.95,,14.57,,0,0,0,0,,,,0.18,-0.44,-0.81,-0.51,-0.69
2024-11-10T08:51:37Z,"0002cc0100000ec0","36545b3699f93f2308161387af42ccb5000000000000f71ce6de74abf4216790",2,3.95,,8,22.07,53.00,,14.40,,0,0,0,0,,,,0.12,-0.26,0.29,-0.11,-0.44
2024-11-10T08:57:33Z,"0002cc0100000ec0","36545b37fdf93f3008160f87f542cfce000000000000fffffd7154096c9e6f77fd3f",2,3.95,,8,22.06,53.11,,14.49,,0,0,0,0,,,-0.66,0.23,0.14,0.02,-0.68,-1.00
2024-11-10T09:03:29Z,"0002cc0100000ec0","36545b3961f93f2308161387f742cdba000000000000fd63ff39fde7dd27fdf2",2,3.95,,8,22.07,53.11,,14.43,,0,0,0,0,,,,-0.74,-0.04,-0.74,-0.90,-0.67
2024-11-10T09:09:25Z,"0002cc0100000ec0","36545b3ac5f93f2308160f87c542c7f9000000000000fffffffffffffffffe9f",2,3.95,,8,22.06,53.04,,14.25,,0,0,0,0,,,,-0.83,-1.00,-1.00,-1.00,-1.00
2024-11-10T09:15:21Z,"0002cc0100000ec0","36545b3c29f93f2308160f87ad42d075000000000000fc56fffffffffdb5f736fef9",2,3.95,,8,22.06,53.00,,14.51,,0,0,0,0,,,-0.87,-0.45,-0.71,-1.00,-1.00,-0.54
2024-11-10T09:21:17Z,"0002cc0100000ec0","36545b3d8df93f2308160888cf42d330000000000000ffffffffffffffffffff",2,3.95,,8,22.03,53.44,,14.60,,0,0,0,0,,,,-1.00,-1.00,-1.00,-1.00,-1.00
2024-11-10T09:27:12Z,"0002cc0100000ec0","36545b3ef0f93f2308160f887b42d1e2000000000000ffffffffffffffffffff",2,3.95,,8,22.06,53.31,,14.56,,0,0,0,0,,,,-1.00,-1.00,-1.00,-1.00,-1.00
2024-11-10T09:33:09Z,"0002cc0100000ec0","36545b4055f93f1b08160f88a342d1e2000000000000ffffffffffffffffffffffff",2,3.94,,8,22.06,53.37,,14.56,,0,0,0,0,,,-1.00,-1.00,-1.00,-1.00,-1.00,-1.00
2024-11-10T09:39:04Z,"0002cc0100000ec0","36545b41b8f93f2708160c883342d11c000000000000ffffffffffffffffffff",2,3.95,,8,22.04,53.20,,14.53,,0,0,0,0,,,,-1.00,-1.00,-1.00,-1.00,-1.00
2024-11-10T09:45:00Z,"0002cc0100000ec0","36545b431cf93f1b081613884e42d1c3000000000000ffffffffffffffffffffffff",2,3.94,,8,22.07,53.24,,14.56,,0,0,0,0,,,-1.00,-1.00,-1.00,-1.00,-1.00,-1.00
2024-11-10T09:50:56Z,"0002cc0100000ec0","36545b4480f93f3008160c883a42d1c3000000000000ffffffffffffffffffff",2,3.95,,8,22.04,53.21,,14.56,,0,0,0,0,,,,-1.00,-1.00,-1.00,-1.00,-1.00
2024-11-10T09:56:52Z,"0002cc0100000ec0","36545b45e4f93f1b08160c87fb42d1c3000000000000ffffffffffffffffffff",2,3.94,,8,22.04,53.12,,14.56,,0,0,0,0,,,,-1.00,-1.00,-1.00,-1.00,-1.00
2024-11-10T10:02:48Z,"0002cc0100000ec0","36545b4748f93f2308160887eb42d1c3000000000000ffffffffffffffffffff",2,3.95,,8,22.03,53.09,,14.56,,0,0,0,0,,,,-1.00,-1.00,-1.00,-1.00,-1.00
2024-11-10T10:08:44Z,"0002cc0100000ec0","36545b48acf93f1b08160f880c42cfaf000000000000ffffffffffffffffffff",2,3.94,,8,22.06,53.14,,14.49,,0,0,0,0,,,,-1.00,-1.00,-1.00,-1.00,-1.00
2024-11-10T10:14:40Z,"0002cc0100000ec0","36545b4a10f93f1b08160f881542d3f6000000000000ffffffffffffffffffffffff",2,3.94,,8,22.06,53.16,,14.62,,0,0,0,0,,,-1.00,-1.00,-1.00,-1.00,-1.00,-1.00
2024-11-10T10:20:36Z,"0002cc0100000ec0","36545b4b74f93f13081604880942d11c000000000000ffffffffffffffffffff",2,3.94,,8,22.01,53.14,,14.53,,0,0,0,0,,,,-1.00,-1.00,-1.00,-1.00,-1.00
2024-11-10T10:26:32Z,"0002cc0100000ec0","36545b4cd8f93f30081608884942d289000000000000ffffffffffffffffffff",2,3.95,,8,22.03,53.24,,14.58,,0,0,0,0,,,,-1.00,-1.00,-1.00,-1.00,-1.00
2024-11-10T10:32:28Z,"0002cc0100000ec0","36545b4e3cf93f1b081604888742d11c000000000000ffffffffffffffffffffffff",2,3.94,,8,22.01,53.33,,14.53,,0,0,0,0,,,-1.00,-1.00,-1.00,-1.00,-1.00,-1.00
2024-11-10T10:38:24Z,"0002cc0100000ec0","36545b4fa0f93f1b08160f88ba42d11c000000000000ffffffffffffffffffff",2,3.94,,8,22.06,53.41,,14.53,,0,0,0,0,,,,-1.00,-1.00,-1.00,-1.00,-1.00
2024-11-10T10:44:20Z,"0002cc0100000ec0","36545b5104f93f1308160888be42d1c3000000000000ffffffffffffffffffffffff",2,3.94,,8,22.03,53.42,,14.56,,0,0,0,0,,,-1.00,-1.00,-1.00,-1.00,-1.00,-1.00
2024-11-10T10:50:16Z,"0002cc0100000ec0","36545b5268f93f1f08160c88c042d1c3000000000000ffffffdcffffffffffff",2,3.94,,8,22.04,53.42,,14.56,,0,0,0,0,,,,-1.00,-1.00,-1.00,-0.98,-1.00
2024-11-10T10:56:11Z,"0002cc0100000ec0","36545b53cbf93f1b08160f894142d11c000000000000ffffffffffffffffffff",2,3.94,,8,22.06,53.62,,14.53,,0,0,0,0,,,,-1.00,-1.00,-1.00,-1.00,-1.00
2024-11-10T11:02:07Z,"0002cc0100000ec0","36545b552ff93f2708160c892742d1c3000000000000ffffffffffffffffffffffff",2,3.95,,8,22.04,53.58,,14.56,,0,0,0,0,,,-1.00,-1.00,-1.00,-1.00,-1.00,-1.00
2024-11-10T11:08:03Z,"0002cc0100000ec0","36545b5693f93f2708160f894142d1c3000000000000ffffffffffffffffffff",2,3.95,,8,22.06,53.62,,14.56,,0,0,0,0,,,,-1.00,-1.00,-1.00,-1.00,-1.00
2024-11-10T11:13:59Z,"0002cc0100000ec0","36545b57f7f93f2308161388eb42d11c000000000000ffffffffffffffffffff",2,3.95,,8,22.07,53.48,,14.53,,0,0,0,0,,,,-1.00,-1.00,-1.00,-1.00,-1.00
2024-11-10T11:19:55Z,"0002cc0100000ec0","36545b595bf93f1b081617886642d1c3000000000000ffffffffffffffffffffffff",2,3.94,,8,22.09,53.28,,14.56,,0,0,0,0,,,-1.00,-1.00,-1.00,-1.00,-1.00,-1.00
2024-11-10T11:25:51Z,"0002cc0100000ec0","36545b5abff93f1b08160c882a42d289000000000000ffffffffffffffffffff",2,3.94,,8,22.04,53.19,,14.58,,0,0,0,0,,,,-1.00,-1.00,-1.00,-1.00,-1.00
2024-11-10T11:31:47Z,"0002cc0100000ec0","36545b5c23f93f13081608874c42d11c000000000000ffffffffffffffffffff",2,3.94,,8,22.03,52.85,,14.53,,0,0,0,0,,,,-1.00,-1.00,-1.00,-1.00,-1.00
2024-11-10T11:37:43Z,"0002cc0100000ec0","36545b5d87f93f1308160c86e642d1c3000000000000ffffffffffffffffffffffff",2,3.94,,8,22.04,52.70,,14.56,,0,0,0,0,,,-1.00,-1.00,-1.00,-1.00,-1.00,-1.00
2024-11-10T11:43:39Z,"0002cc0100000ec0","36545b5eebf93f1b08160f879542d0fc000000000000ffffffffffffffffffff",2,3.94,,8,22.06,52.96,,14.53,,0,0,0,0,,,,-1.00,-1.00,-1.00,-1.00,-1.00
2024-11-10T11:49:35Z,"0002cc0100000ec0","36545b604ff93f2708160c87d342d056000000000000ffffffffffffffffffff",2,3.95,,8,22.04,53.06,,14.51,,0,0,0,0,,,,-1.00,-1.00,-1.00,-1.00,-1.00
2024-11-10T11:55:31Z,"0002cc0100000ec0","36545b61b3f93f13081613881542d1c3000000000000ffffffffffffffffffffffff",2,3.94,,8,22.07,53.16,,14.56,,0,0,0,0,,,-1.00,-1.00,-1.00,-1.00,-1.00,-1.00
2024-11-10T12:01:27Z,"0002cc0100000ec0","36545b6317f93f1b081613876142c701000000000000ffffffffffffffffffff",2,3.94,,8,22.07,52.88,,14.22,,0,0,0,0,,,,-1.00,-1.00,-1.00,-1.00,-1.00
2024-11-10T12:07:23Z,"0002cc0100000ec0","36545b647bf93f1b081617871342d0fc000000000000ffffffffffffffffffff",2,3.94,,8,22.09,52.76,,14.53,,0,0,0,0,,,,-1.00,-1.00,-1.00,-1.00,-1.00
2024-11-10T12:13:18Z,"0002cc0100000ec0","36545b65def93f1308161a874342d269000000000000ffffffffffffffffffff",2,3.94,,8,22.10,52.84,,14.58,,0,0,0,0,,,,-1.00,-1.00,-1.00,-1.00,-1.00
2024-11-10T12:19:15Z,"0002cc0100000ec0","36545b6743f93f13081613874f42d310000000000000ffffffffffffffffffffffff",2,3.94,,8,22.07,52.86,,14.60,,0,0,0,0,,,-1.00,-1.00,-1.00,-1.00,-1.00,-1.00
2024-11-10T12:25:10Z,"0002cc0100000ec0","36545b68a6f93f13081617873242d269000000000000ffffffffffffffffffff",2,3.94,,8,22.09,52.81,,14.58,,0,0,0,0,,,,-1.00,-1.00,-1.00,-1.00,-1.00
2024-11-10T12:31:06Z,"0002cc0100000ec0","36545b6a0af93f1b08161e87e942d0fc000000000000ffffffffffffffffffff",2,3.94,,8,22.11,53.09,,14.53,,0,0,0,0,,,,-1.00,-1.00,-1.00,-1.00,-1.00
2024-11-10T12:37:02Z,"0002cc0100000ec0","36545b6b6ef93f2708161a87e842d0fc000000000000ffffffffffffffffffff",2,3.95,,8,22.10,53.09,,14.53,,0,0,0,0,,,,-1.00,-1.00,-1.00,-1.00,-1.00
2024-11-10T12:42:58Z,"0002cc0100000ec0","36545b6cd2f93f2708161a87d942d056000000000000ffffffffffffffffffff",2,3.95,,8,22.10,53.07,,14.51,,0,0,0,0,,,,-1.00,-1.00,-1.00,-1.00,-1.00
2024-11-10T12:48:54Z,"0002cc0100000ec0","36545b6e36f2020500001617880042d269000000000000ffffffffffffffffffffffff",2,,2.5.0.0,,22.09,53.13,,14.58,,0,0,0,0,,,-1.00,-1.00,-1.00,-1.00,-1.00,-1.00
2024-11-10T12:54:50Z,"0002cc0100000ec0","36545b6f9af93f1b08161787a142d269000000000000ffffffffffffffffffff",2,3.94,,8,22.09,52.98,,14.58,,0,0,0,0,,,,-1.00,-1.00,-1.00,-1.00,-1.00
2024-11-10T13:00:46Z,"0002cc0100000ec0","36545b70fef93f1b08161a87b242d0fc000000000000ffffffffffffffffffff",2,3.94,,8,22.10,53.01,,14.53,,0,0,0,0,,,,-1.00,-1.00,-1.00,-1.00,-1.00
2024-11-10T13:06:42Z,"0002cc0100000ec0","36545b7262f93f13081617880f42d1a3000000000000ffffffffffffffffffffffff",2,3.94,,8,22.09,53.15,,14.55,,0,0,0,0,,,-1.00,-1.00,-1.00,-1.00,-1.00,-1.00
2024-11-10T13:12:38Z,"0002cc0100000ec0","36545b73c6f93f13081613884542d310000000000000ffffffffffffffffffff",2,3.94,,8,22.07,53.23,,14.60,,0,0,0,0,,,,-1.00,-1.00,-1.00,-1.00,-1.00
2024-11-10T13:18:34Z,"0002cc0100000ec0","36545b752af93f1b08161a885842d269000000000000ffffffffffffffffffffffff",2,3.94,,8,22.10,53.26,,14.58,,0,0,0,0,,,-1.00,-1.00,-1.00,-1.00,-1.00,-1.00
2024-11-10T13:24:30Z,"0002cc0100000ec0","36545b768ef93f1f081617884642d1a3000000000000ffffffffffffffffffff",2,3.94,,8,22.09,53.23,,14.55,,0,0,0,0,,,,-1.00,-1.00,-1.00,-1.00,-1.00
2024-11-10T13:30:26Z,"0002cc0100000ec0","36545b77f2f93f1b08161388a342cf8f000000000000ffffffffffffffffffff",2,3.94,,8,22.07,53.37,,14.49,,0,0,0,0,,,,-1.00,-1.00,-1.00,-1.00,-1.00
2024-11-10T13:36:21Z,"0002cc0100000ec0","36545b7955f93f1b081617885742d0fc000000000000ffffffffffffffffffff",2,3.94,,8,22.09,53.26,,14.53,,0,0,0,0,,,,-1.00,-1.00,-1.00,-1.00,-1.00
2024-11-10T13:42:18Z,"0002cc0100000ec0","36545b7abaf93f1308161e88f742d1a3000000000000ffffffffffffffffffffffff",2,3.94,,8,22.11,53.50,,14.55,,0,0,0,0,,,-1.00,-1.00,-1.00,-1.00,-1.00,-1.00
2024-11-10T13:48:13Z,"0002cc0100000ec0","36545b7c1df93f1b08161a893c42d1a3000000000000ffffffffffffffffffff",2,3.94,,8,22.10,53.61,,14.55,,0,0,0,0,,,,-1.00,-1.00,-1.00,-1.00,-1.00
2024-11-10T13:54:09Z,"0002cc0100000ec0","36545b7d81f93f1b08162188a942d0fc000000000000ffffffffffffffffffff",2,3.94,,8,22.13,53.38,,14.53,,0,0,0,0,,,,-1.00,-1.00,-1.00,-1.00,-1.00
2024-11-10T14:00:05Z,"0002cc0100000ec0","36545b7ee5f93f1b08161e88c042d0fc000000000000ffffffffffffffffffff",2,3.94,,8,22.11,53.42,,14.53,,0,0,0,0,,,,-1.00,-1.00,-1.00,-1.00,-1.00
2024-11-10T14:06:01Z,"0002cc0100000ec0","36545b8049f93f1b08162588db42cf70000000000000ffffffffffffffffffffffff",2,3.94,,8,22.14,53.46,,14.48,,0,0,0,0,,,-1.00,-1.00,-1.00,-1.00,-1.00,-1.00
2024-11-10T14:11:57Z,"0002cc0100000ec0","36545b81adf93f1b08162588d3000000000000000000fffffffffffff5ca776f",2,3.94,,8,22.14,53.45,,0.00,,0,0,0,0,,,,0.46,-0.36,-1.00,-1.00,-1.00
2024-11-10T14:17:53Z,"0002cc0100000ec0","36545b8311f93f1b08162588db000000000000000000dda2f466ff4dfffffde1",2,3.94,,8,22.14,53.46,,0.00,,0,0,0,0,,,,-0.73,-1.00,-0.91,-0.27,-0.04
2024-11-10T14:23:49Z,"0002cc0100000ec0","36545b8475f93f1308161e88510000000000000000007d367701ffffffffffffffff",2,3.94,,8,22.11,53.25,,0.00,,0,0,0,0,,,-1.00,-1.00,-1.00,-1.00,0.44,0.65
2024-11-10T14:29:45Z,"0002cc0100000ec0","36545b85d9f93f1b08160c8879000000000000000000fd12ff0afea1fffffdf4",2,3.94,,8,22.04,53.31,,0.00,,0,0,0,0,,,,-0.74,-1.00,-0.83,-0.88,-0.63
2024-11-10T14:35:41Z,"0002cc0100000ec0","36545b873df93f1b081608891e000000000000000000e70d743fff2cf7c5fe88",2,3.94,,8,22.03,53.56,,0.00,,0,0,0,0,,,,-0.82,-0.49,-0.90,0.27,-0.11
2024-11-10T14:41:37Z,"0002cc0100000ec0","36545b88a1f93f1b0815f688f7000000000000000000fffffe4afffdfefcffa9",2,3.94,,8,21.96,53.50,,0.00,,0,0,0,0,,,,-0.96,-0.87,-1.00,-0.79,-1.00
2024-11-10T14:47:34Z,"0002cc0100000ec0","36545b8a06f93f130815f289db000000000000000000fec2ffd4ff75ed59fd3a74a7",2,3.94,,8,21.95,53.85,,0.00,,0,0,0,0,,,0.29,-0.65,-0.17,-0.93,-0.98,-0.84
2024-11-10T14:53:29Z,"0002cc0100000ec0","36545b8b69f93f1b0815e189260000000000000000007c79fe6cff6cfce0fffe",2,3.94,,8,21.88,53.57,,0.00,,0,0,0,0,,,,-1.00,-0.61,-0.93,-0.80,0.56
2024-11-10T14:59:26Z,"0002cc0100000ec0","36545b8ccef93f270815d9897a000000000000000000fffffef95de6fc6afff8ffff",2,3.95,,8,21.85,53.70,,0.00,,0,0,0,0,,,-1.00,-1.00,-0.55,0.05,-0.87,-1.00
2024-11-10T15:05:22Z,"0002cc0100000ec0","36545b8e32f93f1b0815cb89c3000000000000000000fffff59fffffffffffff",2,3.94,,8,21.79,53.81,,0.00,,0,0,0,0,,,,-1.00,-1.00,-1.00,-0.35,-1.00
2024-11-10T15:11:18Z,"0002cc0100000ec0","36545b8f96f93f0b0815c08a46000000000000000000fcdefc8efde1f6c2fed5",2,3.94,,8,21.75,54.01,,0.00,,0,0,0,0,,,,-0.85,-0.42,-0.74,-0.57,-0.61
2024-11-10T15:17:14Z,"0002cc0100000ec0","36545b90faf93f170815c78bca0000000000000000006ec975e3fd4cfffeffff",2,3.94,,8,21.78,54.61,,0.00,,0,0,0,0,,,,-1.00,-1.00,-0.66,0.37,0.21
2024-11-10T15:23:10Z,"0002cc0100000ec0","36545b925ef93f170815c48c9f000000000000000000ffffffffffffffe2767f",2,3.94,,8,21.76,54.93,,0.00,,0,0,0,0,,,,0.41,-0.99,-1.00,-1.00,-1.00
2024-11-10T15:29:06Z,"0002cc0100000ec0","36545b93c2f93f170815c78d3e000000000000000000ee99ffffffffff216c04",2,3.94,,8,21.78,55.17,,0.00,,0,0,0,0,,,,0.13,-0.89,-1.00,-1.00,-0.21
2024-11-10T15:35:02Z,"0002cc0100000ec0","36545b9526f93f1b0815c78d67000000000000000000f615f4defe30fd98fffffc36",2,3.94,,8,21.78,55.24,,0.00,,0,0,0,0,,,-0.53,-1.00,-0.70,-0.77,-0.30,-0.38
2024-11-10T15:40:58Z,"0002cc0100000ec0","36545b968af93f170815cb8cf8000000000000000000fffffeb9ffbffe02fe33",2,3.94,,8,21.79,55.07,,0.00,,0,0,0,0,,,,-0.77,-0.75,-0.97,-0.84,-1.00
2024-11-10T15:46:54Z,"0002cc0100000ec0","36545b97eef93f170815c48c77000000000000000000ec98efacfecefef6fef7ffc0",2,3.94,,8,21.76,54.87,,0.00,,0,0,0,0,,,-0.97,-0.87,-0.87,-0.85,-0.24,-0.14
2024-11-10T15:52:50Z,"0002cc0100000ec0","36545b9952f93f270815c48d4c000000000000000000ffffffd1fc1af4edec36",2,3.95,,8,21.76,55.19,,0.00,,0,0,0,0,,,,-0.13,-0.31,-0.51,-0.98,-1.00
2024-11-10T15:58:46Z,"0002cc0100000ec0","36545b9ab6f93f030815bc8c84000000000000000000ffffffffff03ffffffffffff",2,3.94,,8,21.73,54.89,,0.00,,0,0,0,0,,,-1.00,-1.00,-1.00,-0.88,-1.00,-1.00
2024-11-10T16:04:42Z,"0002cc0100000ec0","36545b9c1af93f170815b48d37000000000000000000fffffffffc5b6f626e9f",2,3.94,,8,21.70,55.16,,0.00,,0,0,0,0,,,,0.21,0.23,-0.54,-1.00,-1.00
2024-11-10T16:10:38Z,"0002cc0100000ec0","36545b9d7ef93f170815ad8de0000000000000000000ffffffffffffffffffff",2,3.94,,8,21.68,55.42,,0.00,,0,0,0,0,,,,-1.00,-1.00,-1.00,-1.00,-1.00
2024-11-10T16:16:34Z,"0002cc0100000ec0","36545b9ee2f93f170815ad8d9a000000000000000000ffffffffffffffffffffffff",2,3.94,,8,21.68,55.31,,0.00,,0,0,0,0,,,-1.00,-1.00,-1.00,-1.00,-1.00,-1.00
2024-11-10T16:22:30Z,"0002cc0100000ec0","36545ba046f93f170815ad8dfa000000000000000000ffffffffffffffffffff",2,3.94,,8,21.68,55.46,,0.00,,0,0,0,0,,,,-1.00,-1.00,-1.00,-1.00,-1.00
2024-11-10T16:28:26Z,"0002cc0100000ec0","36545ba1aaf93f1f0815a68e0d000000000000000000ffffffffffffffffffa3",2,3.94,,8,21.65,55.49,,0.00,,0,0,0,0,,,,-0.95,-1.00,-1.00,-1.00,-1.00
2024-11-10T16:34:22Z,"0002cc0100000ec0","36545ba30ef93f170815a28e82000000000000000000ffffffffffffffffffffffff",2,3.94,,8,21.63,55.67,,0.00,,0,0,0,0,,,-1.00,-1.00,-1.00,-1.00,-1.00,-1.00
2024-11-10T16:40:18Z,"0002cc0100000ec0","36545ba472f93f1b0815a28f18000000000000000000ffffffffffffffffffff",2,3.94,,8,21.63,55.90,,0.00,,0,0,0,0,,,,-1.00,-1.00,-1.00,-1.00,-1.00
2024-11-10T16:46:13Z,"0002cc0100000ec0","36545ba5d5f93f170815a68f5100000000000000000074df753ef4eaf445efcb",2,3.94,,8,21.65,55.98,,0.00,,0,0,0,0,,,,-0.24,-0.27,-0.31,0.33,0.30
2024-11-10T16:52:10Z,"0002cc0100000ec0","36545ba73af20205000015a28e8b000000000000000000fffffc07efcefe3affaeffaa",2,,2.5.0.0,,21.63,55.68,,0.00,,0,0,0,0,,,-0.96,-0.96,-0.78,-0.24,-0.50,-1.00
2024-11-10T16:58:06Z,"0002cc0100000ec0","36545ba89ef93f1708159f8ed0000000000000000000fffffffffffffea0fe9f",2,3.94,,8,21.62,55.79,,0.00,,0,0,0,0,,,,-0.83,-0.83,-1.00,-1.00,-1.00
2024-11-10T17:04:01Z,"0002cc0100000ec0","36545baa01f93f030815948ecc000000000000000000fde4ff3fffffff6efd99",2,3.94,,8,21.58,55.78,,0.00,,0,0,0,0,,,,-0.70,-0.93,-1.00,-0.91,-0.74
2024-11-10T17:09:58Z,"0002cc0100000ec0","36545bab66f93f0f0815949007000000000000000000f551fc91fffffffff759ffff",2,3.94,,8,21.58,56.26,,0.00,,0,0,0,0,,,-1.00,-0.46,-1.00,-1.00,-0.57,-0.33
2024-11-10T17:15:54Z,"0002cc0100000ec0","36545baccaf93f0f0815988f92000000000000000000ffffff434faee566e4d0",2,3.94,,8,21.59,56.08,,0.00,,0,0,0,0,,,,-0.08,-0.08,0.02,-0.91,-1.00
2024-11-10T17:21:50Z,"0002cc0100000ec0","36545bae2ef93f0f08158d8f27000000000000000000ffffffffffffffffffff",2,3.94,,8,21.55,55.92,,0.00,,0,0,0,0,,,,-1.00,-1.00,-1.00,-1.00,-1.00
2024-11-10T17:27:45Z,"0002cc0100000ec0","36545baf91f93f1b08158d8f2f000000000000000000fffffd256c06f450ff71",2,3.94,,8,21.55,55.93,,0.00,,0,0,0,0,,,,-0.93,-0.27,0.13,-0.64,-1.00
2024-11-10T17:33:42Z,"0002cc0100000ec0","36545bb0f6f93f170815868f63000000000000000000ffffffffffffffb6f72dffff",2,3.94,,8,21.52,56.01,,0.00,,0,0,0,0,,,-1.00,-0.45,-0.96,-1.00,-1.00,-1.00
2024-11-10T17:39:38Z,"0002cc0100000ec0","36545bb25af93f1b0815868fd8000000000000000000fffffffffffffffffdf1",2,3.94,,8,21.52,56.19,,0.00,,0,0,0,0,,,,-0.74,-1.00,-1.00,-1.00,-1.00
2024-11-10T17:45:34Z,"0002cc0100000ec0","36545bb3bef93f1b08157f8fb7000000000000000000ffffffceffffffffffff",2,3.94,,8,21.49,56.14,,0.00,,0,0,0,0,,,,-1.00,-1.00,-1.00,-0.98,-1.00
2024-11-10T17:51:30Z,"0002cc0100000ec0","36545bb522f93f0f0815869080000000000000000000df9be76fe495ed6967d8ef89",2,3.94,,8,21.52,56.45,,0.00,,0,0,0,0,,,-0.24,0.12,-0.17,-0.07,-0.12,-0.06
2024-11-10T17:57:26Z,"0002cc0100000ec0","36545bb686f93f1b08158991cc000000000000000000f471f4947478ef74f68e",2,3.94,,8,21.53,56.95,,0.00,,0,0,0,0,,,,-0.41,-0.23,0.28,-0.29,-0.28
2024-11-10T18:03:22Z,"0002cc0100000ec0","36545bb7eaf93f1f081598921a000000000000000000fd68f6ae76556f9d7689",2,3.94,,8,21.59,57.07,,0.00,,0,0,0,0,,,,0.41,0.24,0.40,-0.42,-0.68
2024-11-10T18:09:18Z,"0002cc0100000ec0","36545bb94ef93f0308159891f1000000000000000000fd4b7e52ef4eff94ff76ee0a",2,3.94,,8,21.59,57.01,,0.00,,0,0,0,0,,,-0.19,-0.93,-0.95,-0.23,0.79,-0.66
2024-11-10T18:15:14Z,"0002cc0100000ec0","36545bbab2f93f0308159c929200000000000000000077a47749f684ce9dffff",2,3.94,,8,21.61,57.25,,0.00,,0,0,0,0,,,,-1.00,-0.01,-0.41,0.46,0.48
2024-11-10T18:21:10Z,"0002cc0100000ec0","36545bbc16f93f1b08159c9041000000000000000000f65d741b7c6c7715f70c",2,3.94,,8,21.61,56.35,,0.00,,0,0,0,0,,,,-0.44,0.44,0.55,0.26,-0.40
2024-11-10T18:27:06Z,"0002cc0100000ec0","36545bbd7af93f0f0815918ef1000000000000000000ff16f62af6d3ffaffdeb",2,3.94,,8,21.56,55.84,,0.00,,0,0,0,0,,,,-0.74,-0.96,-0.43,-0.39,-0.89
2024-11-10T18:33:02Z,"0002cc0100000ec0","36545bbedef93f0f0815948eeb000000000000000000fffff59574b66edbfeef",2,3.94,,8,21.58,55.83,,0.00,,0,0,0,0,,,,-0.87,0.21,0.29,-0.35,-1.00
2024-11-10T18:38:58Z,"0002cc0100000ec0","36545bc042f93f0f0815918e7c000000000000000000751b6cb674a1f58fff11ffff",2,3.94,,8,21.56,55.66,,0.00,,0,0,0,0,,,-1.00,-0.88,-0.35,0.29,0.15,0.32
2024-11-10T18:44:54Z,"0002cc0100000ec0","36545bc1a6f93f0f0815828e5d000000000000000000ffffffffffffffffffff",2,3.94,,8,21.51,55.61,,0.00,,0,0,0,0,,,,-1.00,-1.00,-1.00,-1.00,-1.00
2024-11-10T18:50:50Z,"0002cc0100000ec0","36545bc30af93f0f08157b8dec000000000000000000fc14ffffffffffffffff",2,3.94,,8,21.48,55.44,,0.00,,0,0,0,0,,,,-1.00,-1.00,-1.00,-1.00,-0.51
2024-11-10T18:56:46Z,"0002cc0100000ec0","36545bc46ef93f0f0815748e18000000000000000000ffffff786d24f784ff47ffe2",2,3.94,,8,21.45,55.51,,0.00,,0,0,0,0,,,-0.99,-0.91,-0.47,0.16,-0.93,-1.00
2024-11-10T19:02:42Z,"0002cc0100000ec0","36545bc5d2f93f1b0815718e2e000000000000000000fe9bff5dfed5ffffffa1",2,3.94,,8,21.44,55.54,,0.00,,0,0,0,0,,,,-0.95,-1.00,-0.85,-0.92,-0.83
2024-11-10T19:08:38Z,"0002cc0100000ec0","36545bc736f93f0f0815748ebe000000000000000000fe54ffffffffffffffff",2,3.94,,8,21.45,55.76,,0.00,,0,0,0,0,,,,-1.00,-1.00,-1.00,-1.00,-0.79
2024-11-10T19:14:34Z,"0002cc0100000ec0","36545bc89af93f0f0815748ede000000000000000000fffffffffffffffff566ffd5",2,3.94,,8,21.45,55.81,,0.00,,0,0,0,0,,,-0.98,-0.34,-1.00,-1.00,-1.00,-1.00
2024-11-10T19:20:30Z,"0002cc0100000ec0","36545bc9fef93f0f0815778eaf000000000000000000ffffffffffffffffffff",2,3.94,,8,21.46,55.74,,0.00,,0,0,0,0,,,,-1.00,-1.00,-1.00,-1.00,-1.00
2024-11-10T19:26:26Z,"0002cc0100000ec0","36545bcb62f93f0708156c8f02000000000000000000ffffffffffffffffffffffff",2,3.94,,8,21.42,55.86,,0.00,,0,0,0,0,,,-1.00,-1.00,-1.00,-1.00,-1.00,-1.00
2024-11-10T19:32:22Z,"0002cc0100000ec0","36545bccc6f93f0f08156c8f51000000000000000000ffffffffffffffa9fff3",2,3.94,,8,21.42,55.98,,0.00,,0,0,0,0,,,,-0.99,-0.96,-1.00,-1.00,-1.00
2024-11-10T19:38:18Z,"0002cc0100000ec0","36545bce2af93f0f08156c8f59000000000000000000ffffffffffffffffffffffff",2,3.94,,8,21.42,56.00,,0.00,,0,0,0,0,,,-1.00,-1.00,-1.00,-1.00,-1.00,-1.00
2024-11-10T19:44:14Z,"0002cc0100000ec0","36545bcf8ef93f0f0815668ff3000000000000000000ffffffffffa3ffffffff",2,3.94,,8,21.40,56.23,,0.00,,0,0,0,0,,,,-1.00,-1.00,-0.95,-1.00,-1.00
2024-11-10T19:50:10Z,"0002cc0100000ec0","36545bd0f2f93f07081566900b000000000000000000ffffffffffffffffffffffff",2,3.94,,8,21.40,56.27,,0.00,,0,0,0,0,,,-1.00,-1.00,-1.00,-1.00,-1.00,-1.00
2024-11-10T19:56:06Z,"0002cc0100000ec0","36545bd256f93f0f0815628f93000000000000000000ffffffffffffffffffff",2,3.94,,8,21.38,56.08,,0.00,,0,0,0,0,,,,-1.00,-1.00,-1.00,-1.00,-1.00
2024-11-10T20:02:02Z,"0002cc0100000ec0","36545bd3baf93f0f0815628fa2000000000000000000ffffffffffffffffff89ffff",2,3.94,,8,21.38,56.11,,0.00,,0,0,0,0,,,-1.00,-0.94,-1.00,-1.00,-1.00,-1.00
2024-11-10T20:07:58Z,"0002cc0100000ec0","36545bd51ef93f0f08155e8f92000000000000000000ffffffffffffffffffffffff",2,3.94,,8,21.37,56.08,,0.00,,0,0,0,0,,,-1.00,-1.00,-1.00,-1.00,-1.00,-1.00
2024-11-10T20:13:54Z,"0002cc0100000ec0","36545bd682f93f0f08155e8fda000000000000000000ffffffe6ffe6ffffffff",2,3.94,,8,21.37,56.19,,0.00,,0,0,0,0,,,,-1.00,-1.00,-0.99,-0.99,-1.00
2024-11-10T20:19:50Z,"0002cc0100000ec0","36545bd7e6f93f0708155b8fef000000000000000000ffffffffffffffffffffff8c",2,3.94,,8,21.35,56.22,,0.00,,0,0,0,0,,,-0.94,-1.00,-1.00,-1.00,-1.00,-1.00
2024-11-10T20:25:46Z,"0002cc0100000ec0","36545bd94af93f1b0815629077000000000000000000ffffffffffffffffffff",2,3.94,,8,21.38,56.43,,0.00,,0,0,0,0,,,,-1.00,-1.00,-1.00,-1.00,-1.00
2024-11-10T20:31:42Z,"0002cc0100000ec0","36545bdaaef93f03081557909a000000000000000000ffffffffffaeffffffffffff",2,3.94,,8,21.34,56.49,,0.00,,0,0,0,0,,,-1.00,-1.00,-1.00,-0.96,-1.00,-1.00
2024-11-10T20:37:38Z,"0002cc0100000ec0","36545bdc12f93f0f0815669098000000000000000000ffffffffffa7ff61ffff",2,3.94,,8,21.40,56.48,,0.00,,0,0,0,0,,,,-1.00,-0.92,-0.96,-1.00,-1.00
2024-11-10T20:43:33Z,"0002cc0100000ec0","36545bdd75f93f0f08155b90b5000000000000000000ffffffffffffffffffff",2,3.94,,8,21.35,56.53,,0.00,,0,0,0,0,,,,-1.00,-1.00,-1.00,-1.00,-1.00
2024-11-10T20:49:30Z,"0002cc0100000ec0","36545bdedaf93f0f081557903d000000000000000000ffffffffffffffffffffff0a",2,3.94,,8,21.34,56.34,,0.00,,0,0,0,0,,,-0.88,-1.00,-1.00,-1.00,-1.00,-1.00
2024-11-10T20:55:25Z,"0002cc0100000ec0","36545be03df2020500001557902c000000000000000000ffffffffffffffffffff",2,,2.5.0.0,,21.34,56.32,,0.00,,0,0,0,0,,,,-1.00,-1.00,-1.00,-1.00,-1.00
2024-11-10T21:01:21Z,"0002cc0100000ec0","36545be1a1f93f0f0815578ffc000000000000000000ffffffffffffffffffffffff",2,3.94,,8,21.34,56.24,,0.00,,0,0,0,0,,,-1.00,-1.00,-1.00,-1.00,-1.00,-1.00
2024-11-10T21:07:17Z,"0002cc0100000ec0","36545be305f93efe0815578fe6000000000000000000ffffffffffffffffffff",2,3.94,,8,21.34,56.21,,0.00,,0,0,0,0,,,,-1.00,-1.00,-1.00,-1.00,-1.00
2024-11-10T21:13:13Z,"0002cc0100000ec0","36545be469f93f070815578ffc000000000000000000ffffffffffffffffffff",2,3.94,,8,21.34,56.24,,0.00,,0,0,0,0,,,,-1.00,-1.00,-1.00,-1.00,-1.00
2024-11-10T21:19:09Z,"0002cc0100000ec0","36545be5cdf93f0f08155390523a8d2f000000000000ffffffffffffffffffffffff",2,3.94,,8,21.32,56.38,,0.05,,0,0,0,0,,,-1.00,-1.00,-1.00,-1.00,-1.00,-1.00
2024-11-10T21:25:05Z,"0002cc0100000ec0","36545be731f93f0f0815579074000000000000000000ffffffffffffffffffff",2,3.94,,8,21.34,56.43,,0.00,,0,0,0,0,,,,-1.00,-1.00,-1.00,-1.00,-1.00
2024-11-10T21:31:01Z,"0002cc0100000ec0","36545be895f93f0308155b9076000000000000000000ffffffffffdcffffffffffff",2,3.94,,8,21.35,56.43,,0.00,,0,0,0,0,,,-1.00,-1.00,-1.00,-0.98,-1.00,-1.00
2024-11-10T21:36:57Z,"0002cc0100000ec0","36545be9f9f93f070815539089000000000000000000ffffffffffffffffffff",2,3.94,,8,21.32,56.46,,0.00,,0,0,0,0,,,,-1.00,-1.00,-1.00,-1.00,-1.00
2024-11-10T21:42:53Z,"0002cc0100000ec0","36545beb5df93efe08155390a9000000000000000000ffffffffffffffffffffffff",2,3.94,,8,21.32,56.51,,0.00,,0,0,0,0,,,-1.00,-1.00,-1.00,-1.00,-1.00,-1.00
2024-11-10T21:48:49Z,"0002cc0100000ec0","36545becc1f93f0f0815579092000000000000000000ffffffffffffffffffff",2,3.94,,8,21.34,56.47,,0.00,,0,0,0,0,,,,-1.00,-1.00,-1.00,-1.00,-1.00
2024-11-10T21:54:45Z,"0002cc0100000ec0","36545bee25f93f070815509079000000000000000000ffffffffffffffffffffffff",2,3.94,,8,21.31,56.44,,0.00,,0,0,0,0,,,-1.00,-1.00,-1.00,-1.00,-1.00,-1.00
2024-11-10T22:00:41Z,"0002cc0100000ec0","36545bef89f93f0708155390a0000000000000000000ffffffffffffffffffff",2,3.94,,8,21.32,56.50,,0.00,,0,0,0,0,,,,-1.00,-1.00,-1.00,-1.00,-1.00
2024-11-10T22:06:37Z,"0002cc0100000ec0","36545bf0edf93f0708154c90fd000000000000000000ffffffffffffffffffff",2,3.94,,8,21.30,56.64,,0.00,,0,0,0,0,,,,-1.00,-1.00,-1.00,-1.00,-1.00
2024-11-10T22:12:33Z,"0002cc0100000ec0","36545bf251f93f0f0815629143000000000000000000fffffffffd9e6c41e580fd9d",2,3.94,,8,21.38,56.74,,0.00,,0,0,0,0,,,-0.70,-0.09,0.13,-0.70,-1.00,-1.00
2024-11-10T22:18:29Z,"0002cc0100000ec0","36545bf3b5d93f07081566917e000000000000fffff5115d64ff987782",2,3.94,,8,21.40,56.83,,,,0,0,0,0,,,,0.47,-0.95,0.04,-0.32,-1.00
2024-11-10T22:24:25Z,"0002cc0100000ec0","36545bf519f93f0708155e9104000000000000000000ffffffffff72ffffffff",2,3.94,,8,21.37,56.65,,0.00,,0,0,0,0,,,,-1.00,-1.00,-0.93,-1.00,-1.00
2024-11-10T22:30:21Z,"0002cc0100000ec0","36545bf67df93f1308156290f5000000000000000000ffffffffffffffffffffffb4",2,3.94,,8,21.38,56.62,,0.00,,0,0,0,0,,,-0.96,-1.00,-1.00,-1.00,-1.00,-1.00
2024-11-10T22:36:17Z,"0002cc0100000ec0","36545bf7e1f93f0708156691f4000000000000000000fc2ae7c0ff105c69fe8a",2,3.94,,8,21.40,57.01,,0.00,,0,0,0,0,,,,-0.82,0.03,-0.88,-0.12,-0.52
2024-11-10T22:42:13Z,"0002cc0100000ec0","36545bf945f93efe0815719220000000000000000000fffff4e2fddbfffffc0eef13",2,3.94,,8,21.44,57.08,,0.00,,0,0,0,0,,,-0.22,-0.51,-1.00,-0.73,-0.31,-1.00
2024-11-10T22:48:09Z,"0002cc0100000ec0","36545bfaa9f93f030815719200000000000000000000ff2ffffff434fdfef682",2,3.94,,8,21.44,57.03,,0.00,,0,0,0,0,,,,-0.41,-0.75,-0.26,-1.00,-0.90
2024-11-10T22:54:05Z,"0002cc0100000ec0","36545bfc0df93f0708158991db000000000000000000f763ff8affffefef746b",2,3.94,,8,21.53,56.98,,0.00,,0,0,0,0,,,,0.28,-0.25,-1.00,-0.94,-0.46
2024-11-10T23:00:01Z,"0002cc0100000ec0","36545bfd71f93f0308158d9167000000000000000000fe02ee07f765fdecff28fdd8",2,3.94,,8,21.55,56.80,,0.00,,0,0,0,0,,,-0.73,-0.89,-0.74,-0.46,-0.19,-0.75
2024-11-10T23:05:57Z,"0002cc0100000ec0","36545bfed5f93f0708159890ce0000000000000000007464fd01f7b8fff6ff86",2,3.94,,8,21.59,56.57,,0.00,,0,0,0,0,,,,-0.94,-1.00,-0.48,-0.63,0.27
2024-11-10T23:11:53Z,"0002cc0100000ec0","36545c0039f93f03081598917b000000000000000000ffffffffffffff66ffd0",2,3.94,,8,21.59,56.83,,0.00,,0,0,0,0,,,,-0.98,-0.92,-1.00,-1.00,-1.00
2024-11-10T23:17:49Z,"0002cc0100000ec0","36545c019df93f03081598918b000000000000000000ffffffffffffffe9ff51ffff",2,3.94,,8,21.59,56.85,,0.00,,0,0,0,0,,,-1.00,-0.91,-0.99,-1.00,-1.00,-1.00
2024-11-10T23:23:45Z,"0002cc0100000ec0","36545c0301f93f030815989143000000000000000000ffffffffffffffffffff",2,3.94,,8,21.59,56.74,,0.00,,0,0,0,0,,,,-1.00,-1.00,-1.00,-1.00,-1.00
2024-11-10T23:29:41Z,"0002cc0100000ec0","36545c0465f93f0708159c9175000000000000000000ffffffffffffffffffff",2,3.94,,8,21.61,56.82,,0.00,,0,0,0,0,,,,-1.00,-1.00,-1.00,-1.00,-1.00
2024-11-10T23:35:37Z,"0002cc0100000ec0","36545c05c9f93f0308159890e6000000000000000000ffffffffffffffffffff",2,3.94,,8,21.59,56.60,,0.00,,0,0,0,0,,,,-1.00,-1.00,-1.00,-1.00,-1.00
2024-11-10T23:41:33Z,"0002cc0100000ec0","36545c072df93f0b08159f90e2000000000000000000ffffffffffffffffffffffff",2,3.94,,8,21.62,56.60,,0.00,,0,0,0,0,,,-1.00,-1.00,-1.00,-1.00,-1.00,-1.00
2024-11-10T23:47:29Z,"0002cc0100000ec0","36545c0891f93efe08159c9106000000000000000000ffffffffffffffe2ffff",2,3.94,,8,21.61,56.65,,0.00,,0,0,0,0,,,,-1.00,-0.99,-1.00,-1.00,-1.00
2024-11-10T23:53:25Z,"0002cc0100000ec0","36545c09f5f93f0708159f90c1000000000000000000fd27f688ffffffffffff",2,3.94,,8,21.62,56.55,,0.00,,0,0,0,0,,,,-1.00,-1.00,-1.00,-0.41,-0.64
2024-11-10T23:59:21Z,"0002cc0100000ec0","36545c0b59f93f0308159c90c7000000000000000000ffffffffffb7ffffffff",2,3.94,,8,21.61,56.55,,0.00,,0,0,0,0,,,,-1.00,-1.00,-0.96,-1.00,-1.00
