Time,DevEUI,Raw,Port,Vbat,Version,BootCount,T,RH,P,Light,CO2,P[0].delta,P[0].total,P[1].delta,P[1].total,Act[7],Act[6],Act[5],Act[4],Act[3],Act[2],Act[1],Act[0]
2024-11-16T00:01:57Z,"0002cc0100000ec0","365462a375f93e090815828f99000000000000000000ffffffffffffffffffff",2,3.88,,8,21.51,56.09,,0.00,,0,0,0,0,,,,-1.00,-1.00,-1.00,-1.00,-1.00
2024-11-16T00:07:53Z,"0002cc0100000ec0","365462a4d9f93e1508157b8f5f000000000000000000ffffffffffffffffffffffff",2,3.88,,8,21.48,56.01,,0.00,,0,0,0,0,,,-1.00,-1.00,-1.00,-1.00,-1.00,-1.00
2024-11-16T00:13:49Z,"0002cc0100000ec0","365462a63df93e150815778f8c000000000000000000ffffffffffffffffffff",2,3.88,,8,21.46,56.07,,0.00,,0,0,0,0,,,,-1.00,-1.00,-1.00,-1.00,-1.00
2024-11-16T00:19:45Z,"0002cc0100000ec0","365462a7a1f93e1508157f8f12000000000000000000ffffffffffffffffffff",2,3.88,,8,21.49,55.89,,0.00,,0,0,0,0,,,,-1.00,-1.00,-1.00,-1.00,-1.00
2024-11-16T00:25:41Z,"0002cc0100000ec0","365462a905f93e150815898f8c000000000000000000e5ddedc5fc25feeff557",2,3.88,,8,21.53,56.07,,0.00,,0,0,0,0,,,,-0.33,-0.87,-0.52,-0.18,-0.09
2024-11-16T00:31:37Z,"0002cc0100000ec0","365462aa69f93e090815898ea6000000000000000000fc1afc73fe61fe3cfffffddb",2,3.88,,8,21.53,55.72,,0.00,,0,0,0,0,,,-0.73,-1.00,-0.78,-0.80,-0.56,-0.51
2024-11-16T00:37:33Z,"0002cc0100000ec0","365462abcdf93e090815898e40000000000000000000ff62fffffffffffffdba",2,3.88,,8,21.53,55.57,,0.00,,0,0,0,0,,,,-0.72,-1.00,-1.00,-1.00,-0.92
2024-11-16T00:43:29Z,"0002cc0100000ec0","365462ad31f93e090815918e840000000000000000005e2cf74bfd70dc73f780",2,3.88,,8,21.56,55.67,,0.00,,0,0,0,0,,,,-0.47,-0.03,-0.68,-0.46,0.05
2024-11-16T00:49:25Z,"0002cc0100000ec0","365462ae95f93e150815948f81000000000000000000ef00f50cffecfd46fdebfcf9",2,3.88,,8,21.58,56.06,,0.00,,0,0,0,0,,,-0.62,-0.74,-0.66,-0.99,-0.32,-0.22
2024-11-16T00:55:21Z,"0002cc0100000ec0","365462aff9f93e090815918e73000000000000000000ffffff8cff08ff6bffff",2,3.88,,8,21.56,55.65,,0.00,,0,0,0,0,,,,-1.00,-0.93,-0.88,-0.94,-1.00
2024-11-16T01:01:17Z,"0002cc0100000ec0","365462b15df93e1508158d8e22000000000000000000ffffffff6610fd41fe68",2,3.88,,8,21.55,55.52,,0.00,,0,0,0,0,,,,-0.80,-0.66,0.09,-1.00,-1.00
2024-11-16T01:07:13Z,"0002cc0100000ec0","365462b2c1f93e090815948f39000000000000000000fed5fd98dc45ff5c5c0b",2,3.88,,8,21.58,55.95,,0.00,,0,0,0,0,,,,0.03,-0.92,-0.03,-0.70,-0.85
2024-11-16T01:13:09Z,"0002cc0100000ec0","365462b425f93e150815918f3f000000000000000000fffffd5e66b4fd8ffe91",2,3.88,,8,21.56,55.96,,0.00,,0,0,0,0,,,,-0.82,-0.69,0.10,-0.67,-1.00
2024-11-16T01:19:05Z,"0002cc0100000ec0","365462b589f93e1508159f8fd4000000000000000000fff2fffffe14ffffffffffff",2,3.88,,8,21.62,56.18,,0.00,,0,0,0,0,,,-1.00,-1.00,-1.00,-0.76,-1.00,-0.99
2024-11-16T01:25:01Z,"0002cc0100000ec0","365462b6edf93e150815988e460000000000000000006f41ffffff20f73fffff",2,3.88,,8,21.59,55.58,,0.00,,0,0,0,0,,,,-1.00,-0.45,-0.89,-1.00,0.23
2024-11-16T01:30:57Z,"0002cc0100000ec0","365462b851f93e090815918d8e000000000000000000ffffffffff0cffffffff",2,3.88,,8,21.56,55.30,,0.00,,0,0,0,0,,,,-1.00,-1.00,-0.88,-1.00,-1.00
2024-11-16T01:36:53Z,"0002cc0100000ec0","365462b9b5f93e0908158d8d76000000000000000000fdd8ffffffffffd6ffcf",2,3.88,,8,21.55,55.26,,0.00,,0,0,0,0,,,,-0.98,-0.98,-1.00,-1.00,-0.73
2024-11-16T01:42:49Z,"0002cc0100000ec0","365462bb19f93e150815988e00000000000000000000f77c6c71f4d76e90f504",2,3.88,,8,21.59,55.47,,0.00,,0,0,0,0,,,,-0.31,0.21,-0.30,0.14,-0.47
2024-11-16T01:48:45Z,"0002cc0100000ec0","365462bc7df93e150815988e00000000000000000000f4df75055c586faaf404",2,3.88,,8,21.59,55.47,,0.00,,0,0,0,0,,,,-0.25,0.24,0.03,0.31,-0.30
2024-11-16T01:54:41Z,"0002cc0100000ec0","365462bde1f93e090815988df1000000000000000000f605feeaf580fc22fe7a",2,3.88,,8,21.59,55.45,,0.00,,0,0,0,0,,,,-0.81,-0.52,-0.34,-0.86,-0.38
2024-11-16T02:00:37Z,"0002cc0100000ec0","365462bf45f93e150815918dcd000000000000000000ffffff19ffffffffffff",2,3.88,,8,21.56,55.39,,0.00,,0,0,0,0,,,,-1.00,-1.00,-1.00,-0.89,-1.00
2024-11-16T02:06:33Z,"0002cc0100000ec0","365462c0a9f93e150815898e12000000000000000000feb7ffffffffffffffff",2,3.88,,8,21.53,55.50,,0.00,,0,0,0,0,,,,-1.00,-1.00,-1.00,-1.00,-0.84
2024-11-16T02:12:30Z,"0002cc0100000ec0","365462c20ef93e150815898dbb410313000000000000ffffffffffffffffffffffff",2,3.88,,8,21.53,55.36,,4.05,,0,0,0,0,,,-1.00,-1.00,-1.00,-1.00,-1.00,-1.00
2024-11-16T02:18:25Z,"0002cc0100000ec0","365462c371f93e0908158d8dad4251b0000000000000ffffffffffffffffffff",2,3.88,,8,21.55,55.34,,10.55,,0,0,0,0,,,,-1.00,-1.00,-1.00,-1.00,-1.00
2024-11-16T02:24:21Z,"0002cc0100000ec0","365462c4d5f93e1508158d8d8c426c16000000000000ffffffffffffffffffff",2,3.88,,8,21.55,55.29,,11.38,,0,0,0,0,,,,-1.00,-1.00,-1.00,-1.00,-1.00
2024-11-16T02:30:17Z,"0002cc0100000ec0","365462c639f93e150815988d2b427b48000000000000ffffffffffffffffffff",2,3.88,,8,21.59,55.14,,11.85,,0,0,0,0,,,,-1.00,-1.00,-1.00,-1.00,-1.00
2024-11-16T02:36:13Z,"0002cc0100000ec0","365462c79df202050000159f8cf6427ea9000000000000ffffffffffffffffffff",2,,2.5.0.0,,21.62,55.06,,11.96,,0,0,0,0,,,,-1.00,-1.00,-1.00,-1.00,-1.00
2024-11-16T02:42:09Z,"0002cc0100000ec0","365462c901f93e150815a68c2d428378000000000000ffffffffffffffffffff",2,3.88,,8,21.65,54.76,,12.11,,0,0,0,0,,,,-1.00,-1.00,-1.00,-1.00,-1.00
2024-11-16T02:48:05Z,"0002cc0100000ec0","365462ca65f93e150815aa8ba8428633000000000000ffffffffffffffffffffffff",2,3.88,,8,21.66,54.55,,12.19,,0,0,0,0,,,-1.00,-1.00,-1.00,-1.00,-1.00,-1.00
2024-11-16T02:54:01Z,"0002cc0100000ec0","365462cbc9f93e150815b48b5d4284e5000000000000ffffffffffffffffffff",2,3.88,,8,21.70,54.44,,12.15,,0,0,0,0,,,,-1.00,-1.00,-1.00,-1.00,-1.00
2024-11-16T02:59:57Z,"0002cc0100000ec0","365462cd2df93e150815b48aee428bc8000000000000ffffffffffffffffffff",2,3.88,,8,21.70,54.27,,12.37,,0,0,0,0,,,,-1.00,-1.00,-1.00,-1.00,-1.00
2024-11-16T03:05:53Z,"0002cc0100000ec0","365462ce91f93e090815c78ae6428847000000000000ffffffffffffffffffff",2,3.88,,8,21.78,54.26,,12.26,,0,0,0,0,,,,-1.00,-1.00,-1.00,-1.00,-1.00
2024-11-16T03:11:49Z,"0002cc0100000ec0","365462cff5f93e150815ce8bee428a5a000000000000ffffffffffffffffffff",2,3.88,,8,21.80,54.66,,12.32,,0,0,0,0,,,,-1.00,-1.00,-1.00,-1.00,-1.00
2024-11-16T03:17:45Z,"0002cc0100000ec0","365462d159f93e150815d68c18428b21000000000000ffffffffffffffffffff",2,3.88,,8,21.83,54.72,,12.35,,0,0,0,0,,,,-1.00,-1.00,-1.00,-1.00,-1.00
2024-11-16T03:23:41Z,"0002cc0100000ec0","365462d2bdf93e090815e18c1d428975000000000000ffffffffffffffffffffffff",2,3.88,,8,21.88,54.73,,12.30,,0,0,0,0,,,-1.00,-1.00,-1.00,-1.00,-1.00,-1.00
2024-11-16T03:29:37Z,"0002cc0100000ec0","365462d421f93e090815eb8c41428fc6000000000000fffffffffffffdd0e4c0",2,3.88,,8,21.92,54.79,,12.49,,0,0,0,0,,,,-0.07,-0.73,-1.00,-1.00,-1.00
2024-11-16T03:35:33Z,"0002cc0100000ec0","365462d585f93e010815f98c08429153000000000000fc68f5cbffffffffffff",2,3.87,,8,21.97,54.70,,12.54,,0,0,0,0,,,,-1.00,-1.00,-1.00,-0.36,-0.55
2024-11-16T03:41:29Z,"0002cc0100000ec0","365462d6e9f93e150816018bc34294f4000000000000f7aafd51ffffffffffffffff",2,3.88,,8,22.00,54.60,,12.65,,0,0,0,0,,,-1.00,-1.00,-1.00,-1.00,-0.66,-0.48
2024-11-16T03:47:25Z,"0002cc0100000ec0","365462d84df93e0108160c8bb8429707000000000000fffffffffffffffff7a6fd4b",2,3.87,,8,22.04,54.58,,12.72,,0,0,0,0,,,-0.66,-0.48,-1.00,-1.00,-1.00,-1.00
2024-11-16T03:53:21Z,"0002cc0100000ec0","365462d9b1f93e090816048b8d429661000000000000ffffffffffffffffffff",2,3.88,,8,22.01,54.51,,12.70,,0,0,0,0,,,,-1.00,-1.00,-1.00,-1.00,-1.00
2024-11-16T03:59:17Z,"0002cc0100000ec0","365462db15f93e1508160c8b814295a4000000000000fe5ffe39ffffff79ffffffff",2,3.88,,8,22.04,54.49,,12.68,,0,0,0,0,,,-1.00,-1.00,-0.93,-1.00,-0.78,-0.80
2024-11-16T04:05:13Z,"0002cc0100000ec0","365462dc79f93e1508160c8baf42919b000000000000ffffffffffdbffffffb8",2,3.88,,8,22.04,54.56,,12.55,,0,0,0,0,,,,-0.96,-1.00,-0.98,-1.00,-1.00
2024-11-16T04:11:09Z,"0002cc0100000ec0","365462ddddf93e0d0816138bb2429262000000000000ffffffffffffffffffff",2,3.88,,8,22.07,54.57,,12.57,,0,0,0,0,,,,-1.00,-1.00,-1.00,-1.00,-1.00
2024-11-16T04:17:05Z,"0002cc0100000ec0","365462df41f93e090816178bb4429309000000000000ffffffffffa5ffffffffffff",2,3.88,,8,22.09,54.57,,12.59,,0,0,0,0,,,-1.00,-1.00,-1.00,-0.96,-1.00,-1.00
2024-11-16T04:23:01Z,"0002cc0100000ec0","365462e0a5f93e1508161e8eb7429242000000000000ffbeffffffffffffffff",2,3.88,,8,22.11,55.75,,12.57,,0,0,0,0,,,,-1.00,-1.00,-1.00,-1.00,-0.97
2024-11-16T04:28:57Z,"0002cc0100000ec0","365462e209f93dfc08161e8ccb429262000000000000ffffffffffffffffffffffff",2,3.87,,8,22.11,55.00,,12.57,,0,0,0,0,,,-1.00,-1.00,-1.00,-1.00,-1.00,-1.00
2024-11-16T04:34:53Z,"0002cc0100000ec0","365462e36df93e010816288bb2429242000000000000ffffffffffffffffffff",2,3.87,,8,22.16,54.57,,12.57,,0,0,0,0,,,,-1.00,-1.00,-1.00,-1.00,-1.00
2024-11-16T04:40:49Z,"0002cc0100000ec0","365462e4d1f93e150816258b93429242000000000000ffffffffffffffffffffffff",2,3.88,,8,22.14,54.52,,12.57,,0,0,0,0,,,-1.00,-1.00,-1.00,-1.00,-1.00,-1.00
2024-11-16T04:46:45Z,"0002cc0100000ec0","365462e635f93e0d08162c8c4a42902e000000000000ffffffffffffffffffff",2,3.88,,8,22.17,54.80,,12.51,,0,0,0,0,,,,-1.00,-1.00,-1.00,-1.00,-1.00
2024-11-16T04:52:40Z,"0002cc0100000ec0","365462e798f93dfc0816288b7c429242000000000000ffffffffffffffffffff",2,3.87,,8,22.16,54.49,,12.57,,0,0,0,0,,,,-1.00,-1.00,-1.00,-1.00,-1.00
2024-11-16T04:58:36Z,"0002cc0100000ec0","365462e8fcf93e0d08162c8c8a429456000000000000ffffffffffffffffffffffff",2,3.88,,8,22.17,54.90,,12.64,,0,0,0,0,,,-1.00,-1.00,-1.00,-1.00,-1.00,-1.00
2024-11-16T05:04:32Z,"0002cc0100000ec0","365462ea60f93e0d0816378f3e4292aa000000000000ffffffffffffffffffff",2,3.88,,8,22.21,55.95,,12.58,,0,0,0,0,,,,-1.00,-1.00,-1.00,-1.00,-1.00
2024-11-16T05:10:28Z,"0002cc0100000ec0","365462ebc4f93e0908163e8bdc4288ce000000000000ffffffffffffffffffff",2,3.88,,8,22.24,54.63,,12.28,,0,0,0,0,,,,-1.00,-1.00,-1.00,-1.00,-1.00
2024-11-16T05:16:24Z,"0002cc0100000ec0","365462ed28f93e0108164d8af54294fd000000000000ffffffffffffffffffffffff",2,3.87,,8,22.30,54.28,,12.66,,0,0,0,0,,,-1.00,-1.00,-1.00,-1.00,-1.00,-1.00
2024-11-16T05:22:20Z,"0002cc0100000ec0","365462ee8cf93e050816548a224292e9000000000000ffffffffffffffffffff",2,3.88,,8,22.33,53.96,,12.59,,0,0,0,0,,,,-1.00,-1.00,-1.00,-1.00,-1.00
2024-11-16T05:28:16Z,"0002cc0100000ec0","365462eff0f93e1108165c894e429223000000000000ffffffffffffffffffff",2,3.88,,8,22.36,53.64,,12.57,,0,0,0,0,,,,-1.00,-1.00,-1.00,-1.00,-1.00
2024-11-16T05:34:12Z,"0002cc0100000ec0","365462f154f93e0d08165f8902429390000000000000ffffffffffffffffffff",2,3.88,,8,22.37,53.52,,12.61,,0,0,0,0,,,,-1.00,-1.00,-1.00,-1.00,-1.00
2024-11-16T05:40:08Z,"0002cc0100000ec0","365462f2b8f93e0508166388ac42917c000000000000ffffffffffffffffffff",2,3.88,,8,22.38,53.39,,12.55,,0,0,0,0,,,,-1.00,-1.00,-1.00,-1.00,-1.00
2024-11-16T05:46:04Z,"0002cc0100000ec0","365462f41cf93e0d08165f8843429711000000000000ffffffffffffffffffff",2,3.88,,8,22.37,53.23,,12.72,,0,0,0,0,,,,-1.00,-1.00,-1.00,-1.00,-1.00
2024-11-16T05:52:00Z,"0002cc0100000ec0","365462f580f93e0508165c87d342987e000000000000ffffffffffffffffffffffff",2,3.88,,8,22.36,53.06,,12.77,,0,0,0,0,,,-1.00,-1.00,-1.00,-1.00,-1.00,-1.00
2024-11-16T05:57:56Z,"0002cc0100000ec0","365462f6e4f93e0108165187884292e9000000000000ffffffffffffffffffff",2,3.87,,8,22.31,52.94,,12.59,,0,0,0,0,,,,-1.00,-1.00,-1.00,-1.00,-1.00
2024-11-16T06:03:52Z,"0002cc0100000ec0","365462f848f93e0d081651875f429456000000000000ffffffffffffffffffff",2,3.88,,8,22.31,52.88,,12.64,,0,0,0,0,,,,-1.00,-1.00,-1.00,-1.00,-1.00
2024-11-16T06:09:48Z,"0002cc0100000ec0","365462f9acf93e01081646873d429390000000000000ffffffffffffffffffffffff",2,3.87,,8,22.27,52.83,,12.61,,0,0,0,0,,,-1.00,-1.00,-1.00,-1.00,-1.00,-1.00
2024-11-16T06:15:44Z,"0002cc0100000ec0","365462fb10f93e0d08163e87314295c3000000000000ffffffffffffffffffff",2,3.88,,8,22.24,52.81,,12.68,,0,0,0,0,,,,-1.00,-1.00,-1.00,-1.00,-1.00
2024-11-16T06:21:39Z,"0002cc0100000ec0","365462fc73f93dfc081642870b429223000000000000ffffffffffffffffffff",2,3.87,,8,22.25,52.75,,12.57,,0,0,0,0,,,,-1.00,-1.00,-1.00,-1.00,-1.00
2024-11-16T06:27:36Z,"0002cc0100000ec0","365462fdd8f93e0508163386fe4294fd000000000000ffffffffffe2ffffffffffff",2,3.88,,8,22.20,52.73,,12.66,,0,0,0,0,,,-1.00,-1.00,-1.00,-0.99,-1.00,-1.00
2024-11-16T06:33:31Z,"0002cc0100000ec0","365462ff3bf93dfc081637875e42948c000000000000ffffffffffcafdebf4c0",2,3.87,,8,22.21,52.88,,12.64,,0,0,0,0,,,,-0.30,-0.74,-0.97,-1.00,-1.00
2024-11-16T06:39:27Z,"0002cc0100000ec0","365463009ff202050000163e86f242993b000000000000ffffffffffffffffffff",2,,2.5.0.0,,22.24,52.71,,12.79,,0,0,0,0,,,,-1.00,-1.00,-1.00,-1.00,-1.00
2024-11-16T06:45:24Z,"0002cc0100000ec0","3654630204f93e0508164d86b0426db2000000000000ffffffffffffffffffff57c9",2,3.88,,8,22.30,52.61,,11.43,,0,0,0,0,,,0.03,-1.00,-1.00,-1.00,-1.00,-1.00
2024-11-16T06:51:20Z,"0002cc0100000ec0","3654630368f93e0508165c868642964b000000000000fcbeff51fcfbf7a6ffff",2,3.88,,8,22.36,52.55,,12.70,,0,0,0,0,,,,-1.00,-0.48,-0.62,-0.91,-0.59
2024-11-16T06:57:16Z,"0002cc0100000ec0","36546304ccf93e0508166a86844288ce000000000000fffffffffffffe41ffff",2,3.88,,8,22.41,52.55,,12.28,,0,0,0,0,,,,-1.00,-0.78,-1.00,-1.00,-1.00
2024-11-16T07:03:12Z,"0002cc0100000ec0","3654630630f93e0d081674867142976f000000000000ff77fffffffffffffcb1",2,3.88,,8,22.45,52.52,,12.73,,0,0,0,0,,,,-0.59,-1.00,-1.00,-1.00,-0.93
2024-11-16T07:09:08Z,"0002cc0100000ec0","3654630794f93dfc08166e85df429836000000000000ffffffffffffffffffffffff",2,3.87,,8,22.43,52.29,,12.76,,0,0,0,0,,,-1.00,-1.00,-1.00,-1.00,-1.00,-1.00
2024-11-16T07:15:04Z,"0002cc0100000ec0","36546308f8f93e0508167485c34296f1000000000000fffffffffffff592f50d",2,3.88,,8,22.45,52.25,,12.72,,0,0,0,0,,,,-0.32,-0.35,-1.00,-1.00,-1.00
2024-11-16T07:21:00Z,"0002cc0100000ec0","3654630a5cf93e0508166a85974292ca000000000000ff8dffffffffffffff99",2,3.88,,8,22.41,52.18,,12.59,,0,0,0,0,,,,-0.95,-1.00,-1.00,-1.00,-0.94
2024-11-16T07:26:56Z,"0002cc0100000ec0","3654630bc0f93e0508166a854042987e000000000000ffffffffff99ffffffff",2,3.88,,8,22.41,52.05,,12.77,,0,0,0,0,,,,-1.00,-1.00,-0.95,-1.00,-1.00
2024-11-16T07:32:52Z,"0002cc0100000ec0","3654630d24f93dfc08166a85004294fd000000000000ffffff5effffffffffff",2,3.87,,8,22.41,51.95,,12.66,,0,0,0,0,,,,-1.00,-1.00,-1.00,-0.92,-1.00
2024-11-16T07:38:48Z,"0002cc0100000ec0","3654630e88f93e0d08165f84ec429437000000000000ffffffddffffffffffff",2,3.88,,8,22.37,51.92,,12.63,,0,0,0,0,,,,-1.00,-1.00,-1.00,-0.98,-1.00
2024-11-16T07:44:44Z,"0002cc0100000ec0","3654630fecf93e0508165884aa4292e9000000000000ffffffffffffffffffff",2,3.88,,8,22.34,51.82,,12.59,,0,0,0,0,,,,-1.00,-1.00,-1.00,-1.00,-1.00
2024-11-16T07:50:40Z,"0002cc0100000ec0","3654631150f93dfc08165484c1429390000000000000ffffffffffffffffffffffff",2,3.87,,8,22.33,51.86,,12.61,,0,0,0,0,,,-1.00,-1.00,-1.00,-1.00,-1.00,-1.00
2024-11-16T07:56:36Z,"0002cc0100000ec0","36546312b4f93e050816498465429390000000000000ffffffb7ffffffffffff",2,3.88,,8,22.28,51.72,,12.61,,0,0,0,0,,,,-1.00,-1.00,-1.00,-0.96,-1.00
2024-11-16T08:02:32Z,"0002cc0100000ec0","3654631418f93e05081646845542917c000000000000ffffffffffffffffffff",2,3.88,,8,22.27,51.69,,12.55,,0,0,0,0,,,,-1.00,-1.00,-1.00,-1.00,-1.00
2024-11-16T08:08:27Z,"0002cc0100000ec0","365463157bf93dfc081646846b4295a4000000000000ffffffffffffffffffff",2,3.87,,8,22.27,51.73,,12.68,,0,0,0,0,,,,-1.00,-1.00,-1.00,-1.00,-1.00
2024-11-16T08:14:23Z,"0002cc0100000ec0","36546316dff93e05081642849a42917c000000000000ffffffffffffffffffff",2,3.88,,8,22.25,51.80,,12.55,,0,0,0,0,,,,-1.00,-1.00,-1.00,-1.00,-1.00
2024-11-16T08:20:20Z,"0002cc0100000ec0","3654631844f93e05081649845e4292e9000000000000ffffffffffffffffffffffff",2,3.88,,8,22.28,51.71,,12.59,,0,0,0,0,,,-1.00,-1.00,-1.00,-1.00,-1.00,-1.00
2024-11-16T08:26:16Z,"0002cc0100000ec0","36546319a8f93e050816518426429437000000000000ffffffffffbbffffffff",2,3.88,,8,22.31,51.62,,12.63,,0,0,0,0,,,,-1.00,-1.00,-0.97,-1.00,-1.00
2024-11-16T08:32:12Z,"0002cc0100000ec0","3654631b0cf93e0508165883e6429437000000000000ff67ffffffffffffffff",2,3.88,,8,22.34,51.52,,12.63,,0,0,0,0,,,,-1.00,-1.00,-1.00,-1.00,-0.93
2024-11-16T08:38:07Z,"0002cc0100000ec0","3654631c6ff93dfc08166383bd4292e9000000000000ffffffffffffffffffff",2,3.87,,8,22.38,51.46,,12.59,,0,0,0,0,,,,-1.00,-1.00,-1.00,-1.00,-1.00
2024-11-16T08:44:03Z,"0002cc0100000ec0","3654631dd3f93e050816638360429223000000000000ffffff0dffffffffffff",2,3.88,,8,22.38,51.32,,12.57,,0,0,0,0,,,,-1.00,-1.00,-1.00,-0.88,-1.00
2024-11-16T08:50:00Z,"0002cc0100000ec0","3654631f38f93dfc0816638324429437000000000000ffffffffffffffffffffffff",2,3.87,,8,22.38,51.23,,12.63,,0,0,0,0,,,-1.00,-1.00,-1.00,-1.00,-1.00,-1.00
2024-11-16T08:55:55Z,"0002cc0100000ec0","365463209bf93e0508166382d6429390000000000000ffffffffffffffffffff",2,3.88,,8,22.38,51.11,,12.61,,0,0,0,0,,,,-1.00,-1.00,-1.00,-1.00,-1.00
2024-11-16T09:01:51Z,"0002cc0100000ec0","36546321fff93dfc08165c8465429390000000000000ffffffffffffffffffff",2,3.87,,8,22.36,51.72,,12.61,,0,0,0,0,,,,-1.00,-1.00,-1.00,-1.00,-1.00
2024-11-16T09:07:47Z,"0002cc0100000ec0","3654632363f93dfc08166385754292ca000000000000ffffffffffffffffffff",2,3.87,,8,22.38,52.13,,12.59,,0,0,0,0,,,,-1.00,-1.00,-1.00,-1.00,-1.00
2024-11-16T09:13:43Z,"0002cc0100000ec0","36546324c7f93dfc08165c8579429203000000000000ffffffffffffffffffffffff",2,3.87,,8,22.36,52.14,,12.56,,0,0,0,0,,,-1.00,-1.00,-1.00,-1.00,-1.00,-1.00
2024-11-16T09:19:39Z,"0002cc0100000ec0","365463262bf93dfc08165c85a94292ca000000000000ffffffffffffffffffff",2,3.87,,8,22.36,52.21,,12.59,,0,0,0,0,,,,-1.00,-1.00,-1.00,-1.00,-1.00
2024-11-16T09:25:35Z,"0002cc0100000ec0","365463278ff93e0508165885b8429370000000000000ffffffffffffffffffff",2,3.88,,8,22.34,52.23,,12.61,,0,0,0,0,,,,-1.00,-1.00,-1.00,-1.00,-1.00
2024-11-16T09:31:31Z,"0002cc0100000ec0","36546328f3f93e05081654858e429370000000000000ffffffffffffffffffffffff",2,3.88,,8,22.33,52.17,,12.61,,0,0,0,0,,,-1.00,-1.00,-1.00,-1.00,-1.00,-1.00
2024-11-16T09:37:27Z,"0002cc0100000ec0","3654632a57f93dfc08165185854292ca000000000000ffffffffffffffffffffffff",2,3.87,,8,22.31,52.16,,12.59,,0,0,0,0,,,-1.00,-1.00,-1.00,-1.00,-1.00,-1.00
2024-11-16T09:43:23Z,"0002cc0100000ec0","3654632bbbf93dfc08164d857c429390000000000000ffffffffffffffffffff",2,3.87,,8,22.30,52.14,,12.61,,0,0,0,0,,,,-1.00,-1.00,-1.00,-1.00,-1.00
2024-11-16T09:49:19Z,"0002cc0100000ec0","3654632d1ff93dfc081649859a429437000000000000ffffffffffffffffffff",2,3.87,,8,22.28,52.19,,12.63,,0,0,0,0,,,,-1.00,-1.00,-1.00,-1.00,-1.00
2024-11-16T09:55:15Z,"0002cc0100000ec0","3654632e83f93e050816518623429417000000000000ffffffffffffffffffffffff",2,3.88,,8,22.31,52.40,,12.63,,0,0,0,0,,,-1.00,-1.00,-1.00,-1.00,-1.00,-1.00
2024-11-16T10:01:11Z,"0002cc0100000ec0","3654632fe7f93e0508165486744292aa000000000000ffffffffff97ffffffff",2,3.88,,8,22.33,52.52,,12.58,,0,0,0,0,,,,-1.00,-1.00,-0.95,-1.00,-1.00
2024-11-16T10:07:07Z,"0002cc0100000ec0","365463314bf93e0508165c862f4292aa000000000000ffffffffffffffffffffffff",2,3.88,,8,22.36,52.42,,12.58,,0,0,0,0,,,-1.00,-1.00,-1.00,-1.00,-1.00,-1.00
2024-11-16T10:13:03Z,"0002cc0100000ec0","36546332aff93e0508166685c6429370000000000000ffffffffffffffffffff",2,3.88,,8,22.40,52.26,,12.61,,0,0,0,0,,,,-1.00,-1.00,-1.00,-1.00,-1.00
2024-11-16T10:18:59Z,"0002cc0100000ec0","3654633413f93e0508166e8579428808000000000000ffffffffffffffffffffffff",2,3.88,,8,22.43,52.14,,12.25,,0,0,0,0,,,-1.00,-1.00,-1.00,-1.00,-1.00,-1.00
2024-11-16T10:24:54Z,"0002cc0100000ec0","3654633576f93e0508166e85424292aa000000000000ffffffffffffffffffff",2,3.88,,8,22.43,52.05,,12.58,,0,0,0,0,,,,-1.00,-1.00,-1.00,-1.00,-1.00
2024-11-16T10:30:51Z,"0002cc0100000ec0","36546336dbf93e0508166e8519429203000000000000ffffffffffffffffffffffff",2,3.88,,8,22.43,51.99,,12.56,,0,0,0,0,,,-1.00,-1.00,-1.00,-1.00,-1.00,-1.00
2024-11-16T10:36:46Z,"0002cc0100000ec0","365463383ef93dfc08166e8501429437000000000000ffffffffffffffffffff",2,3.87,,8,22.43,51.96,,12.63,,0,0,0,0,,,,-1.00,-1.00,-1.00,-1.00,-1.00
2024-11-16T10:42:42Z,"0002cc0100000ec0","36546339a2f202050000166684d7429203000000000000ffffffffffffffffffff",2,,2.5.0.0,,22.40,51.89,,12.56,,0,0,0,0,,,,-1.00,-1.00,-1.00,-1.00,-1.00
2024-11-16T10:48:38Z,"0002cc0100000ec0","3654633b06f93e0508166684b0429417000000000000ffffffffffffffffffff",2,3.88,,8,22.40,51.83,,12.63,,0,0,0,0,,,,-1.00,-1.00,-1.00,-1.00,-1.00
2024-11-16T10:54:34Z,"0002cc0100000ec0","3654633c6af93e05081663846e429370000000000000ffffffffffffffffffff",2,3.88,,8,22.38,51.73,,12.61,,0,0,0,0,,,,-1.00,-1.00,-1.00,-1.00,-1.00
2024-11-16T11:00:30Z,"0002cc0100000ec0","3654633dcef93dfc08165c847c4294dd000000000000ffffffffffffffffffffffff",2,3.87,,8,22.36,51.75,,12.65,,0,0,0,0,,,-1.00,-1.00,-1.00,-1.00,-1.00,-1.00
2024-11-16T11:06:26Z,"0002cc0100000ec0","3654633f32f93df4081654846a429417000000000000ffffffffffffffffffff",2,3.87,,8,22.33,51.73,,12.63,,0,0,0,0,,,,-1.00,-1.00,-1.00,-1.00,-1.00
2024-11-16T11:12:22Z,"0002cc0100000ec0","3654634096f93dfc0816548459429370000000000000ffffffffffffffffffffffff",2,3.87,,8,22.33,51.70,,12.61,,0,0,0,0,,,-1.00,-1.00,-1.00,-1.00,-1.00,-1.00
2024-11-16T11:18:18Z,"0002cc0100000ec0","36546341faf93e0108165184404292ca000000000000ffffffffffffffffffff",2,3.87,,8,22.31,51.66,,12.59,,0,0,0,0,,,,-1.00,-1.00,-1.00,-1.00,-1.00
2024-11-16T11:24:14Z,"0002cc0100000ec0","365463435ef93df40816498456429437000000000000ffffffffffffffffffffffff",2,3.87,,8,22.28,51.69,,12.63,,0,0,0,0,,,-1.00,-1.00,-1.00,-1.00,-1.00,-1.00
2024-11-16T11:30:10Z,"0002cc0100000ec0","36546344c2f93df408164d843e429223000000000000ffffffffffffffffffff",2,3.87,,8,22.30,51.66,,12.57,,0,0,0,0,,,,-1.00,-1.00,-1.00,-1.00,-1.00
2024-11-16T11:36:06Z,"0002cc0100000ec0","3654634626f93df40816498495429223000000000000ffffffffffffffffffff",2,3.87,,8,22.28,51.79,,12.57,,0,0,0,0,,,,-1.00,-1.00,-1.00,-1.00,-1.00
2024-11-16T11:42:02Z,"0002cc0100000ec0","365463478af93e0108164984dd429390000000000000ffffffffffffffffffffffff",2,3.87,,8,22.28,51.90,,12.61,,0,0,0,0,,,-1.00,-1.00,-1.00,-1.00,-1.00,-1.00
2024-11-16T11:47:57Z,"0002cc0100000ec0","36546348edf93df008165484d9429370000000000000ffffffffffffffffffff",2,3.87,,8,22.33,51.89,,12.61,,0,0,0,0,,,,-1.00,-1.00,-1.00,-1.00,-1.00
2024-11-16T11:53:53Z,"0002cc0100000ec0","3654634a51f93e0508165f84e5429417000000000000ffffffffffffffffffff",2,3.88,,8,22.37,51.91,,12.63,,0,0,0,0,,,,-1.00,-1.00,-1.00,-1.00,-1.00
2024-11-16T11:59:49Z,"0002cc0100000ec0","3654634bb5f93e0108166384c5429370000000000000ffffffffffffffffffff",2,3.87,,8,22.38,51.86,,12.61,,0,0,0,0,,,,-1.00,-1.00,-1.00,-1.00,-1.00
2024-11-16T12:05:45Z,"0002cc0100000ec0","3654634d19f93df408166e848c429370000000000000ffffffffffffffffffffffff",2,3.87,,8,22.43,51.78,,12.61,,0,0,0,0,,,-1.00,-1.00,-1.00,-1.00,-1.00,-1.00
2024-11-16T12:11:41Z,"0002cc0100000ec0","3654634e7df93df408166e84534292aa000000000000ffffffffffffffffffffffff",2,3.87,,8,22.43,51.69,,12.58,,0,0,0,0,,,-1.00,-1.00,-1.00,-1.00,-1.00,-1.00
2024-11-16T12:17:37Z,"0002cc0100000ec0","3654634fe1f93e0108166e844342928b000000000000ffffffffffffffffffff",2,3.87,,8,22.43,51.67,,12.58,,0,0,0,0,,,,-1.00,-1.00,-1.00,-1.00,-1.00
2024-11-16T12:23:33Z,"0002cc0100000ec0","3654635145f93e0108166a844a4294dd000000000000ffffffffffffffffffff",2,3.87,,8,22.41,51.68,,12.65,,0,0,0,0,,,,-1.00,-1.00,-1.00,-1.00,-1.00
2024-11-16T12:29:29Z,"0002cc0100000ec0","36546352a9f93df408166a843a4294be000000000000ffffffffffffffffffff",2,3.87,,8,22.41,51.65,,12.65,,0,0,0,0,,,,-1.00,-1.00,-1.00,-1.00,-1.00
2024-11-16T12:35:25Z,"0002cc0100000ec0","365463540df93e0108166a846a4294dd000000000000ffffffffffffffffffff",2,3.87,,8,22.41,51.73,,12.65,,0,0,0,0,,,,-1.00,-1.00,-1.00,-1.00,-1.00
2024-11-16T12:41:21Z,"0002cc0100000ec0","3654635571f93df408166a843a4292ca000000000000ffffffffffffffffffff",2,3.87,,8,22.41,51.65,,12.59,,0,0,0,0,,,,-1.00,-1.00,-1.00,-1.00,-1.00
2024-11-16T12:47:17Z,"0002cc0100000ec0","36546356d5f93e010816668498429437000000000000ffffffffffffffffffff",2,3.87,,8,22.40,51.80,,12.63,,0,0,0,0,,,,-1.00,-1.00,-1.00,-1.00,-1.00
2024-11-16T12:53:13Z,"0002cc0100000ec0","3654635839f93df808166a8539429203000000000000ffffffffffffffffffffffff",2,3.87,,8,22.41,52.04,,12.56,,0,0,0,0,,,-1.00,-1.00,-1.00,-1.00,-1.00,-1.00
2024-11-16T12:59:09Z,"0002cc0100000ec0","365463599df93e01081663858d42985e000000000000ffffffffffffffffffff",2,3.87,,8,22.38,52.17,,12.76,,0,0,0,0,,,,-1.00,-1.00,-1.00,-1.00,-1.00
2024-11-16T13:05:05Z,"0002cc0100000ec0","3654635b01f93df008167186204295a4000000000000ffffffffffffffffffffffff",2,3.87,,8,22.44,52.39,,12.68,,0,0,0,0,,,-1.00,-1.00,-1.00,-1.00,-1.00,-1.00
2024-11-16T13:11:00Z,"0002cc0100000ec0","3654635c64f93dfc08166e86964292ca000000000000ffffffffffffffffffff",2,3.87,,8,22.43,52.57,,12.59,,0,0,0,0,,,,-1.00,-1.00,-1.00,-1.00,-1.00
2024-11-16T13:16:56Z,"0002cc0100000ec0","3654635dc8f93e050816748756429584000000000000ffffffffffffffffffff",2,3.88,,8,22.45,52.87,,12.67,,0,0,0,0,,,,-1.00,-1.00,-1.00,-1.00,-1.00
2024-11-16T13:22:52Z,"0002cc0100000ec0","3654635f2cf93dfc0816748804429437000000000000ffffffffffffffffffffffff",2,3.87,,8,22.45,53.13,,12.63,,0,0,0,0,,,-1.00,-1.00,-1.00,-1.00,-1.00,-1.00
2024-11-16T13:28:48Z,"0002cc0100000ec0","3654636090f93e0108167888544294dd000000000000ffffffffffffffffffff",2,3.87,,8,22.47,53.25,,12.65,,0,0,0,0,,,,-1.00,-1.00,-1.00,-1.00,-1.00
2024-11-16T13:34:44Z,"0002cc0100000ec0","36546361f4f93df808167888fc4292ca000000000000ffffffffffffffffffff",2,3.87,,8,22.47,53.51,,12.59,,0,0,0,0,,,,-1.00,-1.00,-1.00,-1.00,-1.00
2024-11-16T13:40:40Z,"0002cc0100000ec0","3654636358f93df808167f897d428975000000000000ffffffffffffffffffff",2,3.87,,8,22.50,53.71,,12.30,,0,0,0,0,,,,-1.00,-1.00,-1.00,-1.00,-1.00
2024-11-16T13:46:36Z,"0002cc0100000ec0","36546364bcf93e0508167f8a4a4294be000000000000fcd5fec9ffffffffffffffff",2,3.88,,8,22.50,54.02,,12.65,,0,0,0,0,,,-1.00,-1.00,-1.00,-1.00,-0.85,-0.60
2024-11-16T13:52:32Z,"0002cc0100000ec0","3654636620f93e0108168a8b04429370000000000000ffffffffffffffffffff",2,3.87,,8,22.54,54.30,,12.61,,0,0,0,0,,,,-1.00,-1.00,-1.00,-1.00,-1.00
2024-11-16T13:58:28Z,"0002cc0100000ec0","3654636784f93df008167f8b6f429417000000000000ffffffffffffffffffffffff",2,3.87,,8,22.50,54.47,,12.63,,0,0,0,0,,,-1.00,-1.00,-1.00,-1.00,-1.00,-1.00
2024-11-16T14:04:24Z,"0002cc0100000ec0","36546368e8f93e050816878b8a42869a000000000000ffffffffffffffffffff",2,3.88,,8,22.52,54.51,,12.21,,0,0,0,0,,,,-1.00,-1.00,-1.00,-1.00,-1.00
2024-11-16T14:10:20Z,"0002cc0100000ec0","3654636a4cf93df808168789e74291e4000000000000ffffffffffffffffffff",2,3.87,,8,22.52,53.87,,12.56,,0,0,0,0,,,,-1.00,-1.00,-1.00,-1.00,-1.00
2024-11-16T14:16:16Z,"0002cc0100000ec0","3654636bb0f93df00816838936000000000000000000ffffffffffffffffffff",2,3.87,,8,22.51,53.60,,0.00,,0,0,0,0,,,,-1.00,-1.00,-1.00,-1.00,-1.00
2024-11-16T14:22:12Z,"0002cc0100000ec0","3654636d14f93df408167f88d6000000000000000000ffffffffffffffffffff",2,3.87,,8,22.50,53.45,,0.00,,0,0,0,0,,,,-1.00,-1.00,-1.00,-1.00,-1.00
2024-11-16T14:28:08Z,"0002cc0100000ec0","3654636e78f93df00816718950000000000000000000ffffffffffffffffffffffff",2,3.87,,8,22.44,53.64,,0.00,,0,0,0,0,,,-1.00,-1.00,-1.00,-1.00,-1.00,-1.00
2024-11-16T14:34:04Z,"0002cc0100000ec0","3654636fdcf93df00816668a01000000000000000000ffffffffffffffffffff",2,3.87,,8,22.40,53.91,,0.00,,0,0,0,0,,,,-1.00,-1.00,-1.00,-1.00,-1.00
2024-11-16T14:40:00Z,"0002cc0100000ec0","3654637140f93df808165c89f5000000000000000000ffffffffffffed0b7551",2,3.87,,8,22.36,53.89,,0.00,,0,0,0,0,,,,0.33,-0.16,-1.00,-1.00,-1.00
2024-11-16T14:45:56Z,"0002cc0100000ec0","36546372a4f20205000016588aaa000000000000000000fce4e4f6fd3bef76ff6cfdad",2,,2.5.0.0,,22.34,54.17,,0.00,,0,0,0,0,,,-0.71,-0.93,-0.23,-0.65,-0.08,-0.61
2024-11-16T14:51:52Z,"0002cc0100000ec0","3654637408f93df00816518a77000000000000000000ec46ffffed4fffffffff",2,3.87,,8,22.31,54.09,,0.00,,0,0,0,0,,,,-1.00,-1.00,-0.17,-1.00,-0.13
2024-11-16T14:57:48Z,"0002cc0100000ec0","365463756cf93df80816428b57000000000000000000fef1fe67fffffd9effff",2,3.87,,8,22.25,54.43,,0.00,,0,0,0,0,,,,-1.00,-0.70,-1.00,-0.80,-0.87
2024-11-16T15:03:44Z,"0002cc0100000ec0","36546376d0f93df80816428c2d000000000000000000fe38ee54f4c6f7eefe93",2,3.87,,8,22.25,54.76,,0.00,,0,0,0,0,,,,-0.82,-0.50,-0.30,-0.20,-0.78
2024-11-16T15:09:40Z,"0002cc0100000ec0","3654637834f93df80816378a4d000000000000000000fe76ffffffffffbefca8",2,3.87,,8,22.21,54.02,,0.00,,0,0,0,0,,,,-0.58,-0.97,-1.00,-1.00,-0.81
2024-11-16T15:15:36Z,"0002cc0100000ec0","3654637998f93df0081633890f000000000000000000ffffff5fff92f6bcef23",2,3.87,,8,22.20,53.54,,0.00,,0,0,0,0,,,,-0.22,-0.42,-0.95,-0.92,-1.00
2024-11-16T15:21:32Z,"0002cc0100000ec0","3654637afcf93df808162c8771000000000000000000fffffe04fe2ffffffe06ffff",2,3.87,,8,22.17,52.91,,0.00,,0,0,0,0,,,-1.00,-0.75,-1.00,-0.77,-0.75,-1.00
2024-11-16T15:27:28Z,"0002cc0100000ec0","3654637c60f93df8081625861b000000000000000000ffffffffffffffffffff",2,3.87,,8,22.14,52.39,,0.00,,0,0,0,0,,,,-1.00,-1.00,-1.00,-1.00,-1.00
2024-11-16T15:33:24Z,"0002cc0100000ec0","3654637dc4f93df808161785d6000000000000000000fffff4caf514fffffe43",2,3.87,,8,22.09,52.28,,0.00,,0,0,0,0,,,,-0.78,-1.00,-0.32,-0.30,-1.00
2024-11-16T15:39:20Z,"0002cc0100000ec0","3654637f28f93df00816088630000000000000000000fd71fef9fdeaffffffc9",2,3.87,,8,22.03,52.42,,0.00,,0,0,0,0,,,,-0.97,-1.00,-0.74,-0.87,-0.68
2024-11-16T15:45:16Z,"0002cc0100000ec0","365463808cf93df00816048695000000000000000000fd82fc74ff79fd6cffa1ddda",2,3.87,,8,22.01,52.57,,0.00,,0,0,0,0,,,-0.05,-0.95,-0.68,-0.93,-0.56,-0.69
2024-11-16T15:51:12Z,"0002cc0100000ec0","36546381f0f93df80815fd85a5000000000000000000ffffff7cffd5ff5de58d",2,3.87,,8,21.99,52.21,,0.00,,0,0,0,0,,,,-0.09,-0.92,-0.98,-0.94,-1.00
2024-11-16T15:57:08Z,"0002cc0100000ec0","3654638354f93df80815ef88b5000000000000000000fe88f7d3fe1bffffff14",2,3.87,,8,21.93,53.40,,0.00,,0,0,0,0,,,,-0.88,-1.00,-0.76,-0.49,-0.82
2024-11-16T16:03:04Z,"0002cc0100000ec0","36546384b8f93df00815ef8af5000000000000000000ff78fe19fe1affffffffffff",2,3.87,,8,21.93,54.28,,0.00,,0,0,0,0,,,-1.00,-1.00,-1.00,-0.76,-0.76,-0.93
2024-11-16T16:09:00Z,"0002cc0100000ec0","365463861cf93df80815f98b90000000000000000000feb8f613ffffed53fffe",2,3.87,,8,21.97,54.52,,0.00,,0,0,0,0,,,,-1.00,-0.17,-1.00,-0.38,-0.84
2024-11-16T16:14:56Z,"0002cc0100000ec0","3654638780f93df00816018b4c000000000000000000fffffffffee3f5cbffff",2,3.87,,8,22.00,54.41,,0.00,,0,0,0,0,,,,-1.00,-0.36,-0.86,-1.00,-1.00
2024-11-16T16:20:52Z,"0002cc0100000ec0","36546388e4f93df80815f98b0a000000000000000000ffffffffffd2f66affff",2,3.87,,8,21.97,54.31,,0.00,,0,0,0,0,,,,-1.00,-0.40,-0.98,-1.00,-1.00
2024-11-16T16:26:48Z,"0002cc0100000ec0","3654638a48f93dfc0815f98abb000000000000000000fff8fffffffffffffde747b7",2,3.87,,8,21.97,54.19,,0.00,,0,0,0,0,,,0.01,-0.74,-1.00,-1.00,-1.00,-1.00
2024-11-16T16:32:44Z,"0002cc0100000ec0","3654638bacf93df00815f28a98000000000000000000fd2cffffffb9fd6afcff",2,3.87,,8,21.95,54.14,,0.00,,0,0,0,0,,,,-0.62,-0.68,-0.97,-1.00,-0.65
2024-11-16T16:38:40Z,"0002cc0100000ec0","3654638d10f93df80815f68899000000000000000000ff05fead5ef27ccff469",2,3.87,,8,21.96,53.36,,0.00,,0,0,0,0,,,,-0.28,0.60,0.05,-0.83,-0.88
2024-11-16T16:44:36Z,"0002cc0100000ec0","3654638e74f93df00815e488ff000000000000000000fffffffffc23ffffffff",2,3.87,,8,21.89,53.51,,0.00,,0,0,0,0,,,,-1.00,-1.00,-0.52,-1.00,-1.00
2024-11-16T16:50:32Z,"0002cc0100000ec0","3654638fd8f93df00815e189cc000000000000000000fff2fe50def0752efd66",2,3.87,,8,21.88,53.83,,0.00,,0,0,0,0,,,,-0.68,0.32,-0.05,-0.79,-0.99
2024-11-16T16:56:28Z,"0002cc0100000ec0","365463913cf93e050815d6895a000000000000000000fd81fe25fef5ff31f7d4",2,3.88,,8,21.83,53.65,,0.00,,0,0,0,0,,,,-0.49,-0.90,-0.87,-0.77,-0.69
2024-11-16T17:02:25Z,"0002cc0100000ec0","36546392a1f93df80815cb897b000000000000000000eff5ffffffffffffffffffdc",2,3.87,,8,21.79,53.70,,0.00,,0,0,0,0,,,-0.98,-1.00,-1.00,-1.00,-1.00,-0.25
2024-11-16T17:08:21Z,"0002cc0100000ec0","3654639405f93df40815cb8ad0000000000000000000fcb9f5c4fea2fe71fea0",2,3.87,,8,21.79,54.22,,0.00,,0,0,0,0,,,,-0.83,-0.81,-0.83,-0.36,-0.59
2024-11-16T17:14:17Z,"0002cc0100000ec0","3654639569f93df80815d28c6e000000000000000000ffffffffffa4e66e5c7e",2,3.87,,8,21.82,54.86,,0.00,,0,0,0,0,,,,0.04,-0.10,-0.96,-1.00,-1.00
2024-11-16T17:20:13Z,"0002cc0100000ec0","36546396cdf93df40815d68ca7000000000000000000fffffc51fffffffffd03",2,3.87,,8,21.83,54.94,,0.00,,0,0,0,0,,,,-0.63,-1.00,-1.00,-0.54,-1.00
2024-11-16T17:26:09Z,"0002cc0100000ec0","3654639831f93df40815d98b8b000000000000000000fda8f643ff11fd2effff",2,3.87,,8,21.85,54.51,,0.00,,0,0,0,0,,,,-1.00,-0.65,-0.88,-0.39,-0.71
2024-11-16T17:32:05Z,"0002cc0100000ec0","3654639995f93df00815dd8d3e000000000000000000fffffde2cd8af68efff3",2,3.87,,8,21.86,55.17,,0.00,,0,0,0,0,,,,-0.99,-0.41,-0.01,-0.74,-1.00
2024-11-16T17:38:01Z,"0002cc0100000ec0","3654639af9f93df40815d68ad4000000000000000000f7adfd66ffd1ffffffffffff",2,3.87,,8,21.83,54.23,,0.00,,0,0,0,0,,,-1.00,-1.00,-1.00,-0.98,-0.67,-0.48
2024-11-16T17:43:57Z,"0002cc0100000ec0","3654639c5df93dfc0815d98a01000000000000000000ffffff43ffffffffffff",2,3.87,,8,21.85,53.91,,0.00,,0,0,0,0,,,,-1.00,-1.00,-1.00,-0.91,-1.00
2024-11-16T17:49:53Z,"0002cc0100000ec0","3654639dc1f93df80815d28b310000000000000000006fe3754eefaeffe4ffff",2,3.87,,8,21.82,54.37,,0.00,,0,0,0,0,,,,-1.00,-0.99,-0.24,0.33,0.25
2024-11-16T17:55:49Z,"0002cc0100000ec0","3654639f25f93df40815ce8ae9000000000000000000d5cfffcefe77ee62e406",2,3.87,,8,21.80,54.26,,0.00,,0,0,0,0,,,,-0.06,-0.20,-0.81,-0.98,-0.02
2024-11-16T18:01:45Z,"0002cc0100000ec0","365463a089f93de80815cb8b36000000000000000000fe25ffffffffff6cec6b",2,3.87,,8,21.79,54.38,,0.00,,0,0,0,0,,,,-0.14,-0.93,-1.00,-1.00,-0.77
2024-11-16T18:07:41Z,"0002cc0100000ec0","365463a1edf93df40815d98a8f00000000000000000076817d4b7c167c4076d8ed39",2,3.87,,8,21.85,54.13,,0.00,,0,0,0,0,,,-0.16,0.43,0.53,0.51,0.66,0.41
2024-11-16T18:13:37Z,"0002cc0100000ec0","365463a351f93df00815e18b670000000000000000007d2d74c87c036f3bf5c9",2,3.87,,8,21.88,54.45,,0.00,,0,0,0,0,,,,-0.36,0.23,0.50,0.30,0.65
2024-11-16T18:19:33Z,"0002cc0100000ec0","365463a4b5f93df80815eb8cd70000000000000000007cedf64ffd94f609fffffea7",2,3.87,,8,21.92,55.02,,0.00,,0,0,0,0,,,-0.83,-1.00,-0.38,-0.70,-0.39,0.62
2024-11-16T18:25:29Z,"0002cc0100000ec0","365463a619f93de80815eb8c180000000000000000007d44f7f6fcfbfcf1ee58",2,3.87,,8,21.92,54.72,,0.00,,0,0,0,0,,,,-0.20,-0.62,-0.62,-0.50,0.66
2024-11-16T18:31:25Z,"0002cc0100000ec0","365463a77df93de80815e88b81000000000000000000edf8fe91fd4fffffffffffff",2,3.87,,8,21.90,54.49,,0.00,,0,0,0,0,,,-1.00,-1.00,-1.00,-0.66,-0.82,-0.19
2024-11-16T18:37:21Z,"0002cc0100000ec0","365463a8e1f93de80815e18b67000000000000000000e647fd39ff2dfffff7a7",2,3.87,,8,21.88,54.45,,0.00,,0,0,0,0,,,,-0.48,-1.00,-0.90,-0.65,-0.10
2024-11-16T18:43:17Z,"0002cc0100000ec0","365463aa45f93df40815d98c210000000000000000007c3a76414495ec8de418",2,3.87,,8,21.85,54.74,,0.00,,0,0,0,0,,,,-0.06,-0.14,0.00,0.39,0.53
2024-11-16T18:49:14Z,"0002cc0100000ec0","365463abaaf20205000015d98aa600000000000000000074216d17deba75e36f93f611",2,,2.5.0.0,,21.85,54.16,,0.00,,0,0,0,0,,,-0.38,0.24,0.37,-0.05,0.16,0.26
2024-11-16T18:55:10Z,"0002cc0100000ec0","365463ad0ef93df80815c489e9000000000000000000ef00fdd9fee6fffffd05",2,3.87,,8,21.76,53.87,,0.00,,0,0,0,0,,,,-0.63,-1.00,-0.86,-0.73,-0.22
2024-11-16T19:01:06Z,"0002cc0100000ec0","365463ae72f93df40815b189a2000000000000000000ffffffffffffff65ffffffff",2,3.87,,8,21.69,53.76,,0.00,,0,0,0,0,,,-1.00,-1.00,-0.92,-1.00,-1.00,-1.00
2024-11-16T19:07:02Z,"0002cc0100000ec0","365463afd6f93de00815aa8a65000000000000000000fffff5a4de1cdfaa6f48",2,3.87,,8,21.66,54.06,,0.00,,0,0,0,0,,,,0.23,-0.06,-0.05,-0.35,-1.00
2024-11-16T19:12:58Z,"0002cc0100000ec0","365463b13af93de00815b18b2d000000000000000000676f76b86622e5c3ef31ffff",2,3.87,,8,21.69,54.37,,0.00,,0,0,0,0,,,-1.00,-0.22,-0.09,0.10,0.42,0.12
2024-11-16T19:18:54Z,"0002cc0100000ec0","365463b29ef93dec0815aa8b51000000000000000000ffffff74750ffd7cfea4",2,3.87,,8,21.66,54.42,,0.00,,0,0,0,0,,,,-0.83,-0.69,0.32,-0.93,-1.00
2024-11-16T19:24:50Z,"0002cc0100000ec0","365463b402f93dec0815a28cd8000000000000000000ff3ffe7cfde5fffffffffc8e",2,3.87,,8,21.63,55.02,,0.00,,0,0,0,0,,,-0.57,-1.00,-1.00,-0.74,-0.81,-0.91
2024-11-16T19:30:46Z,"0002cc0100000ec0","365463b566f93de00815aa8c950000000000000000006c01df46fd2bf5f9fd2e",2,3.87,,8,21.66,54.92,,0.00,,0,0,0,0,,,,-0.65,-0.37,-0.65,-0.06,0.13
2024-11-16T19:36:42Z,"0002cc0100000ec0","365463b6caf93de00815aa8cbd000000000000000000fe02fffffdc5fe55ffff",2,3.87,,8,21.66,54.98,,0.00,,0,0,0,0,,,,-1.00,-0.79,-0.72,-1.00,-0.75
2024-11-16T19:42:38Z,"0002cc0100000ec0","365463b82ef93de00815a28a71000000000000000000ffffff23feb9fedfffff",2,3.87,,8,21.63,54.08,,0.00,,0,0,0,0,,,,-1.00,-0.86,-0.84,-0.89,-1.00
2024-11-16T19:48:34Z,"0002cc0100000ec0","365463b992f93dec0815a28b55000000000000000000ffffffffffffffffffffffff",2,3.87,,8,21.63,54.43,,0.00,,0,0,0,0,,,-1.00,-1.00,-1.00,-1.00,-1.00,-1.00
2024-11-16T19:54:30Z,"0002cc0100000ec0","365463baf6f93dec08159c8afd000000000000000000ffffffffffffff6affff",2,3.87,,8,21.61,54.29,,0.00,,0,0,0,0,,,,-1.00,-0.93,-1.00,-1.00,-1.00
2024-11-16T20:00:26Z,"0002cc0100000ec0","365463bc5af93de00815918aa0000000000000000000ffffffffffffffffffff",2,3.87,,8,21.56,54.15,,0.00,,0,0,0,0,,,,-1.00,-1.00,-1.00,-1.00,-1.00
2024-11-16T20:06:22Z,"0002cc0100000ec0","365463bdbef93de00815948c74000000000000000000ffffffffffffffffffff",2,3.87,,8,21.58,54.87,,0.00,,0,0,0,0,,,,-1.00,-1.00,-1.00,-1.00,-1.00
2024-11-16T20:12:18Z,"0002cc0100000ec0","365463bf22f93dec0815918bb5000000000000000000ffffffffffffffffffffffff",2,3.87,,8,21.56,54.57,,0.00,,0,0,0,0,,,-1.00,-1.00,-1.00,-1.00,-1.00,-1.00
2024-11-16T20:18:14Z,"0002cc0100000ec0","365463c086f93dec08158d8a79000000000000000000ffffffffffffffffffff",2,3.87,,8,21.55,54.09,,0.00,,0,0,0,0,,,,-1.00,-1.00,-1.00,-1.00,-1.00
2024-11-16T20:24:10Z,"0002cc0100000ec0","365463c1eaf93dec0815898b8b000000000000000000ffffffffffffffffffff",2,3.87,,8,21.53,54.51,,0.00,,0,0,0,0,,,,-1.00,-1.00,-1.00,-1.00,-1.00
2024-11-16T20:30:06Z,"0002cc0100000ec0","365463c34ef93df008158d8c02000000000000000000ffffffffffffffffffffffff",2,3.87,,8,21.55,54.69,,0.00,,0,0,0,0,,,-1.00,-1.00,-1.00,-1.00,-1.00,-1.00
2024-11-16T20:36:02Z,"0002cc0100000ec0","365463c4b2f93dec0815868c27000000000000000000ffffffffffffffffffff",2,3.87,,8,21.52,54.75,,0.00,,0,0,0,0,,,,-1.00,-1.00,-1.00,-1.00,-1.00
2024-11-16T20:41:58Z,"0002cc0100000ec0","365463c616f93dec08158d8c1b000000000000000000ffffffffffffffffffff",2,3.87,,8,21.55,54.73,,0.00,,0,0,0,0,,,,-1.00,-1.00,-1.00,-1.00,-1.00
2024-11-16T20:47:53Z,"0002cc0100000ec0","365463c779f93dec0815898c87000000000000000000ffffffffffffffffffff",2,3.87,,8,21.53,54.89,,0.00,,0,0,0,0,,,,-1.00,-1.00,-1.00,-1.00,-1.00
2024-11-16T20:53:50Z,"0002cc0100000ec0","365463c8def93dec0815868c66000000000000000000ffffffffffffffffffffffff",2,3.87,,8,21.52,54.84,,0.00,,0,0,0,0,,,-1.00,-1.00,-1.00,-1.00,-1.00,-1.00
2024-11-16T20:59:45Z,"0002cc0100000ec0","365463ca41f93dec08158d8c0b000000000000000000ffffffffffffffffffff",2,3.87,,8,21.55,54.71,,0.00,,0,0,0,0,,,,-1.00,-1.00,-1.00,-1.00,-1.00
2024-11-16T21:05:41Z,"0002cc0100000ec0","365463cba5f93dec0815898bb2000000000000000000ffffffffffffffffffff",2,3.87,,8,21.53,54.57,,0.00,,0,0,0,0,,,,-1.00,-1.00,-1.00,-1.00,-1.00
2024-11-16T21:11:37Z,"0002cc0100000ec0","365463cd09f93dec0815898bea000000000000000000ffffffffffffffffffff",2,3.87,,8,21.53,54.65,,0.00,,0,0,0,0,,,,-1.00,-1.00,-1.00,-1.00,-1.00
2024-11-16T21:17:33Z,"0002cc0100000ec0","365463ce6df93de00815868c20000000000000000000ffffffffffffffffffffffff",2,3.87,,8,21.52,54.74,,0.00,,0,0,0,0,,,-1.00,-1.00,-1.00,-1.00,-1.00,-1.00
2024-11-16T21:23:29Z,"0002cc0100000ec0","365463cfd1f93dec0815918bcc000000000000000000f4b5f47df442f6ebfea1",2,3.87,,8,21.56,54.61,,0.00,,0,0,0,0,,,,-0.83,-0.43,-0.27,-0.28,-0.29
2024-11-16T21:29:25Z,"0002cc0100000ec0","365463d135f93de00815948b6f000000000000000000fffffffffffffe9de5d0f53d",2,3.87,,8,21.58,54.47,,0.00,,0,0,0,0,,,-0.33,-0.09,-0.83,-1.00,-1.00,-1.00
2024-11-16T21:35:21Z,"0002cc0100000ec0","365463d299f93de00815948bee000000000000000000feabff85ff4bfc08ffa6",2,3.87,,8,21.58,54.66,,0.00,,0,0,0,0,,,,-0.96,-0.50,-0.91,-0.94,-0.83
2024-11-16T21:41:17Z,"0002cc0100000ec0","365463d3fdf93df40815988d2b000000000000000000ffffff1cfc2affffffff",2,3.87,,8,21.59,55.14,,0.00,,0,0,0,0,,,,-1.00,-1.00,-0.52,-0.89,-1.00
2024-11-16T21:47:13Z,"0002cc0100000ec0","365463d561f93dec0815988cbd0000000000000000004d17e7c4fe4ffeb5fe74",2,3.87,,8,21.59,54.98,,0.00,,0,0,0,0,,,,-0.81,-0.84,-0.79,-0.12,0.01
2024-11-16T21:53:10Z,"0002cc0100000ec0","365463d6c6f93de008159c8cbf000000000000000000fffffffffed7ee0efe62ffff",2,3.87,,8,21.61,54.98,,0.00,,0,0,0,0,,,-1.00,-0.80,-0.19,-0.85,-1.00,-1.00
2024-11-16T21:59:05Z,"0002cc0100000ec0","365463d829f93dec0815988d62000000000000000000ffffffffffffffffffff",2,3.87,,8,21.59,55.23,,0.00,,0,0,0,0,,,,-1.00,-1.00,-1.00,-1.00,-1.00
2024-11-16T22:05:02Z,"0002cc0100000ec0","365463d98ef93de00815988d5b000000000000000000ff06fc6effffff47feb5",2,3.87,,8,21.59,55.22,,0.00,,0,0,0,0,,,,-0.84,-0.91,-1.00,-0.55,-0.88
2024-11-16T22:10:57Z,"0002cc0100000ec0","365463daf1f93dec0815988da9000000000000000000ffffffffffffffffffff",2,3.87,,8,21.59,55.34,,0.00,,0,0,0,0,,,,-1.00,-1.00,-1.00,-1.00,-1.00
2024-11-16T22:16:54Z,"0002cc0100000ec0","365463dc56f93dec08159c8e40000000000000000000fefaffceffffff1affffffff",2,3.87,,8,21.61,55.57,,0.00,,0,0,0,0,,,-1.00,-1.00,-0.89,-1.00,-0.98,-0.87
2024-11-16T22:22:49Z,"0002cc0100000ec0","365463ddb9f93dec0815988e37000000000000000000ffffffffffffffffffff",2,3.87,,8,21.59,55.55,,0.00,,0,0,0,0,,,,-1.00,-1.00,-1.00,-1.00,-1.00
2024-11-16T22:28:45Z,"0002cc0100000ec0","365463df1df93dec08159f8e69000000000000000000ffffffffffffffffffff",2,3.87,,8,21.62,55.63,,0.00,,0,0,0,0,,,,-1.00,-1.00,-1.00,-1.00,-1.00
2024-11-16T22:34:41Z,"0002cc0100000ec0","365463e081f93dec08159c8e90000000000000000000ffffffffffffffffffffffff",2,3.87,,8,21.61,55.69,,0.00,,0,0,0,0,,,-1.00,-1.00,-1.00,-1.00,-1.00,-1.00
2024-11-16T22:40:37Z,"0002cc0100000ec0","365463e1e5f93de00815988ee4000000000000000000ffffffffffffffffffff",2,3.87,,8,21.59,55.82,,0.00,,0,0,0,0,,,,-1.00,-1.00,-1.00,-1.00,-1.00
2024-11-16T22:46:33Z,"0002cc0100000ec0","365463e349f93de00815988f03000000000000000000ffffffefffffffffffffffff",2,3.87,,8,21.59,55.86,,0.00,,0,0,0,0,,,-1.00,-1.00,-1.00,-1.00,-0.99,-1.00
2024-11-16T22:52:29Z,"0002cc0100000ec0","365463e4adf20205000015948ef3000000000000000000ffffffffffffffffffff",2,,2.5.0.0,,21.58,55.84,,0.00,,0,0,0,0,,,,-1.00,-1.00,-1.00,-1.00,-1.00
2024-11-16T22:58:25Z,"0002cc0100000ec0","365463e611f93dec0815948f12000000000000000000ffffffffffffffffffff",2,3.87,,8,21.58,55.89,,0.00,,0,0,0,0,,,,-1.00,-1.00,-1.00,-1.00,-1.00
2024-11-16T23:04:21Z,"0002cc0100000ec0","365463e775f93dec0815918ef9000000000000000000ffffffffffffffffffffffff",2,3.87,,8,21.56,55.85,,0.00,,0,0,0,0,,,-1.00,-1.00,-1.00,-1.00,-1.00,-1.00
2024-11-16T23:10:17Z,"0002cc0100000ec0","365463e8d9f93dec08158d8eff000000000000000000ffffffffffffffffffff",2,3.87,,8,21.55,55.86,,0.00,,0,0,0,0,,,,-1.00,-1.00,-1.00,-1.00,-1.00
2024-11-16T23:16:13Z,"0002cc0100000ec0","365463ea3df93dec0815898f17000000000000000000ffffffffffffffffffff",2,3.87,,8,21.53,55.90,,0.00,,0,0,0,0,,,,-1.00,-1.00,-1.00,-1.00,-1.00
2024-11-16T23:22:09Z,"0002cc0100000ec0","365463eba1f93dec08158d8f4e000000000000000000ffffffffffffffffffff",2,3.87,,8,21.55,55.98,,0.00,,0,0,0,0,,,,-1.00,-1.00,-1.00,-1.00,-1.00
2024-11-16T23:28:05Z,"0002cc0100000ec0","365463ed05f93dec08158d8f66000000000000000000ffffffffffffffffffffffff",2,3.87,,8,21.55,56.02,,0.00,,0,0,0,0,,,-1.00,-1.00,-1.00,-1.00,-1.00,-1.00
2024-11-16T23:34:01Z,"0002cc0100000ec0","365463ee69f93de808158d8ffc000000000000000000ffffffffffffffffff8f",2,3.87,,8,21.55,56.24,,0.00,,0,0,0,0,,,,-0.94,-1.00,-1.00,-1.00,-1.00
2024-11-16T23:39:57Z,"0002cc0100000ec0","365463efcdf93df408158990f7000000000000000000ff9affffffffffffffff",2,3.87,,8,21.53,56.63,,0.00,,0,0,0,0,,,,-1.00,-1.00,-1.00,-1.00,-0.95
2024-11-16T23:45:53Z,"0002cc0100000ec0","365463f131f93dec081598911e000000000000000000f426f649ff8ef647f7a2ff1a",2,3.87,,8,21.59,56.69,,0.00,,0,0,0,0,,,-0.89,-0.48,-0.39,-0.94,-0.39,-0.26
2024-11-16T23:51:49Z,"0002cc0100000ec0","365463f295f93de4081591907c000000000000000000fe2dffffffffffffffff",2,3.87,,8,21.56,56.44,,0.00,,0,0,0,0,,,,-1.00,-1.00,-1.00,-1.00,-0.77
2024-11-16T23:57:45Z,"0002cc0100000ec0","365463f3f9f93dec081594906500000000000000000074d2ff8affffffffff79",2,3.87,,8,21.58,56.40,,0.00,,0,0,0,0,,,,-0.93,-1.00,-1.00,-0.94,0.30
