Time,DevEUI,Raw,Port,Vbat,Version,BootCount,T,RH,P,Light,CO2,P[0].delta,P[0].total,P[1].delta,P[1].total,Act[7],Act[6],Act[5],Act[4],Act[3],Act[2],Act[1],Act[0]
2024-11-13T00:02:45Z,"0002cc0100000ec0","36545eaf25f93ea4081598869b000000000000000000fc1becd3effb6cdbe66c",2,3.91,,8,21.59,52.58,,0.00,,0,0,0,0,,,,-0.10,0.15,-0.25,-0.15,-0.51
2024-11-13T00:08:42Z,"0002cc0100000ec0","36545eb08af93e9c0815988a16000000000000000000ffffffffffffffffffffffff",2,3.91,,8,21.59,53.94,,0.00,,0,0,0,0,,,-1.00,-1.00,-1.00,-1.00,-1.00,-1.00
2024-11-13T00:14:37Z,"0002cc0100000ec0","36545eb1edf93ea408159f8ca7000000000000000000fffffffff462f760ff04",2,3.91,,8,21.62,54.94,,0.00,,0,0,0,0,,,,-0.88,-0.46,-0.27,-1.00,-1.00
2024-11-13T00:20:33Z,"0002cc0100000ec0","36545eb351f93eb108159f8d3d000000000000000000ff72efa8f56cfe0af535",2,3.92,,8,21.62,55.17,,0.00,,0,0,0,0,,,,-0.33,-0.76,-0.34,-0.24,-0.93
2024-11-13T00:26:30Z,"0002cc0100000ec0","36545eb4b6f93ea408159c8f1e000000000000000000f712fdb4fffffffffdfb",2,3.91,,8,21.61,55.91,,0.00,,0,0,0,0,,,,-0.75,-1.00,-1.00,-0.71,-0.44
2024-11-13T00:32:25Z,"0002cc0100000ec0","36545eb619f93ea40815948f62000000000000000000fffffe8ffd13fcccf7c4",2,3.91,,8,21.58,56.01,,0.00,,0,0,0,0,,,,-0.49,-0.60,-0.63,-0.82,-1.00
2024-11-13T00:38:21Z,"0002cc0100000ec0","36545eb77df93e9c0815918e15000000000000000000efdafcf5df4dfd52fc36",2,3.91,,8,21.56,55.50,,0.00,,0,0,0,0,,,,-0.53,-0.67,-0.06,-0.62,-0.25
2024-11-13T00:44:18Z,"0002cc0100000ec0","36545eb8e2f93ea408158d8d46000000000000000000ff31fe31fe96fcf7ffff",2,3.91,,8,21.55,55.19,,0.00,,0,0,0,0,,,,-1.00,-0.62,-0.82,-0.77,-0.90
2024-11-13T00:50:14Z,"0002cc0100000ec0","36545eba46f93ea40815828cad000000000000000000fffffff2fdbfffffff7ef494",2,3.91,,8,21.51,54.95,,0.00,,0,0,0,0,,,-0.29,-0.94,-1.00,-0.72,-0.99,-1.00
2024-11-13T00:56:10Z,"0002cc0100000ec0","36545ebbaaf93ea408157b8c98000000000000000000ffffff35fecfffffffdc",2,3.91,,8,21.48,54.92,,0.00,,0,0,0,0,,,,-0.98,-1.00,-0.85,-0.90,-1.00
2024-11-13T01:02:06Z,"0002cc0100000ec0","36545ebd0ef93eb10815778c87000000000000000000ffffffffe715fc31ffff",2,3.92,,8,21.46,54.89,,0.00,,0,0,0,0,,,,-1.00,-0.52,-0.11,-1.00,-1.00
2024-11-13T01:08:02Z,"0002cc0100000ec0","36545ebe72f93ea408156c8cb3000000000000000000fffffffffd58fedffffff79e",2,3.91,,8,21.42,54.96,,0.00,,0,0,0,0,,,-0.48,-1.00,-0.86,-0.67,-1.00,-1.00
2024-11-13T01:13:58Z,"0002cc0100000ec0","36545ebfd6f93ea40815748d6b000000000000000000ffdbfec4f7e2fffffed2",2,3.91,,8,21.45,55.24,,0.00,,0,0,0,0,,,,-0.85,-1.00,-0.49,-0.85,-0.98
2024-11-13T01:19:54Z,"0002cc0100000ec0","36545ec13af93ea408157b8df40000000000000000006ed3fc6ffc40fcadffff",2,3.91,,8,21.48,55.45,,0.00,,0,0,0,0,,,,-1.00,-0.58,-0.53,-0.55,0.21
2024-11-13T01:25:50Z,"0002cc0100000ec0","36545ec29ef93ea40815828de0000000000000000000eecbfdacfe095d206f236ca6",2,3.91,,8,21.51,55.42,,0.00,,0,0,0,0,,,0.15,0.22,0.04,-0.75,-0.71,-0.21
2024-11-13T01:31:46Z,"0002cc0100000ec0","36545ec402f93ea808157f8e06000000000000000000ffb1fffffffffeafff23",2,3.92,,8,21.49,55.48,,0.00,,0,0,0,0,,,,-0.89,-0.84,-1.00,-1.00,-0.96
2024-11-13T01:37:42Z,"0002cc0100000ec0","36545ec566f20205000015828e0f000000000000000000ffdaff16ffffffffffff",2,,2.5.0.0,,21.51,55.49,,0.00,,0,0,0,0,,,,-1.00,-1.00,-1.00,-0.89,-0.98
2024-11-13T01:43:38Z,"0002cc0100000ec0","36545ec6caf93ea40815868e37000000000000000000ffffffffffffffffffffffff",2,3.91,,8,21.52,55.55,,0.00,,0,0,0,0,,,-1.00,-1.00,-1.00,-1.00,-1.00,-1.00
2024-11-13T01:49:34Z,"0002cc0100000ec0","36545ec82ef93ea40815868e28000000000000000000ffffffffffffff2cffff",2,3.91,,8,21.52,55.53,,0.00,,0,0,0,0,,,,-1.00,-0.90,-1.00,-1.00,-1.00
2024-11-13T01:55:30Z,"0002cc0100000ec0","36545ec992f93ea40815918e73000000000000000000ffb1dc3bec1cef11fd02fda9",2,3.91,,8,21.56,55.65,,0.00,,0,0,0,0,,,-0.71,-0.63,-0.22,-0.13,-0.03,-0.96
2024-11-13T02:01:26Z,"0002cc0100000ec0","36545ecaf6f93e9c08159c8ebe000000000000000000fdd3f7d8fe39778b7d46",2,3.91,,8,21.61,55.76,,0.00,,0,0,0,0,,,,0.66,0.47,-0.78,-0.49,-0.73
2024-11-13T02:07:22Z,"0002cc0100000ec0","36545ecc5af93ea40815a68e5d000000000000000000ee2774447c45e70ff68cfed1",2,3.91,,8,21.65,55.61,,0.00,,0,0,0,0,,,-0.85,-0.41,-0.11,0.53,0.27,-0.19
2024-11-13T02:13:18Z,"0002cc0100000ec0","36545ecdbef93e940815a28dfd40f78c000000000000fffffee0f40ffecefedd",2,3.91,,8,21.63,55.47,,3.93,,0,0,0,0,,,,-0.86,-0.85,-0.25,-0.86,-1.00
2024-11-13T02:19:14Z,"0002cc0100000ec0","36545ecf22f93e9408159f8dcb41336b000000000000fffffe73ff7bf6b0efea",2,3.91,,8,21.62,55.39,,4.80,,0,0,0,0,,,,-0.25,-0.42,-0.93,-0.81,-1.00
2024-11-13T02:25:10Z,"0002cc0100000ec0","36545ed086f93ea00815a28d4f412e86000000000000fc69ffa8ffffffffffff",2,3.91,,8,21.63,55.20,,4.73,,0,0,0,0,,,,-1.00,-1.00,-1.00,-0.96,-0.55
2024-11-13T02:31:06Z,"0002cc0100000ec0","36545ed1eaf93ea40815aa8d2b413122000000000000fffffffffccefd4dffffffff",2,3.91,,8,21.66,55.14,,4.77,,0,0,0,0,,,-1.00,-1.00,-0.66,-0.60,-1.00,-1.00
2024-11-13T02:37:02Z,"0002cc0100000ec0","36545ed34ef93eb10815ad8d5c412222000000000000ffffed77fea8eca8fdec",2,3.92,,8,21.68,55.22,,4.53,,0,0,0,0,,,,-0.74,-0.15,-0.83,-0.17,-1.00
2024-11-13T02:42:58Z,"0002cc0100000ec0","36545ed4b2f93ea00815b18ccf410a28000000000000ff1cff7eff8efdecfe34",2,3.91,,8,21.69,55.00,,4.16,,0,0,0,0,,,,-0.78,-0.74,-0.94,-0.94,-0.89
2024-11-13T02:48:54Z,"0002cc0100000ec0","36545ed616f93ea00815b48c694105c1000000000000ffffffbfff72ffffffff",2,3.91,,8,21.70,54.85,,4.09,,0,0,0,0,,,,-1.00,-1.00,-0.93,-0.97,-1.00
2024-11-13T02:54:50Z,"0002cc0100000ec0","36545ed77af93e940815b18bca41085d000000000000ffffffffffffffffffff",2,3.91,,8,21.69,54.61,,4.13,,0,0,0,0,,,,-1.00,-1.00,-1.00,-1.00,-1.00
2024-11-13T03:00:46Z,"0002cc0100000ec0","36545ed8def93ea00815b48b16410b37000000000000ffffffffffffffffffffffff",2,3.91,,8,21.70,54.33,,4.18,,0,0,0,0,,,-1.00,-1.00,-1.00,-1.00,-1.00,-1.00
2024-11-13T03:06:42Z,"0002cc0100000ec0","36545eda42f93ea00815b98b3041015b000000000000ffffffffffffffffffff",2,3.91,,8,21.72,54.37,,4.02,,0,0,0,0,,,,-1.00,-1.00,-1.00,-1.00,-1.00
2024-11-13T03:12:38Z,"0002cc0100000ec0","36545edba6f93ea00815b98b2741070f000000000000ffffffffffffffffffff",2,3.91,,8,21.72,54.36,,4.11,,0,0,0,0,,,,-1.00,-1.00,-1.00,-1.00,-1.00
2024-11-13T03:18:34Z,"0002cc0100000ec0","36545edd0af93ea80815bc8b12410435000000000000ffffffffffffffffffff",2,3.92,,8,21.73,54.33,,4.07,,0,0,0,0,,,,-1.00,-1.00,-1.00,-1.00,-1.00
2024-11-13T03:24:30Z,"0002cc0100000ec0","36545ede6ef93ea00815c08ab341070f000000000000ffffffffffffffffffff",2,3.91,,8,21.75,54.18,,4.11,,0,0,0,0,,,,-1.00,-1.00,-1.00,-1.00,-1.00
2024-11-13T03:30:26Z,"0002cc0100000ec0","36545edfd2f93ea00815c48ad640ff9c000000000000ffffffffffffffffffff",2,3.91,,8,21.76,54.23,,4.00,,0,0,0,0,,,,-1.00,-1.00,-1.00,-1.00,-1.00
2024-11-13T03:36:22Z,"0002cc0100000ec0","36545ee136f93ea00815c78b934109aa000000000000ffffffffffffffffffff",2,3.91,,8,21.78,54.52,,4.15,,0,0,0,0,,,,-1.00,-1.00,-1.00,-1.00,-1.00
2024-11-13T03:42:18Z,"0002cc0100000ec0","36545ee29af93ea00815d28b5141011c000000000000ffffffffffffffffffff",2,3.91,,8,21.82,54.42,,4.02,,0,0,0,0,,,,-1.00,-1.00,-1.00,-1.00,-1.00
2024-11-13T03:48:14Z,"0002cc0100000ec0","36545ee3fef93ea00815dd8b9c41096b000000000000ffffffffffffffffffffffff",2,3.91,,8,21.86,54.54,,4.15,,0,0,0,0,,,-1.00,-1.00,-1.00,-1.00,-1.00,-1.00
2024-11-13T03:54:10Z,"0002cc0100000ec0","36545ee562f93e940815e88b5140ff1e000000000000ffffffffffffffb0ff79",2,3.91,,8,21.90,54.42,,3.99,,0,0,0,0,,,,-0.93,-0.96,-1.00,-1.00,-1.00
2024-11-13T04:00:05Z,"0002cc0100000ec0","36545ee6c5f93e8c0815ef8b2e4100dd000000000000ffffffffffffffffffff",2,3.91,,8,21.93,54.37,,4.01,,0,0,0,0,,,,-1.00,-1.00,-1.00,-1.00,-1.00
2024-11-13T04:06:01Z,"0002cc0100000ec0","36545ee829f93ea00815f28b184100dd000000000000ffffffffffffffffffff",2,3.91,,8,21.95,54.33,,4.01,,0,0,0,0,,,,-1.00,-1.00,-1.00,-1.00,-1.00
2024-11-13T04:11:57Z,"0002cc0100000ec0","36545ee98df93e980815f68ab24102a8000000000000ffffffffffffffffffffffff",2,3.91,,8,21.96,54.18,,4.04,,0,0,0,0,,,-1.00,-1.00,-1.00,-1.00,-1.00,-1.00
2024-11-13T04:17:53Z,"0002cc0100000ec0","36545eeaf1f93e980815f68ab2410582000000000000ffffffffffffffffffff",2,3.91,,8,21.96,54.18,,4.09,,0,0,0,0,,,,-1.00,-1.00,-1.00,-1.00,-1.00
2024-11-13T04:23:49Z,"0002cc0100000ec0","36545eec55f93ea00815f68a7a41081e000000000000ffffffffffffffffffff",2,3.91,,8,21.96,54.09,,4.13,,0,0,0,0,,,,-1.00,-1.00,-1.00,-1.00,-1.00
2024-11-13T04:29:45Z,"0002cc0100000ec0","36545eedb9f93ea40815ef8a8f40fc83000000000000ffffffffffffffffffffffff",2,3.91,,8,21.93,54.13,,3.97,,0,0,0,0,,,-1.00,-1.00,-1.00,-1.00,-1.00,-1.00
2024-11-13T04:35:41Z,"0002cc0100000ec0","36545eef1df93e980815f68a62410ab9000000000000ffffffffffffffffffff",2,3.91,,8,21.96,54.06,,4.17,,0,0,0,0,,,,-1.00,-1.00,-1.00,-1.00,-1.00
2024-11-13T04:41:37Z,"0002cc0100000ec0","36545ef081f93e980815f28a134107df000000000000ffffffffffffffe4ffff",2,3.91,,8,21.95,53.94,,4.12,,0,0,0,0,,,,-1.00,-0.99,-1.00,-1.00,-1.00
2024-11-13T04:47:33Z,"0002cc0100000ec0","36545ef1e5f93ea00815f68a2b41096b000000000000ffffffffffffffffffff",2,3.91,,8,21.96,53.97,,4.15,,0,0,0,0,,,,-1.00,-1.00,-1.00,-1.00,-1.00
2024-11-13T04:53:29Z,"0002cc0100000ec0","36545ef349f93ea00815f2895640ff1e000000000000ffffffffffffffffffff",2,3.91,,8,21.95,53.65,,3.99,,0,0,0,0,,,,-1.00,-1.00,-1.00,-1.00,-1.00
2024-11-13T04:59:25Z,"0002cc0100000ec0","36545ef4adf93e8c0815ef89244103b7000000000000ffffffffffffffffffff",2,3.91,,8,21.93,53.57,,4.06,,0,0,0,0,,,,-1.00,-1.00,-1.00,-1.00,-1.00
2024-11-13T05:05:21Z,"0002cc0100000ec0","36545ef611f93e980815f288fd40fea0000000000000ffffffffffffffffffffffff",2,3.91,,8,21.95,53.51,,3.99,,0,0,0,0,,,-1.00,-1.00,-1.00,-1.00,-1.00,-1.00
2024-11-13T05:11:17Z,"0002cc0100000ec0","36545ef775f93e980815f2889f41022a000000000000ffffffffffffffffffff",2,3.91,,8,21.95,53.37,,4.03,,0,0,0,0,,,,-1.00,-1.00,-1.00,-1.00,-1.00
2024-11-13T05:17:13Z,"0002cc0100000ec0","36545ef8d9f93e980815f687f2410652000000000000ffffffffffffffffffff",2,3.91,,8,21.96,53.10,,4.10,,0,0,0,0,,,,-1.00,-1.00,-1.00,-1.00,-1.00
2024-11-13T05:23:09Z,"0002cc0100000ec0","36545efa3df93e980815f987f44106d0000000000000ffffffffffffffffffff",2,3.91,,8,21.97,53.11,,4.11,,0,0,0,0,,,,-1.00,-1.00,-1.00,-1.00,-1.00
2024-11-13T05:29:05Z,"0002cc0100000ec0","36545efba1f93e9808160187ef411a37000000000000fffffc4ffeb7fd2dffb3",2,3.91,,8,22.00,53.10,,4.41,,0,0,0,0,,,,-0.96,-0.65,-0.84,-0.54,-1.00
2024-11-13T05:35:00Z,"0002cc0100000ec0","36545efd04f93e980815fd877741160f000000000000ffffffffffffffffffff",2,3.91,,8,21.99,52.92,,4.34,,0,0,0,0,,,,-1.00,-1.00,-1.00,-1.00,-1.00
2024-11-13T05:40:56Z,"0002cc0100000ec0","36545efe68f202050000160487e9410aa6000000000000ffffffffffffffb4fcd7",2,,2.5.0.0,,22.01,53.09,,4.17,,0,0,0,0,,,,-0.61,-0.96,-1.00,-1.00,-1.00
2024-11-13T05:46:53Z,"0002cc0100000ec0","36545effcdf93e980816088849411a37000000000000f45efe24fffffffffffb",2,3.91,,8,22.03,53.24,,4.41,,0,0,0,0,,,,-1.00,-1.00,-1.00,-0.77,-0.27
2024-11-13T05:52:48Z,"0002cc0100000ec0","36545f0130f93e8c08160f884c41160f000000000000fffffffffffffffffe0c",2,3.91,,8,22.06,53.24,,4.34,,0,0,0,0,,,,-0.76,-1.00,-1.00,-1.00,-1.00
2024-11-13T05:58:45Z,"0002cc0100000ec0","36545f0295f93e8c08160f88934102a8000000000000fce6ffffffffffd1ff43",2,3.91,,8,22.06,53.35,,4.04,,0,0,0,0,,,,-0.91,-0.98,-1.00,-1.00,-0.61
2024-11-13T06:04:41Z,"0002cc0100000ec0","36545f03f9f93e9808161388fa4100dd000000000000fef1ffffffffffffffff",2,3.91,,8,22.07,53.51,,4.01,,0,0,0,0,,,,-1.00,-1.00,-1.00,-1.00,-0.87
2024-11-13T06:10:37Z,"0002cc0100000ec0","36545f055df93e9808161388b4410ab9000000000000ffffffffffffffffffffffff",2,3.91,,8,22.07,53.40,,4.17,,0,0,0,0,,,-1.00,-1.00,-1.00,-1.00,-1.00,-1.00
2024-11-13T06:16:33Z,"0002cc0100000ec0","36545f06c1f93ea408161e8899410269000000000000fffffffffd3effffffff",2,3.91,,8,22.11,53.36,,4.04,,0,0,0,0,,,,-1.00,-1.00,-0.66,-1.00,-1.00
2024-11-13T06:22:29Z,"0002cc0100000ec0","36545f0825f93e8c081617883f41011c000000000000ffffffffffffffffffffffff",2,3.91,,8,22.09,53.22,,4.02,,0,0,0,0,,,-1.00,-1.00,-1.00,-1.00,-1.00,-1.00
2024-11-13T06:28:25Z,"0002cc0100000ec0","36545f0989f93e8c08161a88514109aa000000000000ffffffffffffffffffff",2,3.91,,8,22.10,53.25,,4.15,,0,0,0,0,,,,-1.00,-1.00,-1.00,-1.00,-1.00
2024-11-13T06:34:20Z,"0002cc0100000ec0","36545f0aecf93ea408161e87da4106d0000000000000ffffffffffffffc4ffff",2,3.91,,8,22.11,53.07,,4.11,,0,0,0,0,,,,-1.00,-0.97,-1.00,-1.00,-1.00
2024-11-13T06:40:17Z,"0002cc0100000ec0","36545f0c51f93e8c081617890c410af8000000000000ffffffffffffffffffffffff",2,3.91,,8,22.09,53.53,,4.17,,0,0,0,0,,,-1.00,-1.00,-1.00,-1.00,-1.00,-1.00
2024-11-13T06:46:12Z,"0002cc0100000ec0","36545f0db4f93e9808161a8945410af8000000000000ffffffffffffffffffff",2,3.91,,8,22.10,53.62,,4.17,,0,0,0,0,,,,-1.00,-1.00,-1.00,-1.00,-1.00
2024-11-13T06:52:08Z,"0002cc0100000ec0","36545f0f18f93e980816138942410269000000000000ffffffffffffffffffff",2,3.91,,8,22.07,53.62,,4.04,,0,0,0,0,,,,-1.00,-1.00,-1.00,-1.00,-1.00
2024-11-13T06:58:04Z,"0002cc0100000ec0","36545f107cf93e9808161e88d841011c000000000000ffffffffffffffffffff",2,3.91,,8,22.11,53.46,,4.02,,0,0,0,0,,,,-1.00,-1.00,-1.00,-1.00,-1.00
2024-11-13T07:04:00Z,"0002cc0100000ec0","36545f11e0f93e980816178903410543000000000000ffffffffffffffffffffffff",2,3.91,,8,22.09,53.52,,4.08,,0,0,0,0,,,-1.00,-1.00,-1.00,-1.00,-1.00,-1.00
2024-11-13T07:09:56Z,"0002cc0100000ec0","36545f1344f93e8c081617887e40e5b1000000000000ffffffffffffffffffff",2,3.91,,8,22.09,53.32,,3.79,,0,0,0,0,,,,-1.00,-1.00,-1.00,-1.00,-1.00
2024-11-13T07:15:52Z,"0002cc0100000ec0","36545f14a8f93e9808161a87e041092c000000000000ffffffffffffffffffffffff",2,3.91,,8,22.10,53.08,,4.14,,0,0,0,0,,,-1.00,-1.00,-1.00,-1.00,-1.00,-1.00
2024-11-13T07:21:48Z,"0002cc0100000ec0","36545f160cf93e8c08161a87a340ff1e000000000000ffffffffffffff98ffff",2,3.91,,8,22.10,52.98,,3.99,,0,0,0,0,,,,-1.00,-0.95,-1.00,-1.00,-1.00
2024-11-13T07:27:44Z,"0002cc0100000ec0","36545f1770f93e9808161a87434103b7000000000000ffffffffffffffffffff",2,3.91,,8,22.10,52.84,,4.06,,0,0,0,0,,,,-1.00,-1.00,-1.00,-1.00,-1.00
2024-11-13T07:33:40Z,"0002cc0100000ec0","36545f18d4f93e9808161786f2410691000000000000ffffffffffffffffffff",2,3.91,,8,22.09,52.71,,4.10,,0,0,0,0,,,,-1.00,-1.00,-1.00,-1.00,-1.00
2024-11-13T07:39:36Z,"0002cc0100000ec0","36545f1a38f93e8c08161a86dd41022a000000000000ffffffffffffffffffffffff",2,3.91,,8,22.10,52.68,,4.03,,0,0,0,0,,,-1.00,-1.00,-1.00,-1.00,-1.00,-1.00
2024-11-13T07:45:32Z,"0002cc0100000ec0","36545f1b9cf93e8c08161786ab4103b7000000000000ffffffffffffffffffff",2,3.91,,8,22.09,52.61,,4.06,,0,0,0,0,,,,-1.00,-1.00,-1.00,-1.00,-1.00
2024-11-13T07:51:28Z,"0002cc0100000ec0","36545f1d00f93e8c0816178693410691000000000000ffffffffffffffffffffffff",2,3.91,,8,22.09,52.57,,4.10,,0,0,0,0,,,-1.00,-1.00,-1.00,-1.00,-1.00,-1.00
2024-11-13T07:57:24Z,"0002cc0100000ec0","36545f1e64f93e8c08161e868f4103b7000000000000ffffffffffffffffffff",2,3.91,,8,22.11,52.56,,4.06,,0,0,0,0,,,,-1.00,-1.00,-1.00,-1.00,-1.00
2024-11-13T08:03:20Z,"0002cc0100000ec0","36545f1fc8f93ea408161a86ad41096b000000000000ffffffffffffffffffff",2,3.91,,8,22.10,52.61,,4.15,,0,0,0,0,,,,-1.00,-1.00,-1.00,-1.00,-1.00
2024-11-13T08:09:16Z,"0002cc0100000ec0","36545f212cf93e9808162186d7410269000000000000ffffffffffffffffffff",2,3.91,,8,22.13,52.67,,4.04,,0,0,0,0,,,,-1.00,-1.00,-1.00,-1.00,-1.00
2024-11-13T08:15:11Z,"0002cc0100000ec0","36545f228ff93e9808161e86e641081e000000000000ffffffffffffffffffff",2,3.91,,8,22.11,52.70,,4.13,,0,0,0,0,,,,-1.00,-1.00,-1.00,-1.00,-1.00
2024-11-13T08:21:07Z,"0002cc0100000ec0","36545f23f3f93e9808162186fe4103b7000000000000ffffffffffffffffffff",2,3.91,,8,22.13,52.73,,4.06,,0,0,0,0,,,,-1.00,-1.00,-1.00,-1.00,-1.00
2024-11-13T08:27:03Z,"0002cc0100000ec0","36545f2557f93e8c08162186e7410543000000000000ffffffffffffffffffff",2,3.91,,8,22.13,52.70,,4.08,,0,0,0,0,,,,-1.00,-1.00,-1.00,-1.00,-1.00
2024-11-13T08:32:59Z,"0002cc0100000ec0","36545f26bbf93e980816258707410543000000000000ffffffffffffffffffff",2,3.91,,8,22.14,52.75,,4.08,,0,0,0,0,,,,-1.00,-1.00,-1.00,-1.00,-1.00
2024-11-13T08:38:55Z,"0002cc0100000ec0","36545f281ff93e9808161e86de4103b7000000000000ffffffffffffffffffef",2,3.91,,8,22.11,52.68,,4.06,,0,0,0,0,,,,-0.99,-1.00,-1.00,-1.00,-1.00
2024-11-13T08:44:51Z,"0002cc0100000ec0","36545f2983f93e8c08161e86b64103f6000000000000ffffffffffffffffffffffff",2,3.91,,8,22.11,52.62,,4.06,,0,0,0,0,,,-1.00,-1.00,-1.00,-1.00,-1.00,-1.00
2024-11-13T08:50:47Z,"0002cc0100000ec0","36545f2ae7f93e9808162186d74100dd000000000000ffffffffffffffffffff",2,3.91,,8,22.13,52.67,,4.01,,0,0,0,0,,,,-1.00,-1.00,-1.00,-1.00,-1.00
2024-11-13T08:56:43Z,"0002cc0100000ec0","36545f2c4bf93e8c08162186d740d6b1000000000000ffffffffffffffffffffffff",2,3.91,,8,22.13,52.67,,3.68,,0,0,0,0,,,-1.00,-1.00,-1.00,-1.00,-1.00,-1.00
2024-11-13T09:02:39Z,"0002cc0100000ec0","36545f2daff93e9808162586d141096b000000000000ffffffffffffffffffff",2,3.91,,8,22.14,52.66,,4.15,,0,0,0,0,,,,-1.00,-1.00,-1.00,-1.00,-1.00
2024-11-13T09:08:35Z,"0002cc0100000ec0","36545f2f13f93ea40816258603410691000000000000ffffffffffffffffffff",2,3.91,,8,22.14,52.35,,4.10,,0,0,0,0,,,,-1.00,-1.00,-1.00,-1.00,-1.00
2024-11-13T09:14:31Z,"0002cc0100000ec0","36545f3077f93e8808162c8684410ab9000000000000ffffffffffffffffffffffff",2,3.91,,8,22.17,52.55,,4.17,,0,0,0,0,,,-1.00,-1.00,-1.00,-1.00,-1.00,-1.00
2024-11-13T09:20:27Z,"0002cc0100000ec0","36545f31dbf93e8808162f85d04103b7000000000000ffffffffffffffffffff",2,3.91,,8,22.18,52.27,,4.06,,0,0,0,0,,,,-1.00,-1.00,-1.00,-1.00,-1.00
2024-11-13T09:26:23Z,"0002cc0100000ec0","36545f333ff93e8c08162c85b741096b000000000000ffffffffffffffffffff",2,3.91,,8,22.17,52.23,,4.15,,0,0,0,0,,,,-1.00,-1.00,-1.00,-1.00,-1.00
2024-11-13T09:32:18Z,"0002cc0100000ec0","36545f34a2f93e98081625864a410ab9000000000000ffffffffffffffffffff",2,3.91,,8,22.14,52.46,,4.17,,0,0,0,0,,,,-1.00,-1.00,-1.00,-1.00,-1.00
2024-11-13T09:38:15Z,"0002cc0100000ec0","36545f3607f93e8c08162f8656410691000000000000ffffffffffffffffffffffff",2,3.91,,8,22.18,52.48,,4.10,,0,0,0,0,,,-1.00,-1.00,-1.00,-1.00,-1.00,-1.00
2024-11-13T09:44:10Z,"0002cc0100000ec0","36545f376af202050000162c868d4100dd000000000000ffffffffffffffffffff",2,,2.5.0.0,,22.17,52.56,,4.01,,0,0,0,0,,,,-1.00,-1.00,-1.00,-1.00,-1.00
2024-11-13T09:50:06Z,"0002cc0100000ec0","36545f38cef93e88081628861441096b000000000000ffffffffffffffffffffffff",2,3.91,,8,22.16,52.38,,4.15,,0,0,0,0,,,-1.00,-1.00,-1.00,-1.00,-1.00,-1.00
2024-11-13T09:56:02Z,"0002cc0100000ec0","36545f3a32f93e90081628869341009e000000000000ffffffffffffffffffff",2,3.91,,8,22.16,52.57,,4.01,,0,0,0,0,,,,-1.00,-1.00,-1.00,-1.00,-1.00
2024-11-13T10:01:58Z,"0002cc0100000ec0","36545f3b96f93e9808162f85d84103b7000000000000ffffffffffffffffffff",2,3.91,,8,22.18,52.28,,4.06,,0,0,0,0,,,,-1.00,-1.00,-1.00,-1.00,-1.00
2024-11-13T10:07:54Z,"0002cc0100000ec0","36545f3cfaf93e9008162c84d14100dd000000000000ffffffffffffffffffff",2,3.91,,8,22.17,51.88,,4.01,,0,0,0,0,,,,-1.00,-1.00,-1.00,-1.00,-1.00
2024-11-13T10:13:50Z,"0002cc0100000ec0","36545f3e5ef93e8808162f86a54104c6000000000000ffffffffffffffffffff",2,3.91,,8,22.18,52.60,,4.07,,0,0,0,0,,,,-1.00,-1.00,-1.00,-1.00,-1.00
2024-11-13T10:19:46Z,"0002cc0100000ec0","36545f3fc2f93e9008163388b14107df000000000000ffffffffffffffffffff",2,3.91,,8,22.20,53.40,,4.12,,0,0,0,0,,,,-1.00,-1.00,-1.00,-1.00,-1.00
2024-11-13T10:25:42Z,"0002cc0100000ec0","36545f4126f93e8808163789c041022a000000000000ffffffffffffffffffffffff",2,3.91,,8,22.21,53.81,,4.03,,0,0,0,0,,,-1.00,-1.00,-1.00,-1.00,-1.00,-1.00
2024-11-13T10:31:38Z,"0002cc0100000ec0","36545f428af93e900816338900410691000000000000ffffffffffffffffffff",2,3.91,,8,22.20,53.52,,4.10,,0,0,0,0,,,,-1.00,-1.00,-1.00,-1.00,-1.00
2024-11-13T10:37:34Z,"0002cc0100000ec0","36545f43eef93e7f08163e889641096b000000000000ffffffffffffffffffff",2,3.91,,8,22.24,53.35,,4.15,,0,0,0,0,,,,-1.00,-1.00,-1.00,-1.00,-1.00
2024-11-13T10:43:30Z,"0002cc0100000ec0","36545f4552f93e8808163387e34100dd000000000000ffffffffffffffffffffffff",2,3.91,,8,22.20,53.08,,4.01,,0,0,0,0,,,-1.00,-1.00,-1.00,-1.00,-1.00,-1.00
2024-11-13T10:49:25Z,"0002cc0100000ec0","36545f46b5f93e9008163a875f410ab9000000000000ffffffffffffffffffff",2,3.91,,8,22.23,52.88,,4.17,,0,0,0,0,,,,-1.00,-1.00,-1.00,-1.00,-1.00
2024-11-13T10:55:22Z,"0002cc0100000ec0","36545f481af93e7f081637872f410504000000000000ffffffffffffffffffffffff",2,3.91,,8,22.21,52.81,,4.08,,0,0,0,0,,,-1.00,-1.00,-1.00,-1.00,-1.00,-1.00
2024-11-13T11:01:18Z,"0002cc0100000ec0","36545f497ef93e8c08163a872041022a000000000000ffffffffffffffffffffffff",2,3.91,,8,22.23,52.78,,4.03,,0,0,0,0,,,-1.00,-1.00,-1.00,-1.00,-1.00,-1.00
2024-11-13T11:07:13Z,"0002cc0100000ec0","36545f4ae1f93e7f081637860b410691000000000000ffffffffffffffffffff",2,3.91,,8,22.21,52.36,,4.10,,0,0,0,0,,,,-1.00,-1.00,-1.00,-1.00,-1.00
2024-11-13T11:13:09Z,"0002cc0100000ec0","36545f4c45f93e7f08163385a241096b000000000000ffffffffffffffffffffffff",2,3.91,,8,22.20,52.20,,4.15,,0,0,0,0,,,-1.00,-1.00,-1.00,-1.00,-1.00,-1.00
2024-11-13T11:19:05Z,"0002cc0100000ec0","36545f4da9f93e8c08162f855a410691000000000000ffffffffffffffffffff",2,3.91,,8,22.18,52.09,,4.10,,0,0,0,0,,,,-1.00,-1.00,-1.00,-1.00,-1.00
2024-11-13T11:25:01Z,"0002cc0100000ec0","36545f4f0df93e8c081633855b410691000000000000ffffffffffffffffffff",2,3.91,,8,22.20,52.09,,4.10,,0,0,0,0,,,,-1.00,-1.00,-1.00,-1.00,-1.00
2024-11-13T11:30:57Z,"0002cc0100000ec0","36545f5071f93e90081625851e410269000000000000ffffffffffffffffffff",2,3.91,,8,22.14,52.00,,4.04,,0,0,0,0,,,,-1.00,-1.00,-1.00,-1.00,-1.00
2024-11-13T11:36:53Z,"0002cc0100000ec0","36545f51d5f93e7f08162c852141081e000000000000ffffffffffffffffffff",2,3.91,,8,22.17,52.00,,4.13,,0,0,0,0,,,,-1.00,-1.00,-1.00,-1.00,-1.00
2024-11-13T11:42:49Z,"0002cc0100000ec0","36545f5339f93e8808162c84d94106d0000000000000ffffffffffffffffffffffff",2,3.91,,8,22.17,51.89,,4.11,,0,0,0,0,,,-1.00,-1.00,-1.00,-1.00,-1.00,-1.00
2024-11-13T11:48:45Z,"0002cc0100000ec0","36545f549df93e8c08162c84f14106d0000000000000ffffffffffffffffffff",2,3.91,,8,22.17,51.93,,4.11,,0,0,0,0,,,,-1.00,-1.00,-1.00,-1.00,-1.00
2024-11-13T11:54:41Z,"0002cc0100000ec0","36545f5601f93e8c08162c8567410543000000000000ffffffffffffffffffff",2,3.91,,8,22.17,52.11,,4.08,,0,0,0,0,,,,-1.00,-1.00,-1.00,-1.00,-1.00
2024-11-13T12:00:37Z,"0002cc0100000ec0","36545f5765f93e9008162f857041081e000000000000ffffffffffffffffffff",2,3.91,,8,22.18,52.12,,4.13,,0,0,0,0,,,,-1.00,-1.00,-1.00,-1.00,-1.00
2024-11-13T12:06:33Z,"0002cc0100000ec0","36545f58c9f93e9008162c85874103b7000000000000ffffffffffffffffffffffff",2,3.91,,8,22.17,52.16,,4.06,,0,0,0,0,,,-1.00,-1.00,-1.00,-1.00,-1.00,-1.00
2024-11-13T12:12:29Z,"0002cc0100000ec0","36545f5a2df93e7f0816338611410378000000000000ffffffffffffdc5effff",2,3.91,,8,22.20,52.37,,4.05,,0,0,0,0,,,,-1.00,-0.03,-1.00,-1.00,-1.00
2024-11-13T12:18:25Z,"0002cc0100000ec0","36545f5b91f93e8c081633860941092c000000000000ffffffffffffffffffff",2,3.91,,8,22.20,52.36,,4.14,,0,0,0,0,,,,-1.00,-1.00,-1.00,-1.00,-1.00
2024-11-13T12:24:21Z,"0002cc0100000ec0","36545f5cf5f93e7f0816378573410652000000000000ffffffffffffffffffffffff",2,3.91,,8,22.21,52.13,,4.10,,0,0,0,0,,,-1.00,-1.00,-1.00,-1.00,-1.00,-1.00
2024-11-13T12:30:16Z,"0002cc0100000ec0","36545f5e58f93e9008163785fa4100dd000000000000ffffffffffffffffffff",2,3.91,,8,22.21,52.34,,4.01,,0,0,0,0,,,,-1.00,-1.00,-1.00,-1.00,-1.00
2024-11-13T12:36:12Z,"0002cc0100000ec0","36545f5fbcf93e8c08163385f1410378000000000000ffffffffffffffffffffffff",2,3.91,,8,22.20,52.32,,4.05,,0,0,0,0,,,-1.00,-1.00,-1.00,-1.00,-1.00,-1.00
2024-11-13T12:42:08Z,"0002cc0100000ec0","36545f6120f93e7f08163a860341022a000000000000ffffffffffffffffffff",2,3.91,,8,22.23,52.35,,4.03,,0,0,0,0,,,,-1.00,-1.00,-1.00,-1.00,-1.00
2024-11-13T12:48:04Z,"0002cc0100000ec0","36545f6284f93e7f081637869941022a000000000000ffffffffffffffffffff",2,3.91,,8,22.21,52.58,,4.03,,0,0,0,0,,,,-1.00,-1.00,-1.00,-1.00,-1.00
2024-11-13T12:54:00Z,"0002cc0100000ec0","36545f63e8f93e8c08163e86ea4269e8000000000000ffffffffffffffffff3c",2,3.91,,8,22.24,52.70,,11.31,,0,0,0,0,,,,-0.90,-1.00,-1.00,-1.00,-1.00
2024-11-13T12:59:56Z,"0002cc0100000ec0","36545f654cf93e7f08163e867b4260dc000000000000ffffffffffffff77ffffffff",2,3.91,,8,22.24,52.53,,11.03,,0,0,0,0,,,-1.00,-1.00,-0.93,-1.00,-1.00,-1.00
2024-11-13T13:05:52Z,"0002cc0100000ec0","36545f66b0f93e8c081658895d427063000000000000ffffffffffffffffffff",2,3.91,,8,22.34,53.66,,11.51,,0,0,0,0,,,,-1.00,-1.00,-1.00,-1.00,-1.00
2024-11-13T13:11:48Z,"0002cc0100000ec0","36545f6814f93e7f0816588792427063000000000000ffffffffffffffffffffffff",2,3.91,,8,22.34,52.96,,11.51,,0,0,0,0,,,-1.00,-1.00,-1.00,-1.00,-1.00,-1.00
2024-11-13T13:17:44Z,"0002cc0100000ec0","36545f6978f93e8c081663853d427063000000000000ffffffffffffffffffff",2,3.91,,8,22.38,52.05,,11.51,,0,0,0,0,,,,-1.00,-1.00,-1.00,-1.00,-1.00
2024-11-13T13:23:40Z,"0002cc0100000ec0","36545f6adcf93e7f08166a84c1426fbc000000000000ffffffffffffffffffff",2,3.91,,8,22.41,51.86,,11.49,,0,0,0,0,,,,-1.00,-1.00,-1.00,-1.00,-1.00
2024-11-13T13:29:36Z,"0002cc0100000ec0","36545f6c40f93e7f08166683f3426f15000000000000ffffffffffffffffffff",2,3.91,,8,22.40,51.54,,11.47,,0,0,0,0,,,,-1.00,-1.00,-1.00,-1.00,-1.00
2024-11-13T13:35:32Z,"0002cc0100000ec0","36545f6da4f93e8c08165f83ab426f15000000000000ffffffffffffffffffff",2,3.91,,8,22.37,51.43,,11.47,,0,0,0,0,,,,-1.00,-1.00,-1.00,-1.00,-1.00
2024-11-13T13:41:28Z,"0002cc0100000ec0","36545f6f08f93e8c0816588386427083000000000000ffffffffffffffffffff",2,3.91,,8,22.34,51.38,,11.52,,0,0,0,0,,,,-1.00,-1.00,-1.00,-1.00,-1.00
2024-11-13T13:47:23Z,"0002cc0100000ec0","36545f706bf20205000016518470426fbc000000000000ffffffffffffffffffff",2,,2.5.0.0,,22.31,51.73,,11.49,,0,0,0,0,,,,-1.00,-1.00,-1.00,-1.00,-1.00
2024-11-13T13:53:19Z,"0002cc0100000ec0","36545f71cff93e900816428443426f15000000000000ffffffffffffffffffff",2,3.91,,8,22.25,51.67,,11.47,,0,0,0,0,,,,-1.00,-1.00,-1.00,-1.00,-1.00
2024-11-13T13:59:15Z,"0002cc0100000ec0","36545f7333f93e8c08163e840e426f15000000000000ffffffffffffffffffffffff",2,3.91,,8,22.24,51.58,,11.47,,0,0,0,0,,,-1.00,-1.00,-1.00,-1.00,-1.00,-1.00
2024-11-13T14:05:11Z,"0002cc0100000ec0","36545f7497f93e8c081633846d426d02000000000000ffffffffffffffffffff",2,3.91,,8,22.20,51.73,,11.41,,0,0,0,0,,,,-1.00,-1.00,-1.00,-1.00,-1.00
2024-11-13T14:11:07Z,"0002cc0100000ec0","36545f75fbf93e8c08162c84ca000000000000000000ffffffffffffffffffff",2,3.91,,8,22.17,51.87,,0.00,,0,0,0,0,,,,-1.00,-1.00,-1.00,-1.00,-1.00
2024-11-13T14:17:03Z,"0002cc0100000ec0","36545f775ff93e8c08162184cd000000000000000000ffffffffffffffffffffffff",2,3.91,,8,22.13,51.88,,0.00,,0,0,0,0,,,-1.00,-1.00,-1.00,-1.00,-1.00,-1.00
2024-11-13T14:22:59Z,"0002cc0100000ec0","36545f78c3f93e8c0816178519000000000000000000ffffffffffffffffffff",2,3.91,,8,22.09,51.99,,0.00,,0,0,0,0,,,,-1.00,-1.00,-1.00,-1.00,-1.00
2024-11-13T14:28:55Z,"0002cc0100000ec0","36545f7a27f93e8c0815fd8624000000000000000000ffffffffffffffffffff",2,3.91,,8,21.99,52.40,,0.00,,0,0,0,0,,,,-1.00,-1.00,-1.00,-1.00,-1.00
2024-11-13T14:34:51Z,"0002cc0100000ec0","36545f7b8bf93e7b0815fd8624000000000000000000fffff726d40cfffffffff5da",2,3.90,,8,21.99,52.40,,0.00,,0,0,0,0,,,-0.37,-1.00,-1.00,-0.02,-0.45,-1.00
2024-11-13T14:40:47Z,"0002cc0100000ec0","36545f7ceff93e8c0815fd8711000000000000000000fea0ffffffffffffffff",2,3.91,,8,21.99,52.76,,0.00,,0,0,0,0,,,,-1.00,-1.00,-1.00,-1.00,-0.83
2024-11-13T14:46:43Z,"0002cc0100000ec0","36545f7e53f93e8c0815f9871f000000000000000000fffffd2aed3af645fdd0",2,3.91,,8,21.97,52.78,,0.00,,0,0,0,0,,,,-0.73,-0.39,-0.16,-0.65,-1.00
2024-11-13T14:52:39Z,"0002cc0100000ec0","36545f7fb7f93e8c081608879b000000000000000000fc63ffffffffffffffff",2,3.91,,8,22.03,52.97,,0.00,,0,0,0,0,,,,-1.00,-1.00,-1.00,-1.00,-0.55
2024-11-13T14:58:35Z,"0002cc0100000ec0","36545f811bf93e7f08160c888a000000000000000000fdbdff38fc49fe02ffffffff",2,3.91,,8,22.04,53.34,,0.00,,0,0,0,0,,,-1.00,-1.00,-0.75,-0.54,-0.90,-0.72
2024-11-13T15:04:31Z,"0002cc0100000ec0","36545f827ff93e7f08160f8834000000000000000000fffffffffffffffff7f5",2,3.91,,8,22.06,53.21,,0.00,,0,0,0,0,,,,-0.50,-1.00,-1.00,-1.00,-1.00
2024-11-13T15:10:27Z,"0002cc0100000ec0","36545f83e3f93e940816138951000000000000000000fd68ff69ffffed9cfff9",2,3.91,,8,22.07,53.64,,0.00,,0,0,0,0,,,,-1.00,-0.18,-1.00,-0.93,-0.68
2024-11-13T15:16:23Z,"0002cc0100000ec0","36545f8547f93e8c0816178bac000000000000000000fffffc94fe8cffffffffffff",2,3.91,,8,22.09,54.56,,0.00,,0,0,0,0,,,-1.00,-1.00,-1.00,-0.82,-0.57,-1.00
2024-11-13T15:22:19Z,"0002cc0100000ec0","36545f86abf93e7f08160f8c7e000000000000000000ffffffffffffffffffff",2,3.91,,8,22.06,54.88,,0.00,,0,0,0,0,,,,-1.00,-1.00,-1.00,-1.00,-1.00
2024-11-13T15:28:15Z,"0002cc0100000ec0","36545f880ff93e8408160f8bf0000000000000000000ffffffffffffffffffffffff",2,3.91,,8,22.06,54.66,,0.00,,0,0,0,0,,,-1.00,-1.00,-1.00,-1.00,-1.00,-1.00
2024-11-13T15:34:11Z,"0002cc0100000ec0","36545f8973f93e7f0816048aa7000000000000000000ffffffffffffffffffff",2,3.91,,8,22.01,54.16,,0.00,,0,0,0,0,,,,-1.00,-1.00,-1.00,-1.00,-1.00
2024-11-13T15:40:07Z,"0002cc0100000ec0","36545f8ad7f93e8c0815fd89de000000000000000000ffffffffffffffffffffffff",2,3.91,,8,21.99,53.86,,0.00,,0,0,0,0,,,-1.00,-1.00,-1.00,-1.00,-1.00,-1.00
2024-11-13T15:46:03Z,"0002cc0100000ec0","36545f8c3bf93e7b0815f28840000000000000000000ffffffffff4fffffffff",2,3.90,,8,21.95,53.22,,0.00,,0,0,0,0,,,,-1.00,-1.00,-0.91,-1.00,-1.00
2024-11-13T15:51:59Z,"0002cc0100000ec0","36545f8d9ff93e8c0815e48746000000000000000000ffffffffffffff69ffff",2,3.91,,8,21.89,52.84,,0.00,,0,0,0,0,,,,-1.00,-0.93,-1.00,-1.00,-1.00
2024-11-13T15:57:55Z,"0002cc0100000ec0","36545f8f03f93e8c0815dd87b9000000000000000000ffffffffffffffffffff",2,3.91,,8,21.86,53.02,,0.00,,0,0,0,0,,,,-1.00,-1.00,-1.00,-1.00,-1.00
2024-11-13T16:03:51Z,"0002cc0100000ec0","36545f9067f93e8c0815d2884b000000000000000000ffffffffff98ee59fe4b",2,3.91,,8,21.82,53.24,,0.00,,0,0,0,0,,,,-0.79,-0.20,-0.95,-1.00,-1.00
2024-11-13T16:09:47Z,"0002cc0100000ec0","36545f91cbf93e7b0815ce88a8000000000000000000fffffca7e75ff624ffffff05",2,3.90,,8,21.80,53.38,,0.00,,0,0,0,0,,,-0.88,-1.00,-0.38,-0.12,-0.58,-1.00
2024-11-13T16:15:43Z,"0002cc0100000ec0","36545f932ff93e7b0815ce8986000000000000000000dedefebcfe57fc18ff02",2,3.90,,8,21.80,53.72,,0.00,,0,0,0,0,,,,-0.88,-0.51,-0.79,-0.84,-0.05
2024-11-13T16:21:39Z,"0002cc0100000ec0","36545f9493f93e840815ce8a62000000000000000000fffffffffffffef3f571",2,3.91,,8,21.80,54.06,,0.00,,0,0,0,0,,,,-0.34,-0.87,-1.00,-1.00,-1.00
2024-11-13T16:27:35Z,"0002cc0100000ec0","36545f95f7f93e840815c489f8000000000000000000fe58fff6ffbcff65ffff",2,3.91,,8,21.76,53.89,,0.00,,0,0,0,0,,,,-1.00,-0.92,-0.97,-1.00,-0.79
2024-11-13T16:33:31Z,"0002cc0100000ec0","36545f975bf93e840815bc8a14000000000000000000ffffffffffffffffffff",2,3.91,,8,21.73,53.94,,0.00,,0,0,0,0,,,,-1.00,-1.00,-1.00,-1.00,-1.00
2024-11-13T16:39:27Z,"0002cc0100000ec0","36545f98bff93e7b0815b189e9000000000000000000ffffffffffffffffffff",2,3.90,,8,21.69,53.87,,0.00,,0,0,0,0,,,,-1.00,-1.00,-1.00,-1.00,-1.00
2024-11-13T16:45:23Z,"0002cc0100000ec0","36545f9a23f93e840815aa89fe000000000000000000ffffffffffffffffffff",2,3.91,,8,21.66,53.90,,0.00,,0,0,0,0,,,,-1.00,-1.00,-1.00,-1.00,-1.00
2024-11-13T16:51:19Z,"0002cc0100000ec0","36545f9b87f93e7f0815a68a0b000000000000000000ffffffffffffffffffff",2,3.91,,8,21.65,53.92,,0.00,,0,0,0,0,,,,-1.00,-1.00,-1.00,-1.00,-1.00
2024-11-13T16:57:15Z,"0002cc0100000ec0","36545f9cebf93e7b08159f8818000000000000000000fc9efdd5ff67fd86ffff",2,3.90,,8,21.62,53.16,,0.00,,0,0,0,0,,,,-1.00,-0.69,-0.93,-0.73,-0.58
2024-11-13T17:03:11Z,"0002cc0100000ec0","36545f9e4ff93e8408159f87c2000000000000000000fffff613f5d6ffffffe2fdc6",2,3.91,,8,21.62,53.03,,0.00,,0,0,0,0,,,-0.72,-0.99,-1.00,-0.36,-0.38,-1.00
2024-11-13T17:09:07Z,"0002cc0100000ec0","36545f9fb3f93e8c0815988825000000000000000000f6d9fffffe54ff14fdac",2,3.91,,8,21.59,53.18,,0.00,,0,0,0,0,,,,-0.71,-0.88,-0.79,-1.00,-0.43
2024-11-13T17:15:03Z,"0002cc0100000ec0","36545fa117f93e8408159f887e000000000000000000749366c1fc57fce16c8e",2,3.91,,8,21.62,53.32,,0.00,,0,0,0,0,,,,0.14,-0.61,-0.54,0.11,0.29
2024-11-13T17:20:59Z,"0002cc0100000ec0","36545fa27bf93e7b08159c89a8000000000000000000ffffef74ffffffffffe2fe36",2,3.90,,8,21.61,53.77,,0.00,,0,0,0,0,,,-0.78,-0.99,-1.00,-1.00,-0.23,-1.00
2024-11-13T17:26:55Z,"0002cc0100000ec0","36545fa3dff93e840815988a9b000000000000000000ffffffd16d6dee9bffa6",2,3.91,,8,21.59,54.14,,0.00,,0,0,0,0,,,,-0.96,-0.21,0.17,-0.98,-1.00
2024-11-13T17:32:51Z,"0002cc0100000ec0","36545fa543f93e9008159c8bf1000000000000000000ff7ffeabef7ffd7ff421",2,3.91,,8,21.61,54.67,,0.00,,0,0,0,0,,,,-0.26,-0.69,-0.23,-0.83,-0.94
2024-11-13T17:38:47Z,"0002cc0100000ec0","36545fa6a7f93e840815a68bb50000000000000000006e36f620e424fccdf75d748c",2,3.91,,8,21.65,54.57,,0.00,,0,0,0,0,,,0.28,-0.46,-0.60,-0.06,-0.38,0.19
2024-11-13T17:44:43Z,"0002cc0100000ec0","36545fa80bf93e840815aa8c06000000000000000000cf89f684f4ecff01f5d8",2,3.91,,8,21.66,54.70,,0.00,,0,0,0,0,,,,-0.37,-0.88,-0.31,-0.41,-0.01
2024-11-13T17:50:39Z,"0002cc0100000ec0","36545fa96ff20205000015b18add000000000000000000fffffe36fd9af7afde33",2,,2.5.0.0,,21.69,54.24,,0.00,,0,0,0,0,,,,-0.05,-0.48,-0.70,-0.78,-1.00
2024-11-13T17:56:35Z,"0002cc0100000ec0","36545faad3f93e7b0815b98ae8000000000000000000fffffffff490fc2effb6fc05",2,3.90,,8,21.72,54.26,,0.00,,0,0,0,0,,,-0.50,-0.96,-0.52,-0.29,-1.00,-1.00
2024-11-13T18:02:31Z,"0002cc0100000ec0","36545fac37f93e7f0815b492c3000000000000000000ffffffffffffff02ffff",2,3.91,,8,21.70,57.33,,0.00,,0,0,0,0,,,,-1.00,-0.88,-1.00,-1.00,-1.00
2024-11-13T18:08:27Z,"0002cc0100000ec0","36545fad9bf93e7f0815c0882d000000000000000000fffffffffffffd24fc966efd",2,3.91,,8,21.75,53.19,,0.00,,0,0,0,0,,,0.22,-0.57,-0.64,-1.00,-1.00,-1.00
2024-11-13T18:14:23Z,"0002cc0100000ec0","36545faefff93e840815bc853d000000000000000000fdf1fdd0f425fe06ffff",2,3.91,,8,21.73,52.05,,0.00,,0,0,0,0,,,,-1.00,-0.75,-0.26,-0.73,-0.74
2024-11-13T18:20:19Z,"0002cc0100000ec0","36545fb063f93e7f0815b987cb000000000000000000fffffffffdc8d479fd70ffff",2,3.91,,8,21.72,53.04,,0.00,,0,0,0,0,,,-1.00,-0.68,-0.02,-0.72,-1.00,-1.00
2024-11-13T18:26:15Z,"0002cc0100000ec0","36545fb1c7f93e880815c087a6000000000000000000fd8ef517ed5f7529fc25",2,3.91,,8,21.75,52.99,,0.00,,0,0,0,0,,,,-0.52,0.32,-0.17,-0.32,-0.69
2024-11-13T18:32:11Z,"0002cc0100000ec0","36545fb32bf93e880815c4958700000000000000000074e66e94f64cfcf9dce8",2,3.91,,8,21.76,58.41,,0.00,,0,0,0,0,,,,-0.04,-0.62,-0.39,0.21,0.31
2024-11-13T18:38:07Z,"0002cc0100000ec0","36545fb48ff93e730815c488b5000000000000000000d4576fb6de7afd4a740e",2,3.90,,8,21.76,53.40,,0.00,,0,0,0,0,,,,0.25,-0.66,-0.05,0.24,-0.02
2024-11-13T18:44:03Z,"0002cc0100000ec0","36545fb5f3f93e880815c088d9000000000000000000ee93ec3d761e6d0fff0cfc2e",2,3.91,,8,21.75,53.46,,0.00,,0,0,0,0,,,-0.52,-0.88,0.16,0.38,-0.13,-0.21
2024-11-13T18:49:59Z,"0002cc0100000ec0","36545fb757f93e7f0815b18923000000000000000000ffffffffffffffffffff",2,3.91,,8,21.69,53.57,,0.00,,0,0,0,0,,,,-1.00,-1.00,-1.00,-1.00,-1.00
2024-11-13T18:55:55Z,"0002cc0100000ec0","36545fb8bbf93e7f0815a68926000000000000000000ffffffffffffffffffffffff",2,3.91,,8,21.65,53.57,,0.00,,0,0,0,0,,,-1.00,-1.00,-1.00,-1.00,-1.00,-1.00
2024-11-13T19:01:51Z,"0002cc0100000ec0","36545fba1ff93e7f0815988902000000000000000000ffffffffffffff88ffff",2,3.91,,8,21.59,53.52,,0.00,,0,0,0,0,,,,-1.00,-0.94,-1.00,-1.00,-1.00
2024-11-13T19:07:47Z,"0002cc0100000ec0","36545fbb83f93e7308159c89f8000000000000000000fffffffffffffdb3f719",2,3.90,,8,21.61,53.89,,0.00,,0,0,0,0,,,,-0.44,-0.71,-1.00,-1.00,-1.00
2024-11-13T19:13:43Z,"0002cc0100000ec0","36545fbce7f93e73081598899f000000000000000000fd27fe1affc3ff1afed7",2,3.90,,8,21.59,53.76,,0.00,,0,0,0,0,,,,-0.85,-0.89,-0.97,-0.76,-0.64
2024-11-13T19:19:39Z,"0002cc0100000ec0","36545fbe4bf93e7308159f89da000000000000000000ffffffffff6af79965c8f7f1",2,3.90,,8,21.62,53.85,,0.00,,0,0,0,0,,,-0.50,0.09,-0.47,-0.93,-1.00,-1.00
2024-11-13T19:25:35Z,"0002cc0100000ec0","36545fbfaff93e7f0815a28ac8000000000000000000fe8cfeac6789fffffc2d",2,3.91,,8,21.63,54.21,,0.00,,0,0,0,0,,,,-0.52,-1.00,0.12,-0.83,-0.82
2024-11-13T19:31:31Z,"0002cc0100000ec0","36545fc113f93e7f0815b98b76000000000000000000fffffffff5d7f74dfcddf435",2,3.91,,8,21.72,54.48,,0.00,,0,0,0,0,,,-0.26,-0.61,-0.46,-0.36,-1.00,-1.00
2024-11-13T19:37:27Z,"0002cc0100000ec0","36545fc277f93e7f0815c08bb1000000000000000000fdb6fd2ffffffec6fcc6",2,3.91,,8,21.75,54.57,,0.00,,0,0,0,0,,,,-0.60,-0.85,-1.00,-0.65,-0.71
2024-11-13T19:43:23Z,"0002cc0100000ec0","36545fc3dbf93e7f0815cb8b9d000000000000000000f7dffe3cf7aeff4dffff",2,3.91,,8,21.79,54.54,,0.00,,0,0,0,0,,,,-1.00,-0.91,-0.48,-0.78,-0.49
2024-11-13T19:49:19Z,"0002cc0100000ec0","36545fc53ff93e7f0815d28b97000000000000000000fffff7e9f4d7e4d87d21ee44",2,3.91,,8,21.82,54.53,,0.00,,0,0,0,0,,,-0.20,0.64,-0.08,-0.30,-0.49,-1.00
2024-11-13T19:55:15Z,"0002cc0100000ec0","36545fc6a3f93e730815e18a82000000000000000000ee10fdc1fe30f4f77654ee35",2,3.90,,8,21.88,54.11,,0.00,,0,0,0,0,,,-0.19,0.40,-0.31,-0.77,-0.72,-0.19
2024-11-13T20:01:11Z,"0002cc0100000ec0","36545fc807f93e7f0815e18b60000000000000000000ff70f5dcfe1dffb7fe26",2,3.91,,8,21.88,54.44,,0.00,,0,0,0,0,,,,-0.77,-0.96,-0.76,-0.37,-0.93
2024-11-13T20:07:07Z,"0002cc0100000ec0","36545fc96bf93e730815e48bc0000000000000000000fffffffffe17ff9667506c34",2,3.90,,8,21.89,54.59,,0.00,,0,0,0,0,,,0.13,0.11,-0.95,-0.76,-1.00,-1.00
2024-11-13T20:13:03Z,"0002cc0100000ec0","36545fcacff93e7f0815f28ba5000000000000000000f6adff5be43ee56a7731",2,3.91,,8,21.95,54.55,,0.00,,0,0,0,0,,,,0.45,-0.08,-0.07,-0.92,-0.42
2024-11-13T20:18:59Z,"0002cc0100000ec0","36545fcc33f93e730815e88b5a3a8d2f000000000000fdacfd6dfd09fffffe27ffff",2,3.90,,8,21.90,54.44,,0.05,,0,0,0,0,,,-1.00,-0.77,-1.00,-0.63,-0.68,-0.71
2024-11-13T20:24:55Z,"0002cc0100000ec0","36545fcd97f93e730815e18af1000000000000000000f639fe19ffffffffffff",2,3.90,,8,21.88,54.27,,0.00,,0,0,0,0,,,,-1.00,-1.00,-1.00,-0.76,-0.39
2024-11-13T20:30:51Z,"0002cc0100000ec0","36545fcefbf93e7f0815c79025000000000000000000ffffff14ffffffffffff",2,3.91,,8,21.78,56.31,,0.00,,0,0,0,0,,,,-1.00,-1.00,-1.00,-0.88,-1.00
2024-11-13T20:36:48Z,"0002cc0100000ec0","36545fd060f93e7f0815c488b5000000000000000000ffffffffffffffffffffffff",2,3.91,,8,21.76,53.40,,0.00,,0,0,0,0,,,-1.00,-1.00,-1.00,-1.00,-1.00,-1.00
2024-11-13T20:42:44Z,"0002cc0100000ec0","36545fd1c4f93e730815b17faf000000000000000000fffffc74ffe8ffffffff",2,3.90,,8,21.69,49.88,,0.00,,0,0,0,0,,,,-1.00,-1.00,-0.99,-0.56,-1.00
2024-11-13T20:48:39Z,"0002cc0100000ec0","36545fd327f93e7f08159475e8000000000000000000ffffffffffffffffffff",2,3.91,,8,21.58,46.06,,0.00,,0,0,0,0,,,,-1.00,-1.00,-1.00,-1.00,-1.00
2024-11-13T20:54:35Z,"0002cc0100000ec0","36545fd48bf93e7f08158670ba000000000000000000ffffffffffffffffffff",2,3.91,,8,21.52,44.03,,0.00,,0,0,0,0,,,,-1.00,-1.00,-1.00,-1.00,-1.00
2024-11-13T21:00:31Z,"0002cc0100000ec0","36545fd5eff93e730815776e60000000000000000000ffffffffffffffffffffffff",2,3.90,,8,21.46,43.12,,0.00,,0,0,0,0,,,-1.00,-1.00,-1.00,-1.00,-1.00,-1.00
2024-11-13T21:06:27Z,"0002cc0100000ec0","36545fd753f93e7f0815716cc5000000000000000000ffffffffffffffffffff",2,3.91,,8,21.44,42.49,,0.00,,0,0,0,0,,,,-1.00,-1.00,-1.00,-1.00,-1.00
2024-11-13T21:12:23Z,"0002cc0100000ec0","36545fd8b7f93e880815626b4e000000000000000000ffffffffffffffffffffffff",2,3.91,,8,21.38,41.92,,0.00,,0,0,0,0,,,-1.00,-1.00,-1.00,-1.00,-1.00,-1.00
2024-11-13T21:18:19Z,"0002cc0100000ec0","36545fda1bf93e8808155e6a8a000000000000000000ffffffffffffffffffff",2,3.91,,8,21.37,41.62,,0.00,,0,0,0,0,,,,-1.00,-1.00,-1.00,-1.00,-1.00
2024-11-13T21:24:15Z,"0002cc0100000ec0","36545fdb7ff93e7f0815536a48000000000000000000ffffffffffffffffffffffff",2,3.91,,8,21.32,41.52,,0.00,,0,0,0,0,,,-1.00,-1.00,-1.00,-1.00,-1.00,-1.00
2024-11-13T21:30:11Z,"0002cc0100000ec0","36545fdce3f93e8808155069d6000000000000000000ffffffffffffffffffff",2,3.91,,8,21.31,41.34,,0.00,,0,0,0,0,,,,-1.00,-1.00,-1.00,-1.00,-1.00
2024-11-13T21:36:07Z,"0002cc0100000ec0","36545fde47f93e7308154567df000000000000000000ffffffffffffffffffff",2,3.90,,8,21.27,40.58,,0.00,,0,0,0,0,,,,-1.00,-1.00,-1.00,-1.00,-1.00
2024-11-13T21:42:03Z,"0002cc0100000ec0","36545fdfabf93e7f0815456689000000000000000000ffffffffffffffffffff",2,3.91,,8,21.27,40.05,,0.00,,0,0,0,0,,,,-1.00,-1.00,-1.00,-1.00,-1.00
2024-11-13T21:47:59Z,"0002cc0100000ec0","36545fe10ff93e7f08153e660e000000000000000000ffffffffffffffffffffffff",2,3.91,,8,21.24,39.87,,0.00,,0,0,0,0,,,-1.00,-1.00,-1.00,-1.00,-1.00,-1.00
2024-11-13T21:53:55Z,"0002cc0100000ec0","36545fe273f202050000153365ae000000000000000000ffffffffffffffffffff",2,,2.5.0.0,,21.20,39.72,,0.00,,0,0,0,0,,,,-1.00,-1.00,-1.00,-1.00,-1.00
2024-11-13T21:59:51Z,"0002cc0100000ec0","36545fe3d7f93e7308153365d5000000000000000000ffffffffffffffffffff",2,3.90,,8,21.20,39.78,,0.00,,0,0,0,0,,,,-1.00,-1.00,-1.00,-1.00,-1.00
2024-11-13T22:05:47Z,"0002cc0100000ec0","36545fe53bf93e6b0815306601000000000000000000fffffffffffffffffffffe24",2,3.90,,8,21.18,39.85,,0.00,,0,0,0,0,,,-0.77,-1.00,-1.00,-1.00,-1.00,-1.00
2024-11-13T22:11:43Z,"0002cc0100000ec0","36545fe69ff93e7f08152c6601000000000000000000ffffffffffffffffffffed9a",2,3.91,,8,21.17,39.85,,0.00,,0,0,0,0,,,-0.18,-1.00,-1.00,-1.00,-1.00,-1.00
2024-11-13T22:17:39Z,"0002cc0100000ec0","36545fe803f93e8808153365810000000000000000007646f727fe0a66b2f7f9",2,3.91,,8,21.20,39.65,,0.00,,0,0,0,0,,,,-0.50,0.10,-0.75,-0.45,0.39
2024-11-13T22:23:35Z,"0002cc0100000ec0","36545fe967f93e7f081533651b000000000000000000f4adfebfffffffffffff",2,3.91,,8,21.20,39.49,,0.00,,0,0,0,0,,,,-1.00,-1.00,-1.00,-0.84,-0.29
2024-11-13T22:29:31Z,"0002cc0100000ec0","36545feacbf93e73081530667a000000000000000000fffff767f550fc014ea1ffe3",2,3.90,,8,21.18,40.03,,0.00,,0,0,0,0,,,-0.99,0.01,-0.50,-0.33,-0.46,-1.00
2024-11-13T22:35:27Z,"0002cc0100000ec0","36545fec2ff93e8808153b67c0000000000000000000fd49fffffffffc186f9c",2,3.91,,8,21.23,40.53,,0.00,,0,0,0,0,,,,0.24,-0.51,-1.00,-1.00,-0.66
2024-11-13T22:41:23Z,"0002cc0100000ec0","36545fed93f93e7f08153e669a000000000000000000fda3fd2beee2ffffce55",2,3.91,,8,21.24,40.08,,0.00,,0,0,0,0,,,,-0.01,-1.00,-0.22,-0.65,-0.70
2024-11-13T22:47:19Z,"0002cc0100000ec0","36545feef7f93e7708153e66ee000000000000000000fffffd4df78cfef77480de6e",2,3.90,,8,21.24,40.21,,0.00,,0,0,0,0,,,-0.05,0.28,-0.87,-0.47,-0.66,-1.00
2024-11-13T22:53:15Z,"0002cc0100000ec0","36545ff05bf93e770815416662000000000000000000fffffd7bfffdfee9fec0",2,3.90,,8,21.25,39.99,,0.00,,0,0,0,0,,,,-0.84,-0.86,-1.00,-0.69,-1.00
2024-11-13T22:59:11Z,"0002cc0100000ec0","36545ff1bfd93e7f08154166ee000000000000feafff24feceff76ffff",2,3.91,,8,21.25,40.21,,,,0,0,0,0,,,,-1.00,-0.93,-0.85,-0.89,-0.84
2024-11-13T23:05:07Z,"0002cc0100000ec0","36545ff323f93e7f08154167ba000000000000000000fcbcff73fcd1ffffffffff73",2,3.91,,8,21.25,40.52,,0.00,,0,0,0,0,,,-0.93,-1.00,-1.00,-0.60,-0.93,-0.59
2024-11-13T23:11:03Z,"0002cc0100000ec0","36545ff487f93e7f08153e6868000000000000000000fe4fffffff7af773eea5",2,3.91,,8,21.24,40.78,,0.00,,0,0,0,0,,,,-0.21,-0.47,-0.93,-1.00,-0.79
2024-11-13T23:16:59Z,"0002cc0100000ec0","36545ff5ebf93e770815496797000000000000000000fd88fee6ff8cf51dffff",2,3.90,,8,21.28,40.47,,0.00,,0,0,0,0,,,,-1.00,-0.32,-0.94,-0.86,-0.69
2024-11-13T23:22:55Z,"0002cc0100000ec0","36545ff74ff93e770815456739000000000000000000fffffffffffffda5f5ecfeee",2,3.90,,8,21.27,40.32,,0.00,,0,0,0,0,,,-0.87,-0.37,-0.71,-1.00,-1.00,-1.00
2024-11-13T23:28:51Z,"0002cc0100000ec0","36545ff8b3f93e7308155066b0000000000000000000fca0fe19ff05ffffffff",2,3.90,,8,21.31,40.11,,0.00,,0,0,0,0,,,,-1.00,-1.00,-0.88,-0.76,-0.58
2024-11-13T23:34:47Z,"0002cc0100000ec0","36545ffa17f93e770815576644000000000000000000fe5eee70fc81fff5ffff",2,3.90,,8,21.34,39.95,,0.00,,0,0,0,0,,,,-1.00,-0.99,-0.56,-0.20,-0.80
2024-11-13T23:40:43Z,"0002cc0100000ec0","36545ffb7bf93e7708155e669a000000000000000000fed2ffffffadffffffffffff",2,3.90,,8,21.37,40.08,,0.00,,0,0,0,0,,,-1.00,-1.00,-1.00,-0.96,-1.00,-0.85
2024-11-13T23:46:39Z,"0002cc0100000ec0","36545ffcdff93e6b08156266bf000000000000000000ffffffffffffffffffff",2,3.90,,8,21.38,40.14,,0.00,,0,0,0,0,,,,-1.00,-1.00,-1.00,-1.00,-1.00
2024-11-13T23:52:35Z,"0002cc0100000ec0","36545ffe43f93e77081571667a000000000000000000fffffffffffffffffffff505",2,3.90,,8,21.44,40.03,,0.00,,0,0,0,0,,,-0.31,-1.00,-1.00,-1.00,-1.00,-1.00
2024-11-13T23:58:31Z,"0002cc0100000ec0","36545fffa7f93e6708157f66be000000000000000000ffffffffffffffffffff",2,3.90,,8,21.49,40.13,,0.00,,0,0,0,0,,,,-1.00,-1.00,-1.00,-1.00,-1.00
