Time,DevEUI,Raw,Port,Vbat,Version,BootCount,T,RH,P,Light,CO2,P[0].delta,P[0].total,P[1].delta,P[1].total,Act[7],Act[6],Act[5],Act[4],Act[3],Act[2],Act[1],Act[0]
2024-11-12T00:01:04Z,"0002cc0100000ec0","36545d5d40f93ec108159c8cdd000000000000000000fffffd63fe12ffffed925f11",2,3.92,,8,21.61,55.03,,0.00,,0,0,0,0,,,0.06,-0.17,-1.00,-0.76,-0.67,-1.00
2024-11-12T00:07:00Z,"0002cc0100000ec0","36545d5ea4f93ec90815a68ce100000000000000000066127c9df6fbf7fcffff",2,3.92,,8,21.65,55.03,,0.00,,0,0,0,0,,,,-1.00,-0.50,-0.44,0.58,0.09
2024-11-12T00:12:56Z,"0002cc0100000ec0","36545d6008f93eda0815ad8c66000000000000000000ff1cfe3bfdfbf6577572fc3b",2,3.93,,8,21.68,54.84,,0.00,,0,0,0,0,,,-0.53,0.34,-0.40,-0.75,-0.78,-0.89
2024-11-12T00:18:53Z,"0002cc0100000ec0","36545d616dd93ec10815b18c02000000000000fe60f7a0fc24fdf1fd0d",2,3.92,,8,21.69,54.69,,,,0,0,0,0,,,,-0.63,-0.74,-0.52,-0.48,-0.80
2024-11-12T00:24:48Z,"0002cc0100000ec0","36545d62d0f93ed50815ad8c66000000000000000000ffeeffffffffffb8ffff",2,3.93,,8,21.68,54.84,,0.00,,0,0,0,0,,,,-1.00,-0.96,-1.00,-1.00,-0.99
2024-11-12T00:30:45Z,"0002cc0100000ec0","36545d6435f93ed50815a68c93000000000000000000ffffffffffffffa7ffffffff",2,3.93,,8,21.65,54.91,,0.00,,0,0,0,0,,,-1.00,-1.00,-0.96,-1.00,-1.00,-1.00
2024-11-12T00:36:40Z,"0002cc0100000ec0","36545d6598f93eda0815aa8cc5000000000000000000ffffffffffffffffffff",2,3.93,,8,21.66,54.99,,0.00,,0,0,0,0,,,,-1.00,-1.00,-1.00,-1.00,-1.00
2024-11-12T00:42:36Z,"0002cc0100000ec0","36545d66fcf93ed50815ad8d25000000000000000000fffffff8ffffffc4ffffffff",2,3.93,,8,21.68,55.14,,0.00,,0,0,0,0,,,-1.00,-1.00,-0.97,-1.00,-1.00,-1.00
2024-11-12T00:48:32Z,"0002cc0100000ec0","36545d6860f93ed50815b18cf6000000000000000000ffb0f4e9ec42fd42ffff",2,3.93,,8,21.69,55.06,,0.00,,0,0,0,0,,,,-1.00,-0.66,-0.13,-0.31,-0.96
2024-11-12T00:54:28Z,"0002cc0100000ec0","36545d69c4f93eda0815aa8cdb000000000000000000ffffffb8feb8ffffffff",2,3.93,,8,21.66,55.02,,0.00,,0,0,0,0,,,,-1.00,-1.00,-0.84,-0.97,-1.00
2024-11-12T01:00:25Z,"0002cc0100000ec0","36545d6b29f93ede0815aa8d02000000000000000000f568ffffff0bfea4ffffffff",2,3.93,,8,21.66,55.08,,0.00,,0,0,0,0,,,-1.00,-1.00,-0.83,-0.88,-1.00,-0.34
2024-11-12T01:06:20Z,"0002cc0100000ec0","36545d6c8cf93ecd0815ad8d4a000000000000000000ffffffffffffffffffbd",2,3.92,,8,21.68,55.19,,0.00,,0,0,0,0,,,,-0.97,-1.00,-1.00,-1.00,-1.00
2024-11-12T01:12:16Z,"0002cc0100000ec0","36545d6df0f93ecd0815b18d530000000000000000004c3dfffffe72ff8effff",2,3.92,,8,21.69,55.21,,0.00,,0,0,0,0,,,,-1.00,-0.94,-0.81,-1.00,0.01
2024-11-12T01:18:12Z,"0002cc0100000ec0","36545d6f54f20205000015a68d8f000000000000000000fc3affffffffffffffff",2,,2.5.0.0,,21.65,55.30,,0.00,,0,0,0,0,,,,-1.00,-1.00,-1.00,-1.00,-0.53
2024-11-12T01:24:09Z,"0002cc0100000ec0","36545d70b9f93ed50815aa8db9000000000000000000fe13ffededfb5561ffe3fc39",2,3.93,,8,21.66,55.36,,0.00,,0,0,0,0,,,-0.53,-0.99,0.02,-0.19,-0.99,-0.76
2024-11-12T01:30:05Z,"0002cc0100000ec0","36545d721df93ede0815aa8de8000000000000000000ef6bfd2afffffffffe2a",2,3.93,,8,21.66,55.43,,0.00,,0,0,0,0,,,,-0.77,-1.00,-1.00,-0.65,-0.23
2024-11-12T01:36:01Z,"0002cc0100000ec0","36545d7381f93ecd0815b18e19000000000000000000f716fcaff740dde877b1",2,3.92,,8,21.69,55.51,,0.00,,0,0,0,0,,,,0.48,-0.05,-0.45,-0.59,-0.44
2024-11-12T01:41:57Z,"0002cc0100000ec0","36545d74e5f93ec10815b98e1c000000000000000000ffffeedadeb9fffe6c7476e2",2,3.92,,8,21.72,55.51,,0.00,,0,0,0,0,,,0.43,0.14,-1.00,-0.05,-0.21,-1.00
2024-11-12T01:47:53Z,"0002cc0100000ec0","36545d7649f93ed50815bc8e16000000000000000000772cfc4ffd55fd9bfd4f",2,3.93,,8,21.73,55.50,,0.00,,0,0,0,0,,,,-0.66,-0.70,-0.67,-0.54,0.45
2024-11-12T01:53:49Z,"0002cc0100000ec0","36545d77adf93ec10815c48e03000000000000000000fd01fe52ef12f54bfe12",2,3.92,,8,21.76,55.47,,0.00,,0,0,0,0,,,,-0.76,-0.33,-0.22,-0.79,-0.63
2024-11-12T01:59:45Z,"0002cc0100000ec0","36545d7911f93ecd0815ce8da00000000000000000006783740175d5747c7710f4b6",2,3.92,,8,21.80,55.32,,0.00,,0,0,0,0,,,-0.29,0.44,0.28,0.36,0.25,0.12
2024-11-12T02:05:41Z,"0002cc0100000ec0","36545d7a75f93ecd0815c78d37000000000000000000e7f4746ffc41f61effff",2,3.92,,8,21.78,55.16,,0.00,,0,0,0,0,,,,-1.00,-0.38,-0.53,0.28,-0.12
2024-11-12T02:11:37Z,"0002cc0100000ec0","36545d7bd9f93ecd0815c48d4c427396000000000000fffffffffffffd12f40c",2,3.92,,8,21.76,55.19,,11.61,,0,0,0,0,,,,-0.25,-0.63,-1.00,-1.00,-1.00
2024-11-12T02:17:33Z,"0002cc0100000ec0","36545d7d3df93ecd0815c48d3d42e740000000000000ffc0fdaeffffffffffffffff",2,3.92,,8,21.76,55.17,,15.23,,0,0,0,0,,,-1.00,-1.00,-1.00,-1.00,-0.71,-0.97
2024-11-12T02:23:29Z,"0002cc0100000ec0","36545d7ea1f93ec10815c78d5542e9bc000000000000ffffffffffffffffffff",2,3.92,,8,21.78,55.21,,15.30,,0,0,0,0,,,,-1.00,-1.00,-1.00,-1.00,-1.00
2024-11-12T02:29:25Z,"0002cc0100000ec0","36545d8005f93ecd0815d28cec42ea24000000000000ffffffffffffffffffffffff",2,3.92,,8,21.82,55.05,,15.32,,0,0,0,0,,,-1.00,-1.00,-1.00,-1.00,-1.00,-1.00
2024-11-12T02:35:21Z,"0002cc0100000ec0","36545d8169f93ecd0815d98c9f42eaab000000000000ffffffffffffffffffff",2,3.92,,8,21.85,54.93,,15.33,,0,0,0,0,,,,-1.00,-1.00,-1.00,-1.00,-1.00
2024-11-12T02:41:17Z,"0002cc0100000ec0","36545d82cdf93ecd0815dd8c6942ea8c000000000000ffffffffffffffffffff",2,3.92,,8,21.86,54.85,,15.33,,0,0,0,0,,,,-1.00,-1.00,-1.00,-1.00,-1.00
2024-11-12T02:47:13Z,"0002cc0100000ec0","36545d8431f93ecd0815dd8c0342e9c6000000000000ffffffffffffffffffff",2,3.92,,8,21.86,54.69,,15.31,,0,0,0,0,,,,-1.00,-1.00,-1.00,-1.00,-1.00
2024-11-12T02:53:08Z,"0002cc0100000ec0","36545d8594f93ecd0815e18be542ec80000000000000ffffffffffffffffffff",2,3.92,,8,21.88,54.65,,15.39,,0,0,0,0,,,,-1.00,-1.00,-1.00,-1.00,-1.00
2024-11-12T02:59:05Z,"0002cc0100000ec0","36545d86f9f93eda0815e18bc642eded000000000000ffffffffffffffffffffffff",2,3.93,,8,21.88,54.60,,15.44,,0,0,0,0,,,-1.00,-1.00,-1.00,-1.00,-1.00,-1.00
2024-11-12T03:05:00Z,"0002cc0100000ec0","36545d885cf93ecd0815e18b6f42f0a8000000000000ffffffffffffffffffff",2,3.92,,8,21.88,54.47,,15.52,,0,0,0,0,,,,-1.00,-1.00,-1.00,-1.00,-1.00
2024-11-12T03:10:56Z,"0002cc0100000ec0","36545d89c0f93eda0815e18b5742e773000000000000ffffffffffffffffffff",2,3.93,,8,21.88,54.43,,15.23,,0,0,0,0,,,,-1.00,-1.00,-1.00,-1.00,-1.00
2024-11-12T03:16:52Z,"0002cc0100000ec0","36545d8b24f93ed50815d98b6442e753000000000000ffffffffffffffffffff",2,3.93,,8,21.85,54.45,,15.23,,0,0,0,0,,,,-1.00,-1.00,-1.00,-1.00,-1.00
2024-11-12T03:22:48Z,"0002cc0100000ec0","36545d8c88f93ecd0815e18b6042edaf000000000000ffffffffffffffffffff",2,3.92,,8,21.88,54.44,,15.43,,0,0,0,0,,,,-1.00,-1.00,-1.00,-1.00,-1.00
2024-11-12T03:28:44Z,"0002cc0100000ec0","36545d8decf93ec10815e18b3742e7fa000000000000ffffffffffffffffffff",2,3.92,,8,21.88,54.38,,15.25,,0,0,0,0,,,,-1.00,-1.00,-1.00,-1.00,-1.00
2024-11-12T03:34:40Z,"0002cc0100000ec0","36545d8f50f93ec10815e18b3742e6ad000000000000ffffffffffffffffffffffff",2,3.92,,8,21.88,54.38,,15.21,,0,0,0,0,,,-1.00,-1.00,-1.00,-1.00,-1.00,-1.00
2024-11-12T03:40:36Z,"0002cc0100000ec0","36545d90b4f93ecd0815e48b5842e881000000000000ffffffffffffffffffff",2,3.92,,8,21.89,54.43,,15.27,,0,0,0,0,,,,-1.00,-1.00,-1.00,-1.00,-1.00
2024-11-12T03:46:32Z,"0002cc0100000ec0","36545d9218f93ecd0815eb8b5242e8e0000000000000fffffff6ff93dc0f6766",2,3.92,,8,21.92,54.42,,15.28,,0,0,0,0,,,,0.12,-0.03,-0.95,-0.99,-1.00
2024-11-12T03:52:28Z,"0002cc0100000ec0","36545d937cf93ecd0815eb8af442e30c000000000000ffffff38fffffffffffffed3",2,3.92,,8,21.92,54.28,,15.10,,0,0,0,0,,,-0.85,-1.00,-1.00,-1.00,-0.90,-1.00
2024-11-12T03:58:24Z,"0002cc0100000ec0","36545d94e0f93eda0815ef8ad042e265000000000000ef9ff535fe2affffffff",2,3.93,,8,21.93,54.22,,15.07,,0,0,0,0,,,,-1.00,-1.00,-0.77,-0.33,-0.24
2024-11-12T04:04:20Z,"0002cc0100000ec0","36545d9644f93ecd0815ef8ae642e500000000000000f787f5e4ff74ffffffff",2,3.92,,8,21.93,54.26,,15.16,,0,0,0,0,,,,-1.00,-1.00,-0.93,-0.37,-0.47
2024-11-12T04:10:16Z,"0002cc0100000ec0","36545d97a8f93ecd0815f98b1242e520000000000000fffffffffff6ffffffffffff",2,3.92,,8,21.97,54.33,,15.16,,0,0,0,0,,,-1.00,-1.00,-1.00,-1.00,-1.00,-1.00
2024-11-12T04:16:12Z,"0002cc0100000ec0","36545d990cf93eda0815f28b0042e45a000000000000ffffffffffffffffffff",2,3.93,,8,21.95,54.30,,15.14,,0,0,0,0,,,,-1.00,-1.00,-1.00,-1.00,-1.00
2024-11-12T04:22:08Z,"0002cc0100000ec0","36545d9a70f93ec10815f68af142e500000000000000ffffffffffffffffffffffff",2,3.92,,8,21.96,54.27,,15.16,,0,0,0,0,,,-1.00,-1.00,-1.00,-1.00,-1.00,-1.00
2024-11-12T04:28:04Z,"0002cc0100000ec0","36545d9bd4f93ecd0815f68ab242e500000000000000ffffffffffffffffffff",2,3.92,,8,21.96,54.18,,15.16,,0,0,0,0,,,,-1.00,-1.00,-1.00,-1.00,-1.00
2024-11-12T04:34:00Z,"0002cc0100000ec0","36545d9d38f93ebd0815f68ac142e500000000000000ffffffffffffffffffffffff",2,3.92,,8,21.96,54.20,,15.16,,0,0,0,0,,,-1.00,-1.00,-1.00,-1.00,-1.00,-1.00
2024-11-12T04:39:56Z,"0002cc0100000ec0","36545d9e9cf93ecd0815f98a9b42e4e1000000000000ffffffffffffffffffff",2,3.92,,8,21.97,54.14,,15.15,,0,0,0,0,,,,-1.00,-1.00,-1.00,-1.00,-1.00
2024-11-12T04:45:51Z,"0002cc0100000ec0","36545d9ffff93eda0815f28a8242e4e1000000000000ffffffffffffffffffff",2,3.93,,8,21.95,54.11,,15.15,,0,0,0,0,,,,-1.00,-1.00,-1.00,-1.00,-1.00
2024-11-12T04:51:48Z,"0002cc0100000ec0","36545da164f93ecd0815f68a9242e5a7000000000000ffffffffffffffffffffffff",2,3.92,,8,21.96,54.13,,15.18,,0,0,0,0,,,-1.00,-1.00,-1.00,-1.00,-1.00,-1.00
2024-11-12T04:57:43Z,"0002cc0100000ec0","36545da2c7f93ec10815ef8a6842e588000000000000ffffffffffffffffffff",2,3.92,,8,21.93,54.07,,15.17,,0,0,0,0,,,,-1.00,-1.00,-1.00,-1.00,-1.00
2024-11-12T05:03:39Z,"0002cc0100000ec0","36545da42bf93ecd0815f98a5542e2cd000000000000ffffffffffffffffffff",2,3.92,,8,21.97,54.04,,15.09,,0,0,0,0,,,,-1.00,-1.00,-1.00,-1.00,-1.00
2024-11-12T05:09:35Z,"0002cc0100000ec0","36545da58ff93eda0815f28a8242e4e1000000000000ffffffffffffffffffffffff",2,3.93,,8,21.95,54.11,,15.15,,0,0,0,0,,,-1.00,-1.00,-1.00,-1.00,-1.00,-1.00
2024-11-12T05:15:31Z,"0002cc0100000ec0","36545da6f3f93ecd0815f28aa142e4e1000000000000ffffffffffffffffffff",2,3.92,,8,21.95,54.15,,15.15,,0,0,0,0,,,,-1.00,-1.00,-1.00,-1.00,-1.00
2024-11-12T05:21:27Z,"0002cc0100000ec0","36545da857f20205000015ef8aaf42e374000000000000ffffffffffffffffffff",2,,2.5.0.0,,21.93,54.17,,15.11,,0,0,0,0,,,,-1.00,-1.00,-1.00,-1.00,-1.00
2024-11-12T05:27:23Z,"0002cc0100000ec0","36545da9bbf93ecd0815f28b0742e374000000000000ffffffffffffffffffff",2,3.92,,8,21.95,54.31,,15.11,,0,0,0,0,,,,-1.00,-1.00,-1.00,-1.00,-1.00
2024-11-12T05:33:19Z,"0002cc0100000ec0","36545dab1ff93ecd0815f68b3942e41b000000000000ffffffffffffffffffffffff",2,3.92,,8,21.96,54.38,,15.13,,0,0,0,0,,,-1.00,-1.00,-1.00,-1.00,-1.00,-1.00
2024-11-12T05:39:15Z,"0002cc0100000ec0","36545dac83f93ecd0815f68b4842e41b000000000000ffffffffffffffffffff",2,3.92,,8,21.96,54.41,,15.13,,0,0,0,0,,,,-1.00,-1.00,-1.00,-1.00,-1.00
2024-11-12T05:45:11Z,"0002cc0100000ec0","36545dade7f93ecd0815f98abb42e4c1000000000000ffffffffffffffffffff",2,3.92,,8,21.97,54.19,,15.15,,0,0,0,0,,,,-1.00,-1.00,-1.00,-1.00,-1.00
2024-11-12T05:51:07Z,"0002cc0100000ec0","36545daf4bf93ecd0815f68aa342e207000000000000ffffffffffffffffffff",2,3.92,,8,21.96,54.16,,15.06,,0,0,0,0,,,,-1.00,-1.00,-1.00,-1.00,-1.00
2024-11-12T05:57:03Z,"0002cc0100000ec0","36545db0aff93ecd0815f68af842d5b8000000000000fffffffff6bfec60fff3ffff",2,3.92,,8,21.96,54.29,,14.68,,0,0,0,0,,,-1.00,-0.99,-0.14,-0.42,-1.00,-1.00
2024-11-12T06:02:59Z,"0002cc0100000ec0","36545db213f93ec10815fd8ac442dc33000000000000ffffffffffb9fed1ffff",2,3.92,,8,21.99,54.21,,14.88,,0,0,0,0,,,,-1.00,-0.85,-0.97,-1.00,-1.00
2024-11-12T06:08:55Z,"0002cc0100000ec0","36545db377f93ecd0815fd8aad42d959000000000000ffffffffffffffffffffffff",2,3.92,,8,21.99,54.17,,14.79,,0,0,0,0,,,-1.00,-1.00,-1.00,-1.00,-1.00,-1.00
2024-11-12T06:14:51Z,"0002cc0100000ec0","36545db4dbf93ebd0815fd8aa642e07a000000000000fe756ff8fffffffffe68",2,3.92,,8,21.99,54.16,,15.01,,0,0,0,0,,,,-0.80,-1.00,-1.00,0.25,-0.81
2024-11-12T06:20:47Z,"0002cc0100000ec0","36545db63ff93ec10815f98a3442dfd3000000000000f6d1fea8ffffffffffff",2,3.92,,8,21.97,53.99,,14.99,,0,0,0,0,,,,-1.00,-1.00,-1.00,-0.83,-0.43
2024-11-12T06:26:43Z,"0002cc0100000ec0","36545db7a3f93ec50815f68a1c42dda0000000000000fffffffffffbef55ff86ffff",2,3.92,,8,21.96,53.95,,14.93,,0,0,0,0,,,-1.00,-0.94,-0.23,-1.00,-1.00,-1.00
2024-11-12T06:32:39Z,"0002cc0100000ec0","36545db907f93ec10815f68b57427060000000000000ffffff99fffffffffdad",2,3.92,,8,21.96,54.43,,11.51,,0,0,0,0,,,,-0.71,-1.00,-1.00,-0.95,-1.00
2024-11-12T06:38:35Z,"0002cc0100000ec0","36545dba6bf93eb50816048aef42d0360000000000007c1f67bbf751fffff7a6",2,3.92,,8,22.01,54.27,,14.51,,0,0,0,0,,,,-0.48,-1.00,-0.46,0.12,0.51
2024-11-12T06:44:31Z,"0002cc0100000ec0","36545dbbcff93ec10816018b1542d036000000000000ffffffffffffffffffffffff",2,3.92,,8,22.00,54.33,,14.51,,0,0,0,0,,,-1.00,-1.00,-1.00,-1.00,-1.00,-1.00
2024-11-12T06:50:27Z,"0002cc0100000ec0","36545dbd33f93ec10816018b4542d0fc000000000000ffffffffffffffffffff",2,3.92,,8,22.00,54.40,,14.53,,0,0,0,0,,,,-1.00,-1.00,-1.00,-1.00,-1.00
2024-11-12T06:56:23Z,"0002cc0100000ec0","36545dbe97f93eb50816018af542cf8f000000000000ffffffffffffffffffffffff",2,3.92,,8,22.00,54.28,,14.49,,0,0,0,0,,,-1.00,-1.00,-1.00,-1.00,-1.00,-1.00
2024-11-12T07:02:18Z,"0002cc0100000ec0","36545dbffaf93ecd0816048ab842d0fc000000000000ffffffffffffffffffff",2,3.92,,8,22.01,54.19,,14.53,,0,0,0,0,,,,-1.00,-1.00,-1.00,-1.00,-1.00
2024-11-12T07:08:15Z,"0002cc0100000ec0","36545dc15ff93ebd0816018ab642cf8f000000000000ffffffffffffffffffffffff",2,3.92,,8,22.00,54.18,,14.49,,0,0,0,0,,,-1.00,-1.00,-1.00,-1.00,-1.00,-1.00
2024-11-12T07:14:10Z,"0002cc0100000ec0","36545dc2c2f93ecd0815f68aaa42d0fc000000000000ffffffffffffffffffff",2,3.92,,8,21.96,54.17,,14.53,,0,0,0,0,,,,-1.00,-1.00,-1.00,-1.00,-1.00
2024-11-12T07:20:06Z,"0002cc0100000ec0","36545dc426f93ebd0815f98ad342d0fc000000000000ffffffffffffffffffff",2,3.92,,8,21.97,54.23,,14.53,,0,0,0,0,,,,-1.00,-1.00,-1.00,-1.00,-1.00
2024-11-12T07:26:02Z,"0002cc0100000ec0","36545dc58af93ec50815f68b5e42d0fc000000000000ffffffffffffffffffffffff",2,3.92,,8,21.96,54.44,,14.53,,0,0,0,0,,,-1.00,-1.00,-1.00,-1.00,-1.00,-1.00
2024-11-12T07:31:58Z,"0002cc0100000ec0","36545dc6eef93ec50815f98c1e42d036000000000000ffffffffffffffffffff",2,3.92,,8,21.97,54.73,,14.51,,0,0,0,0,,,,-1.00,-1.00,-1.00,-1.00,-1.00
2024-11-12T07:37:54Z,"0002cc0100000ec0","36545dc852f93ec50815f98c7d42d036000000000000ffffffffffffffffffff",2,3.92,,8,21.97,54.88,,14.51,,0,0,0,0,,,,-1.00,-1.00,-1.00,-1.00,-1.00
2024-11-12T07:43:50Z,"0002cc0100000ec0","36545dc9b6f93eb50815f68cab42d24a000000000000ffffffffffffffffffffffff",2,3.92,,8,21.96,54.95,,14.57,,0,0,0,0,,,-1.00,-1.00,-1.00,-1.00,-1.00,-1.00
2024-11-12T07:49:46Z,"0002cc0100000ec0","36545dcb1af93ed10816018cd742d036000000000000ffffffffffffffffffff",2,3.93,,8,22.00,55.02,,14.51,,0,0,0,0,,,,-1.00,-1.00,-1.00,-1.00,-1.00
2024-11-12T07:55:42Z,"0002cc0100000ec0","36545dcc7ef93ec50815fd8ced42d0dd000000000000ffffffffffffffffffff",2,3.92,,8,21.99,55.05,,14.53,,0,0,0,0,,,,-1.00,-1.00,-1.00,-1.00,-1.00
2024-11-12T08:01:38Z,"0002cc0100000ec0","36545dcde2f93ec108160c8ccc42d184000000000000ffffffffffffffffffffffff",2,3.92,,8,22.04,55.00,,14.55,,0,0,0,0,,,-1.00,-1.00,-1.00,-1.00,-1.00,-1.00
2024-11-12T08:07:34Z,"0002cc0100000ec0","36545dcf46f93eb50816048ca242d017000000000000ffffffffffffffffffff",2,3.92,,8,22.01,54.94,,14.50,,0,0,0,0,,,,-1.00,-1.00,-1.00,-1.00,-1.00
2024-11-12T08:13:30Z,"0002cc0100000ec0","36545dd0aaf93ec50816088cb342d184000000000000ffffffffffffffffffff",2,3.92,,8,22.03,54.96,,14.55,,0,0,0,0,,,,-1.00,-1.00,-1.00,-1.00,-1.00
2024-11-12T08:19:26Z,"0002cc0100000ec0","36545dd20ef93ec10816088cab42d184000000000000ffffff93ffffffffffffffff",2,3.92,,8,22.03,54.95,,14.55,,0,0,0,0,,,-1.00,-1.00,-1.00,-1.00,-0.95,-1.00
2024-11-12T08:25:21Z,"0002cc0100000ec0","36545dd371f93ec50816088cea42cf70000000000000ffffffffffffffffffff",2,3.92,,8,22.03,55.05,,14.48,,0,0,0,0,,,,-1.00,-1.00,-1.00,-1.00,-1.00
2024-11-12T08:31:18Z,"0002cc0100000ec0","36545dd4d6f93ec508160c8cc542d017000000000000ffffffffffffffffffffffff",2,3.92,,8,22.04,54.99,,14.50,,0,0,0,0,,,-1.00,-1.00,-1.00,-1.00,-1.00,-1.00
2024-11-12T08:37:13Z,"0002cc0100000ec0","36545dd639f93ec10816088ccb42ceaa000000000000ffffffffffffffffffff",2,3.92,,8,22.03,55.00,,14.46,,0,0,0,0,,,,-1.00,-1.00,-1.00,-1.00,-1.00
2024-11-12T08:43:09Z,"0002cc0100000ec0","36545dd79df93eb50816048caa42cf70000000000000ffffffffffffffffffff",2,3.92,,8,22.01,54.95,,14.48,,0,0,0,0,,,,-1.00,-1.00,-1.00,-1.00,-1.00
2024-11-12T08:49:05Z,"0002cc0100000ec0","36545dd901f93ec108160f8c8d42d017000000000000ffffffffffffffffffff",2,3.92,,8,22.06,54.90,,14.50,,0,0,0,0,,,,-1.00,-1.00,-1.00,-1.00,-1.00
2024-11-12T08:55:01Z,"0002cc0100000ec0","36545dda65f93ec10816088c8342d017000000000000ffffffffffffffffffff",2,3.92,,8,22.03,54.89,,14.50,,0,0,0,0,,,,-1.00,-1.00,-1.00,-1.00,-1.00
2024-11-12T09:00:57Z,"0002cc0100000ec0","36545ddbc9f93ec10816088c8342ce03000000000000ffffffffffffffffffff",2,3.92,,8,22.03,54.89,,14.44,,0,0,0,0,,,,-1.00,-1.00,-1.00,-1.00,-1.00
2024-11-12T09:06:53Z,"0002cc0100000ec0","36545ddd2df93ec108160c8c6642cf70000000000000ffffffffffffffffffffffff",2,3.92,,8,22.04,54.84,,14.48,,0,0,0,0,,,-1.00,-1.00,-1.00,-1.00,-1.00,-1.00
2024-11-12T09:12:49Z,"0002cc0100000ec0","36545dde91f93ec90816088c6342d017000000000000ffffffffffffffffffff",2,3.92,,8,22.03,54.84,,14.50,,0,0,0,0,,,,-1.00,-1.00,-1.00,-1.00,-1.00
2024-11-12T09:18:45Z,"0002cc0100000ec0","36545ddff5f93ec50816048c0342d017000000000000ffffffffffffffffffff",2,3.92,,8,22.01,54.69,,14.50,,0,0,0,0,,,,-1.00,-1.00,-1.00,-1.00,-1.00
2024-11-12T09:24:41Z,"0002cc0100000ec0","36545de159f202050000160c8c7542cf70000000000000ffffffffffffffffffff",2,,2.5.0.0,,22.04,54.87,,14.48,,0,0,0,0,,,,-1.00,-1.00,-1.00,-1.00,-1.00
2024-11-12T09:30:37Z,"0002cc0100000ec0","36545de2bdf93eb508160f8c9642d0dd000000000000ffffffffffffffffffff",2,3.92,,8,22.06,54.92,,14.53,,0,0,0,0,,,,-1.00,-1.00,-1.00,-1.00,-1.00
2024-11-12T09:36:33Z,"0002cc0100000ec0","36545de421f93ec108160c8c8442cf70000000000000ffffffffffffffffffffffff",2,3.92,,8,22.04,54.89,,14.48,,0,0,0,0,,,-1.00,-1.00,-1.00,-1.00,-1.00,-1.00
2024-11-12T09:42:28Z,"0002cc0100000ec0","36545de584f93ec108160f8c8642cf70000000000000ffffffffffffffffffff",2,3.92,,8,22.06,54.89,,14.48,,0,0,0,0,,,,-1.00,-1.00,-1.00,-1.00,-1.00
2024-11-12T09:48:25Z,"0002cc0100000ec0","36545de6e9f93eb508160c8bfd42ceaa000000000000ffffffffffffffffffffffff",2,3.92,,8,22.04,54.68,,14.46,,0,0,0,0,,,-1.00,-1.00,-1.00,-1.00,-1.00,-1.00
2024-11-12T09:54:20Z,"0002cc0100000ec0","36545de84cf93ec108160c8bee42d017000000000000ffffffffffffffffffff",2,3.92,,8,22.04,54.66,,14.50,,0,0,0,0,,,,-1.00,-1.00,-1.00,-1.00,-1.00
2024-11-12T10:00:16Z,"0002cc0100000ec0","36545de9b0f93ec10816088bbe42cec9000000000000ffffffffffffffffffff",2,3.92,,8,22.03,54.59,,14.46,,0,0,0,0,,,,-1.00,-1.00,-1.00,-1.00,-1.00
2024-11-12T10:06:12Z,"0002cc0100000ec0","36545deb14f93eb508160c8b9742d017000000000000ffffffffffffffffffffffff",2,3.92,,8,22.04,54.53,,14.50,,0,0,0,0,,,-1.00,-1.00,-1.00,-1.00,-1.00,-1.00
2024-11-12T10:12:08Z,"0002cc0100000ec0","36545dec78f93ec108160c8a7342d017000000000000ffffffffffffffffffff",2,3.92,,8,22.04,54.08,,14.50,,0,0,0,0,,,,-1.00,-1.00,-1.00,-1.00,-1.00
2024-11-12T10:18:04Z,"0002cc0100000ec0","36545deddcf93ec108160f8acb42d017000000000000ffffffffffffffffffff",2,3.92,,8,22.06,54.22,,14.50,,0,0,0,0,,,,-1.00,-1.00,-1.00,-1.00,-1.00
2024-11-12T10:24:00Z,"0002cc0100000ec0","36545def40f93ec108160f8b2b42d017000000000000ffffffffffffffffffffffff",2,3.92,,8,22.06,54.36,,14.50,,0,0,0,0,,,-1.00,-1.00,-1.00,-1.00,-1.00,-1.00
2024-11-12T10:29:56Z,"0002cc0100000ec0","36545df0a4f93ec108160c8b6042ceaa000000000000ffffffffffffffffffff",2,3.92,,8,22.04,54.44,,14.46,,0,0,0,0,,,,-1.00,-1.00,-1.00,-1.00,-1.00
2024-11-12T10:35:52Z,"0002cc0100000ec0","36545df208f93eb50816048adf42d017000000000000ffffffffffffffffffff",2,3.92,,8,22.01,54.25,,14.50,,0,0,0,0,,,,-1.00,-1.00,-1.00,-1.00,-1.00
2024-11-12T10:41:48Z,"0002cc0100000ec0","36545df36cf93ec108160f893942cf70000000000000ffffffffffffffffffff",2,3.92,,8,22.06,53.60,,14.48,,0,0,0,0,,,,-1.00,-1.00,-1.00,-1.00,-1.00
2024-11-12T10:47:44Z,"0002cc0100000ec0","36545df4d0f93ec1081608884942ceaa000000000000ffffffffffffffffffffffff",2,3.92,,8,22.03,53.24,,14.46,,0,0,0,0,,,-1.00,-1.00,-1.00,-1.00,-1.00,-1.00
2024-11-12T10:53:40Z,"0002cc0100000ec0","36545df634f93ec1081608889042d0bd000000000000ffffffffffffffffffff",2,3.92,,8,22.03,53.35,,14.52,,0,0,0,0,,,,-1.00,-1.00,-1.00,-1.00,-1.00
2024-11-12T10:59:36Z,"0002cc0100000ec0","36545df798f93ec108160c880a42cc96000000000000fc3e6d6cfdaffd1cffff",2,3.92,,8,22.04,53.14,,14.39,,0,0,0,0,,,,-1.00,-0.64,-0.71,0.17,-0.53
2024-11-12T11:05:32Z,"0002cc0100000ec0","36545df8fcf93ec108160f87ad42cb29000000000000ffffff72f74f5ede6d99f6aa",2,3.92,,8,22.06,53.00,,14.35,,0,0,0,0,,,-0.42,0.17,0.05,-0.46,-0.93,-1.00
2024-11-12T11:11:28Z,"0002cc0100000ec0","36545dfa60f93ec108160c871f42ccfd000000000000f512ffffffffffffffff",2,3.92,,8,22.04,52.78,,14.41,,0,0,0,0,,,,-1.00,-1.00,-1.00,-1.00,-0.32
2024-11-12T11:17:24Z,"0002cc0100000ec0","36545dfbc4f93eb5081608872c42ca23000000000000ffffffffffffffffffff",2,3.92,,8,22.03,52.80,,14.32,,0,0,0,0,,,,-1.00,-1.00,-1.00,-1.00,-1.00
2024-11-12T11:23:20Z,"0002cc0100000ec0","36545dfd28f93eb508160c87f442ca23000000000000ffffffffffffffffffffffff",2,3.92,,8,22.04,53.11,,14.32,,0,0,0,0,,,-1.00,-1.00,-1.00,-1.00,-1.00,-1.00
2024-11-12T11:29:15Z,"0002cc0100000ec0","36545dfe8bf93ec108160f878e42cb90000000000000ffffffffffffffffffff",2,3.92,,8,22.06,52.95,,14.36,,0,0,0,0,,,,-1.00,-1.00,-1.00,-1.00,-1.00
2024-11-12T11:35:12Z,"0002cc0100000ec0","36545dfff0f93ec108160c86ef42c8b6000000000000ffffffffffffffffffffffff",2,3.92,,8,22.04,52.71,,14.27,,0,0,0,0,,,-1.00,-1.00,-1.00,-1.00,-1.00,-1.00
2024-11-12T11:41:07Z,"0002cc0100000ec0","36545e0153f93eb508160f86e042ca23000000000000ffffffffffffffffffff",2,3.92,,8,22.06,52.69,,14.32,,0,0,0,0,,,,-1.00,-1.00,-1.00,-1.00,-1.00
2024-11-12T11:47:03Z,"0002cc0100000ec0","36545e02b7f93ec108160c861142ca23000000000000ffffffffffffffffffff",2,3.92,,8,22.04,52.37,,14.32,,0,0,0,0,,,,-1.00,-1.00,-1.00,-1.00,-1.00
2024-11-12T11:52:59Z,"0002cc0100000ec0","36545e041bf93eb508160f852542c8b6000000000000ffffffffffffffffffff",2,3.92,,8,22.06,52.01,,14.27,,0,0,0,0,,,,-1.00,-1.00,-1.00,-1.00,-1.00
2024-11-12T11:58:55Z,"0002cc0100000ec0","36545e057ff93ec108160f843842c8b6000000000000ffffffffffffffffffff",2,3.92,,8,22.06,51.65,,14.27,,0,0,0,0,,,,-1.00,-1.00,-1.00,-1.00,-1.00
2024-11-12T12:04:51Z,"0002cc0100000ec0","36545e06e3f93ead081604848b42ca23000000000000ffffffffffffffffffffffff",2,3.92,,8,22.01,51.78,,14.32,,0,0,0,0,,,-1.00,-1.00,-1.00,-1.00,-1.00,-1.00
2024-11-12T12:10:47Z,"0002cc0100000ec0","36545e0847f93ec908160f875842c8b6000000000000ffffffffffffffffffff",2,3.92,,8,22.06,52.87,,14.27,,0,0,0,0,,,,-1.00,-1.00,-1.00,-1.00,-1.00
2024-11-12T12:16:43Z,"0002cc0100000ec0","36545e09abf93eb908160c88c042c8b6000000000000ffffffffffffffffffffffff",2,3.92,,8,22.04,53.42,,14.27,,0,0,0,0,,,-1.00,-1.00,-1.00,-1.00,-1.00,-1.00
2024-11-12T12:22:39Z,"0002cc0100000ec0","36545e0b0ff93eb9081613893242c8b6000000000000ffffffffffffffffffff",2,3.92,,8,22.07,53.59,,14.27,,0,0,0,0,,,,-1.00,-1.00,-1.00,-1.00,-1.00
2024-11-12T12:28:35Z,"0002cc0100000ec0","36545e0c73f93ec1081613891b42c8b6000000000000ffffffffffffffffffff",2,3.92,,8,22.07,53.56,,14.27,,0,0,0,0,,,,-1.00,-1.00,-1.00,-1.00,-1.00
2024-11-12T12:34:31Z,"0002cc0100000ec0","36545e0dd7f93eb9081617893342ca23000000000000ffffffffffffffffffffffff",2,3.92,,8,22.09,53.59,,14.32,,0,0,0,0,,,-1.00,-1.00,-1.00,-1.00,-1.00,-1.00
2024-11-12T12:40:27Z,"0002cc0100000ec0","36545e0f3bf93ec1081617891442ca23000000000000ffffffffffffffffffff",2,3.92,,8,22.09,53.55,,14.32,,0,0,0,0,,,,-1.00,-1.00,-1.00,-1.00,-1.00
2024-11-12T12:46:23Z,"0002cc0100000ec0","36545e109ff93eb9081617893c42c8b6000000000000ffffffffffffffffffff",2,3.92,,8,22.09,53.61,,14.27,,0,0,0,0,,,,-1.00,-1.00,-1.00,-1.00,-1.00
2024-11-12T12:52:18Z,"0002cc0100000ec0","36545e1202f93eb508160f893942c8b6000000000000ffffffffffffffffffff",2,3.92,,8,22.06,53.60,,14.27,,0,0,0,0,,,,-1.00,-1.00,-1.00,-1.00,-1.00
2024-11-12T12:58:15Z,"0002cc0100000ec0","36545e1367f93eb508161788e542ca23000000000000ffffffffffffffffffffffff",2,3.92,,8,22.09,53.48,,14.32,,0,0,0,0,,,-1.00,-1.00,-1.00,-1.00,-1.00,-1.00
2024-11-12T13:04:10Z,"0002cc0100000ec0","36545e14caf93ec108160c88f042ca23000000000000ffffffffffffffffffff",2,3.92,,8,22.04,53.49,,14.32,,0,0,0,0,,,,-1.00,-1.00,-1.00,-1.00,-1.00
2024-11-12T13:10:06Z,"0002cc0100000ec0","36545e162ef93ead08161389d84322da000000000000ffffffffffffffffffff",2,3.92,,8,22.07,53.85,,18.18,,0,0,0,0,,,,-1.00,-1.00,-1.00,-1.00,-1.00
2024-11-12T13:16:02Z,"0002cc0100000ec0","36545e1792f93ead08162189bf4322da000000000000ffffffffffffffffffffffff",2,3.92,,8,22.13,53.81,,18.18,,0,0,0,0,,,-1.00,-1.00,-1.00,-1.00,-1.00,-1.00
2024-11-12T13:21:58Z,"0002cc0100000ec0","36545e18f6f93ead08162888dc432267000000000000ffffffffffffffffffff",2,3.92,,8,22.16,53.46,,18.15,,0,0,0,0,,,,-1.00,-1.00,-1.00,-1.00,-1.00
2024-11-12T13:27:54Z,"0002cc0100000ec0","36545e1a5af202050000162c8867432119000000000000ffffffffffffffffffff",2,,2.5.0.0,,22.17,53.28,,18.07,,0,0,0,0,,,,-1.00,-1.00,-1.00,-1.00,-1.00
2024-11-12T13:33:50Z,"0002cc0100000ec0","36545e1bbef93ead081633872e432204000000000000ffffffffffffffffffff",2,3.92,,8,22.20,52.81,,18.13,,0,0,0,0,,,,-1.00,-1.00,-1.00,-1.00,-1.00
2024-11-12T13:39:46Z,"0002cc0100000ec0","36545e1d22f93ead0816378593432276000000000000ffffffffffffffffffffffff",2,3.92,,8,22.21,52.18,,18.15,,0,0,0,0,,,-1.00,-1.00,-1.00,-1.00,-1.00,-1.00
2024-11-12T13:45:42Z,"0002cc0100000ec0","36545e1e86f93ec108164686504321c0000000000000ffffffffffffffffffff",2,3.92,,8,22.27,52.47,,18.11,,0,0,0,0,,,,-1.00,-1.00,-1.00,-1.00,-1.00
2024-11-12T13:51:38Z,"0002cc0100000ec0","36545e1feaf93ea808164985ab43216c000000000000ffffffffffffffffffffffff",2,3.92,,8,22.28,52.21,,18.09,,0,0,0,0,,,-1.00,-1.00,-1.00,-1.00,-1.00,-1.00
2024-11-12T13:57:34Z,"0002cc0100000ec0","36545e214ef93eb908164683d54321b0000000000000ffffffffffffffffffff",2,3.92,,8,22.27,51.50,,18.11,,0,0,0,0,,,,-1.00,-1.00,-1.00,-1.00,-1.00
2024-11-12T14:03:30Z,"0002cc0100000ec0","36545e22b2f93eb9081646827f432223000000000000ffffffffffffffffffff",2,3.92,,8,22.27,50.98,,18.13,,0,0,0,0,,,,-1.00,-1.00,-1.00,-1.00,-1.00
2024-11-12T14:09:25Z,"0002cc0100000ec0","36545e2415f93eb108164d81be432276000000000000ffffffffffffffffffff",2,3.92,,8,22.30,50.68,,18.15,,0,0,0,0,,,,-1.00,-1.00,-1.00,-1.00,-1.00
2024-11-12T14:15:22Z,"0002cc0100000ec0","36545e257af93eb908164980b3000000000000000000fe4975d9ff66ffffffffffff",2,3.92,,8,22.28,50.27,,0.00,,0,0,0,0,,,-1.00,-1.00,-1.00,-0.92,0.37,-0.79
2024-11-12T14:21:17Z,"0002cc0100000ec0","36545e26ddf93ead0816468098000000000000000000ffffffffffffffffffff",2,3.92,,8,22.27,50.23,,0.00,,0,0,0,0,,,,-1.00,-1.00,-1.00,-1.00,-1.00
2024-11-12T14:27:14Z,"0002cc0100000ec0","36545e2842f93eb90816467fba000000000000000000ffffdf08fcf8f514fc68fcd2",2,3.92,,8,22.27,49.89,,0.00,,0,0,0,0,,,-0.60,-0.55,-0.32,-0.62,-0.05,-1.00
2024-11-12T14:33:10Z,"0002cc0100000ec0","36545e29a6f93ead08163a7f930000000000000000007c60ecb676c874e3fcee",2,3.92,,8,22.23,49.83,,0.00,,0,0,0,0,,,,-0.62,0.31,0.42,-0.15,0.55
2024-11-12T14:39:06Z,"0002cc0100000ec0","36545e2b0af93eb908162c7f85000000000000000000fdf1fe44fde25d1c7c86",2,3.92,,8,22.17,49.81,,0.00,,0,0,0,0,,,,0.57,0.04,-0.74,-0.78,-0.74
2024-11-12T14:45:02Z,"0002cc0100000ec0","36545e2c6ef93ead0816217f13000000000000000000ffffffffffffffffffffffff",2,3.92,,8,22.13,49.64,,0.00,,0,0,0,0,,,-1.00,-1.00,-1.00,-1.00,-1.00,-1.00
2024-11-12T14:50:58Z,"0002cc0100000ec0","36545e2dd2f93eb10816177f75000000000000000000ffffffffffb0f7cb75c3",2,3.92,,8,22.09,49.79,,0.00,,0,0,0,0,,,,0.36,-0.49,-0.96,-1.00,-1.00
2024-11-12T14:56:53Z,"0002cc0100000ec0","36545e2f35f93eb108160f7f8b0000000000000000007c97fca3fde3660af5c6",2,3.92,,8,22.06,49.82,,0.00,,0,0,0,0,,,,-0.36,0.09,-0.74,-0.58,0.57
2024-11-12T15:02:50Z,"0002cc0100000ec0","36545e309af93eb908160c81af000000000000000000fffff5b2679de7b5557164ea",2,3.92,,8,22.04,50.66,,0.00,,0,0,0,0,,,0.08,0.02,-0.12,0.12,-0.36,-1.00
2024-11-12T15:08:46Z,"0002cc0100000ec0","36545e31fef93eb90816088282000000000000000000cef4ff17f72dfd2fff7a",2,3.92,,8,22.03,50.98,,0.00,,0,0,0,0,,,,-0.93,-0.65,-0.45,-0.89,-0.01
2024-11-12T15:14:42Z,"0002cc0100000ec0","36545e3362f93ea80815fd82b1000000000000000000febeffdffce76d58fd1effff",2,3.92,,8,21.99,51.05,,0.00,,0,0,0,0,,,-1.00,-0.64,0.17,-0.61,-0.98,-0.84
2024-11-12T15:20:38Z,"0002cc0100000ec0","36545e34c6f93eb90815f6844d000000000000000000ffffffffffffffffffff",2,3.92,,8,21.96,51.68,,0.00,,0,0,0,0,,,,-1.00,-1.00,-1.00,-1.00,-1.00
2024-11-12T15:26:34Z,"0002cc0100000ec0","36545e362af93eb10815f285b8000000000000000000ffff5e726e26ed6affffe483",2,3.92,,8,21.95,52.23,,0.00,,0,0,0,0,,,-0.07,-1.00,-0.17,0.19,0.05,-1.00
2024-11-12T15:32:30Z,"0002cc0100000ec0","36545e378ef93eb10815f282ea000000000000000000ffffffffe6d8fd91fe9f",2,3.92,,8,21.95,51.14,,0.00,,0,0,0,0,,,,-0.83,-0.70,-0.11,-1.00,-1.00
2024-11-12T15:38:26Z,"0002cc0100000ec0","36545e38f2f93eb10815ef7c00000000000000000000fffffdd465b76c2effffe6df",2,3.92,,8,21.93,48.44,,0.00,,0,0,0,0,,,-0.11,-1.00,0.13,0.09,-0.73,-1.00
2024-11-12T15:44:22Z,"0002cc0100000ec0","36545e3a56f93eb10815e4796a000000000000000000ee71f405fca5defbfe39",2,3.92,,8,21.89,47.43,,0.00,,0,0,0,0,,,,-0.78,-0.05,-0.58,-0.25,-0.20
2024-11-12T15:50:17Z,"0002cc0100000ec0","36545e3bb9f93eb10815dd77ef000000000000000000fffffe5c6f2cf539fdd8",2,3.92,,8,21.86,46.85,,0.00,,0,0,0,0,,,,-0.73,-0.33,0.22,-0.79,-1.00
2024-11-12T15:56:14Z,"0002cc0100000ec0","36545e3d1ef93eb10815d677180000000000000000004cf5fffffffffd546e4cf7f8",2,3.92,,8,21.83,46.52,,0.00,,0,0,0,0,,,-0.50,0.20,-0.67,-1.00,-1.00,0.01
2024-11-12T16:02:10Z,"0002cc0100000ec0","36545e3e82f93ea80815ce772f000000000000000000ff3ffdf5fc70ef27ffff",2,3.92,,8,21.80,46.56,,0.00,,0,0,0,0,,,,-1.00,-0.22,-0.55,-0.74,-0.91
2024-11-12T16:08:06Z,"0002cc0100000ec0","36545e3fe6f93eb10815c4759a000000000000000000ff7174e4ffffff20ffffffff",2,3.92,,8,21.76,45.94,,0.00,,0,0,0,0,,,-1.00,-1.00,-0.89,-1.00,0.31,-0.93
2024-11-12T16:14:02Z,"0002cc0100000ec0","36545e414af93eb10815c074d5000000000000000000fffffffffcd4f6cf74ee",2,3.92,,8,21.75,45.64,,0.00,,0,0,0,0,,,,0.31,-0.43,-0.60,-1.00,-1.00
2024-11-12T16:19:58Z,"0002cc0100000ec0","36545e42aef93eb10815b473e2000000000000000000ffffffffffffffffffff",2,3.92,,8,21.70,45.27,,0.00,,0,0,0,0,,,,-1.00,-1.00,-1.00,-1.00,-1.00
2024-11-12T16:25:54Z,"0002cc0100000ec0","36545e4412f93eb10815a27376000000000000000000fffffd91ffffffffffffffff",2,3.92,,8,21.63,45.10,,0.00,,0,0,0,0,,,-1.00,-1.00,-1.00,-1.00,-0.70,-1.00
2024-11-12T16:31:50Z,"0002cc0100000ec0","36545e4576f93eb108159873a5000000000000000000ffffffffffffffffffff",2,3.92,,8,21.59,45.17,,0.00,,0,0,0,0,,,,-1.00,-1.00,-1.00,-1.00,-1.00
2024-11-12T16:37:45Z,"0002cc0100000ec0","36545e46d9f93ea80815897310000000000000000000ffffffffffffffffffff",2,3.92,,8,21.53,44.95,,0.00,,0,0,0,0,,,,-1.00,-1.00,-1.00,-1.00,-1.00
2024-11-12T16:43:42Z,"0002cc0100000ec0","36545e483ef93eb108158272ec000000000000000000ffffffffffffffffffffffff",2,3.92,,8,21.51,44.89,,0.00,,0,0,0,0,,,-1.00,-1.00,-1.00,-1.00,-1.00,-1.00
2024-11-12T16:49:37Z,"0002cc0100000ec0","36545e49a1f93ebd08157b7325000000000000000000ffffffffffffffffffff",2,3.92,,8,21.48,44.98,,0.00,,0,0,0,0,,,,-1.00,-1.00,-1.00,-1.00,-1.00
2024-11-12T16:55:33Z,"0002cc0100000ec0","36545e4b05f93eb108157b72d0000000000000000000ffffffffffffffffffff",2,3.92,,8,21.48,44.85,,0.00,,0,0,0,0,,,,-1.00,-1.00,-1.00,-1.00,-1.00
2024-11-12T17:01:29Z,"0002cc0100000ec0","36545e4c69f93eb108157171e6000000000000000000ffffffffffffffffffff",2,3.92,,8,21.44,44.49,,0.00,,0,0,0,0,,,,-1.00,-1.00,-1.00,-1.00,-1.00
2024-11-12T17:07:25Z,"0002cc0100000ec0","36545e4dcdf93eb108157771a4000000000000000000feae741e67c9fdd7ff6bff12",2,3.92,,8,21.46,44.39,,0.00,,0,0,0,0,,,-0.88,-0.93,-0.73,0.12,0.26,-0.83
2024-11-12T17:13:21Z,"0002cc0100000ec0","36545e4f31f93ebd08157b7273000000000000000000ffffed87ff5def22fe8f",2,3.92,,8,21.48,44.71,,0.00,,0,0,0,0,,,,-0.82,-0.22,-0.92,-0.17,-1.00
2024-11-12T17:19:17Z,"0002cc0100000ec0","36545e5095f93eb10815867306000000000000000000f5367488ffd85c68f78d",2,3.92,,8,21.52,44.93,,0.00,,0,0,0,0,,,,-0.47,0.03,-0.98,0.28,-0.33
2024-11-12T17:25:13Z,"0002cc0100000ec0","36545e51f9f93ea80815897111000000000000000000fe8ffe58ff52fffffff0ffff",2,3.92,,8,21.53,44.17,,0.00,,0,0,0,0,,,-1.00,-0.99,-1.00,-0.92,-0.79,-0.82
2024-11-12T17:31:09Z,"0002cc0100000ec0","36545e535df202050000158970bb0000000000000000006c08ed6affffffdcffff",2,,2.5.0.0,,21.53,44.04,,0.00,,0,0,0,0,,,,-1.00,-0.98,-1.00,-0.17,0.13
2024-11-12T17:37:05Z,"0002cc0100000ec0","36545e54c1f93ebd0815867099000000000000000000fffffffffe49754cfed5e44a",2,3.92,,8,21.52,43.98,,0.00,,0,0,0,0,,,-0.07,-0.85,0.33,-0.79,-1.00,-1.00
2024-11-12T17:43:01Z,"0002cc0100000ec0","36545e5625f93ebd08158270ed000000000000000000fffffc45f4e4febdfddd",2,3.92,,8,21.51,44.11,,0.00,,0,0,0,0,,,,-0.73,-0.84,-0.31,-0.53,-1.00
2024-11-12T17:48:57Z,"0002cc0100000ec0","36545e5789f93eb1081586716c00000000000000000077a776ebfdc4ffffffff",2,3.92,,8,21.52,44.31,,0.00,,0,0,0,0,,,,-1.00,-1.00,-0.72,0.43,0.48
2024-11-12T17:54:54Z,"0002cc0100000ec0","36545e58eef93eb108158d7177000000000000000000fedef4f2fe1a6d27ffffff84",2,3.92,,8,21.55,44.32,,0.00,,0,0,0,0,,,-0.94,-1.00,0.16,-0.76,-0.31,-0.86
2024-11-12T18:00:50Z,"0002cc0100000ec0","36545e5a52f93eb108158d7156000000000000000000f579ffffffffffffedd7fe47",2,3.92,,8,21.55,44.27,,0.00,,0,0,0,0,,,-0.78,-0.18,-1.00,-1.00,-1.00,-0.34
2024-11-12T18:06:46Z,"0002cc0100000ec0","36545e5bb6f93eb10815917079000000000000000000fffffdbbff2cfc895cce",2,3.92,,8,21.56,43.94,,0.00,,0,0,0,0,,,,0.04,-0.57,-0.90,-0.72,-1.00
2024-11-12T18:12:42Z,"0002cc0100000ec0","36545e5d1af93eb1081591704f000000000000000000f703fccdfffffdc3ff23",2,3.92,,8,21.56,43.87,,0.00,,0,0,0,0,,,,-0.89,-0.72,-1.00,-0.60,-0.44
2024-11-12T18:18:38Z,"0002cc0100000ec0","36545e5e7ef93ebd0815986ff40000000000000000005e79fffefffffd3f5ccefccd",2,3.92,,8,21.59,43.73,,0.00,,0,0,0,0,,,-0.60,0.04,-0.66,-1.00,-1.00,0.05
2024-11-12T18:24:34Z,"0002cc0100000ec0","36545e5fe2f93ea80815986f83000000000000000000fd46ff81fc08fce1fef1",2,3.92,,8,21.59,43.56,,0.00,,0,0,0,0,,,,-0.87,-0.61,-0.50,-0.94,-0.66
2024-11-12T18:30:30Z,"0002cc0100000ec0","36545e6146f93ea808159f7130000000000000000000ffe5e73c762d742efe43f727",2,3.92,,8,21.62,44.21,,0.00,,0,0,0,0,,,-0.45,-0.78,0.26,0.39,-0.11,-0.99
2024-11-12T18:36:26Z,"0002cc0100000ec0","36545e62aaf93eb10815aa723d000000000000000000775fe78e7497fc54af4e6f72",2,3.92,,8,21.66,44.63,,0.00,,0,0,0,0,,,0.23,-0.00,-0.54,0.29,-0.12,0.46
2024-11-12T18:42:22Z,"0002cc0100000ec0","36545e640ef93ea00815ad73cf0000000000000000006e566e4c6de84e39fc43",2,3.91,,8,21.68,45.24,,0.00,,0,0,0,0,,,,-0.53,0.01,0.18,0.20,0.20
2024-11-12T18:48:18Z,"0002cc0100000ec0","36545e6572f93eb10815aa75a3000000000000000000ece36c00ff9cffff57c4fefc",2,3.92,,8,21.66,45.95,,0.00,,0,0,0,0,,,-0.87,0.03,-1.00,-0.95,0.13,-0.15
2024-11-12T18:54:14Z,"0002cc0100000ec0","36545e66d6f93ead08159c76f4000000000000000000ffffff43fffff612ffda",2,3.92,,8,21.61,46.47,,0.00,,0,0,0,0,,,,-0.98,-0.38,-1.00,-0.91,-1.00
2024-11-12T19:00:10Z,"0002cc0100000ec0","36545e683af93ead08159f7b7d000000000000000000ffb9fffffe71e617ff04ffff",2,3.92,,8,21.62,48.24,,0.00,,0,0,0,0,,,-1.00,-0.88,-0.10,-0.80,-1.00,-0.97
2024-11-12T19:06:06Z,"0002cc0100000ec0","36545e699ef93eb10815987eaf000000000000000000fe8affffff3bffffff6c",2,3.92,,8,21.59,49.49,,0.00,,0,0,0,0,,,,-0.93,-1.00,-0.90,-1.00,-0.82
2024-11-12T19:12:02Z,"0002cc0100000ec0","36545e6b02f93eb108159880ae000000000000000000fffffffffffffdf3fffffe05",2,3.92,,8,21.59,50.27,,0.00,,0,0,0,0,,,-0.75,-1.00,-0.74,-1.00,-1.00,-1.00
2024-11-12T19:17:58Z,"0002cc0100000ec0","36545e6c66f93eb108159481c7000000000000000000fed0e5dfffffffffffff",2,3.92,,8,21.58,50.70,,0.00,,0,0,0,0,,,,-1.00,-1.00,-1.00,-0.09,-0.85
2024-11-12T19:23:54Z,"0002cc0100000ec0","36545e6dcaf93ea808159f8239000000000000000000ef1bfe1677a7f54a76255d79",2,3.92,,8,21.62,50.87,,0.00,,0,0,0,0,,,0.04,0.38,-0.33,0.48,-0.76,-0.22
2024-11-12T19:29:50Z,"0002cc0100000ec0","36545e6f2ef93eb10815a683893a9ea5000000000000cf7ffe7cb6e2f417ffbb",2,3.92,,8,21.65,51.38,,0.05,,0,0,0,0,,,,-0.97,-0.26,-0.00,-0.81,-0.01
2024-11-12T19:35:46Z,"0002cc0100000ec0","36545e7092f93ead0815b185393b5ce8000000000000e4e2e42c74197514f455",2,3.92,,8,21.69,52.04,,0.09,,0,0,0,0,,,,-0.27,0.32,0.26,-0.07,-0.08
2024-11-12T19:41:42Z,"0002cc0100000ec0","36545e71f6f93eb10815ad84aa415984000000000000fc01e59e745cfd47ffffffff",2,3.92,,8,21.68,51.82,,5.40,,0,0,0,0,,,-1.00,-1.00,-0.66,0.27,-0.09,-0.50
2024-11-12T19:47:38Z,"0002cc0100000ec0","36545e735af93ead081591872e3c729e000000000000ffbffebfff4bffffff83",2,3.92,,8,21.56,52.81,,0.18,,0,0,0,0,,,,-0.94,-1.00,-0.91,-0.84,-0.97
2024-11-12T19:53:34Z,"0002cc0100000ec0","36545e74bef93eb108159488913b14fd000000000000ffffffdcffd1fd72f4fc",2,3.92,,8,21.58,53.35,,0.07,,0,0,0,0,,,,-0.31,-0.68,-0.98,-0.98,-1.00
2024-11-12T19:59:30Z,"0002cc0100000ec0","36545e7622f93ead08159489753c1f36000000000000f647fef8f581fffffc37fe6f",2,3.92,,8,21.58,53.69,,0.14,,0,0,0,0,,,-0.80,-0.53,-1.00,-0.34,-0.87,-0.39
2024-11-12T20:05:26Z,"0002cc0100000ec0","36545e7786f93ea808159888d93b3478000000000000e559fffffffffffffe74",2,3.92,,8,21.59,53.46,,0.08,,0,0,0,0,,,,-0.81,-1.00,-1.00,-1.00,-0.08
2024-11-12T20:11:22Z,"0002cc0100000ec0","36545e78eaf93ead08159f88ed3b2a57000000000000fffffffff733fe92ffff",2,3.92,,8,21.62,53.49,,0.07,,0,0,0,0,,,,-1.00,-0.82,-0.45,-1.00,-1.00
2024-11-12T20:17:18Z,"0002cc0100000ec0","36545e7a4ef93ea40815a28a223c1f36000000000000fffffe27fffefc71fc4affff",2,3.91,,8,21.63,53.96,,0.14,,0,0,0,0,,,-1.00,-0.54,-0.56,-1.00,-0.77,-1.00
2024-11-12T20:23:14Z,"0002cc0100000ec0","36545e7bb2f93ead08159f8a193b1b2c000000000000ffffffebfdedffffffff",2,3.92,,8,21.62,53.95,,0.07,,0,0,0,0,,,,-1.00,-1.00,-0.74,-0.99,-1.00
2024-11-12T20:29:10Z,"0002cc0100000ec0","36545e7d16f93ead0815a6896e3a61f6000000000000ffffffc8fc50fd70f602ffe9",2,3.92,,8,21.65,53.68,,0.04,,0,0,0,0,,,-0.99,-0.38,-0.68,-0.54,-0.97,-1.00
2024-11-12T20:35:06Z,"0002cc0100000ec0","36545e7e7af93ea408159f8800398c94000000000000fc44fe8667c6f425ff56",2,3.91,,8,21.62,53.13,,0.02,,0,0,0,0,,,,-0.92,-0.26,0.12,-0.82,-0.53
2024-11-12T20:41:03Z,"0002cc0100000ec0","36545e7fdff93e9c08156688a6398c94000000000000f769fffffebafdd9feb5ecdb",2,3.91,,8,21.40,53.38,,0.02,,0,0,0,0,,,-0.15,-0.84,-0.73,-0.84,-1.00,-0.46
2024-11-12T20:46:59Z,"0002cc0100000ec0","36545e8143f93ead0815308ab03a8d2f000000000000f661f546fffffffffeef",2,3.92,,8,21.18,54.18,,0.05,,0,0,0,0,,,,-0.87,-1.00,-1.00,-0.33,-0.40
2024-11-12T20:52:55Z,"0002cc0100000ec0","36545e82a7f93ea40815048c593a2ed0000000000000ffffffffffffffffffff",2,3.91,,8,21.01,54.82,,0.04,,0,0,0,0,,,,-1.00,-1.00,-1.00,-1.00,-1.00
2024-11-12T20:58:50Z,"0002cc0100000ec0","36545e840af93ea40814eb8cc53a2ed0000000000000ffffffffffffffffffff",2,3.91,,8,20.91,54.99,,0.04,,0,0,0,0,,,,-1.00,-1.00,-1.00,-1.00,-1.00
2024-11-12T21:04:46Z,"0002cc0100000ec0","36545e856ef93ead0814d98d533a2ed0000000000000fffffd2cfffdffffff36fe48",2,3.92,,8,20.84,55.21,,0.04,,0,0,0,0,,,-0.79,-0.90,-1.00,-1.00,-0.65,-1.00
2024-11-12T21:10:42Z,"0002cc0100000ec0","36545e86d2f93eb10814ce8deb392ed0000000000000ffffffffffffffffffff",2,3.92,,8,20.80,55.44,,0.02,,0,0,0,0,,,,-1.00,-1.00,-1.00,-1.00,-1.00
2024-11-12T21:16:38Z,"0002cc0100000ec0","36545e8836f93ea40814c38de6000000000000000000ffffffffffffff9dfe90",2,3.91,,8,20.76,55.43,,0.00,,0,0,0,0,,,,-0.82,-0.95,-1.00,-1.00,-1.00
2024-11-12T21:22:35Z,"0002cc0100000ec0","36545e899bf93ea40814d18dad000000000000000000ff51ffffef794c11ffd0ffff",2,3.91,,8,20.82,55.34,,0.00,,0,0,0,0,,,-1.00,-0.98,0.01,-0.23,-1.00,-0.91
2024-11-12T21:28:30Z,"0002cc0100000ec0","36545e8afef93ea40814e38e22000000000000000000fffff73effbefe63fc81",2,3.91,,8,20.89,55.52,,0.00,,0,0,0,0,,,,-0.56,-0.80,-0.97,-0.45,-1.00
2024-11-12T21:34:27Z,"0002cc0100000ec0","36545e8c63f20205000015048d1d000000000000000000f48ededaeee56e6dff00f60d",2,,2.5.0.0,,21.01,55.12,,0.00,,0,0,0,0,,,-0.38,-0.87,0.20,-0.22,-0.05,-0.28
2024-11-12T21:40:22Z,"0002cc0100000ec0","36545e8dc6f93ea40815198d8c000000000000000000ffffece7f540fc5a6cf9",2,3.91,,8,21.10,55.29,,0.00,,0,0,0,0,,,,0.16,-0.54,-0.33,-0.15,-1.00
2024-11-12T21:46:18Z,"0002cc0100000ec0","36545e8f2af93eb10815308f56000000000000000000fc9cffff66b2d7a0ffff",2,3.92,,8,21.18,55.99,,0.00,,0,0,0,0,,,,-1.00,-0.03,0.10,-1.00,-0.58
2024-11-12T21:52:15Z,"0002cc0100000ec0","36545e908ff93ea408153e8fba000000000000000000fcc5ffffffffffffffffffff",2,3.91,,8,21.24,56.14,,0.00,,0,0,0,0,,,-1.00,-1.00,-1.00,-1.00,-1.00,-0.60
2024-11-12T21:58:10Z,"0002cc0100000ec0","36545e91f2f93ea40815499046000000000000000000ffffffffffffffffffff",2,3.91,,8,21.28,56.36,,0.00,,0,0,0,0,,,,-1.00,-1.00,-1.00,-1.00,-1.00
2024-11-12T22:04:07Z,"0002cc0100000ec0","36545e9357f93ea40815508f93000000000000000000ffffffffffffffffffffffff",2,3.91,,8,21.31,56.08,,0.00,,0,0,0,0,,,-1.00,-1.00,-1.00,-1.00,-1.00,-1.00
2024-11-12T22:10:02Z,"0002cc0100000ec0","36545e94baf93ea408155e8faa000000000000000000ffffffffffffffffffff",2,3.91,,8,21.37,56.12,,0.00,,0,0,0,0,,,,-1.00,-1.00,-1.00,-1.00,-1.00
2024-11-12T22:15:58Z,"0002cc0100000ec0","36545e961ef93e9c0815668fd4000000000000000000ffffffffffffffffffffffff",2,3.91,,8,21.40,56.18,,0.00,,0,0,0,0,,,-1.00,-1.00,-1.00,-1.00,-1.00,-1.00
2024-11-12T22:21:54Z,"0002cc0100000ec0","36545e9782f93ea40815718f53000000000000000000ffffffffffffffffffff",2,3.91,,8,21.44,55.99,,0.00,,0,0,0,0,,,,-1.00,-1.00,-1.00,-1.00,-1.00
2024-11-12T22:27:50Z,"0002cc0100000ec0","36545e98e6f93ea40815718e00000000000000000000ffffffffffffffffffffffff",2,3.91,,8,21.44,55.47,,0.00,,0,0,0,0,,,-1.00,-1.00,-1.00,-1.00,-1.00,-1.00
2024-11-12T22:33:46Z,"0002cc0100000ec0","36545e9a4af93ea40815718d91000000000000000000ffffffffffffffffffff",2,3.91,,8,21.44,55.30,,0.00,,0,0,0,0,,,,-1.00,-1.00,-1.00,-1.00,-1.00
2024-11-12T22:39:42Z,"0002cc0100000ec0","36545e9baef93ea40815698d56000000000000000000ffffffffffffffffffff",2,3.91,,8,21.41,55.21,,0.00,,0,0,0,0,,,,-1.00,-1.00,-1.00,-1.00,-1.00
2024-11-12T22:45:38Z,"0002cc0100000ec0","36545e9d12f93ea40815779212000000000000000000ffffffffffffffffffff",2,3.91,,8,21.46,57.06,,0.00,,0,0,0,0,,,,-1.00,-1.00,-1.00,-1.00,-1.00
2024-11-12T22:51:34Z,"0002cc0100000ec0","36545e9e76f93ea40815778fdb000000000000000000fffffffffffffffffd11",2,3.91,,8,21.46,56.19,,0.00,,0,0,0,0,,,,-0.63,-1.00,-1.00,-1.00,-1.00
2024-11-12T22:57:30Z,"0002cc0100000ec0","36545e9fdaf93ea40815718dd1000000000000000000ffffffffffffffffffffffff",2,3.91,,8,21.44,55.40,,0.00,,0,0,0,0,,,-1.00,-1.00,-1.00,-1.00,-1.00,-1.00
2024-11-12T23:03:26Z,"0002cc0100000ec0","36545ea13ef93ea40815668e51000000000000000000ffffffffffffffffffffffff",2,3.91,,8,21.40,55.59,,0.00,,0,0,0,0,,,-1.00,-1.00,-1.00,-1.00,-1.00,-1.00
2024-11-12T23:09:22Z,"0002cc0100000ec0","36545ea2a2f93e9c08156c8dd7000000000000000000ffffffffffffffffffff",2,3.91,,8,21.42,55.41,,0.00,,0,0,0,0,,,,-1.00,-1.00,-1.00,-1.00,-1.00
2024-11-12T23:15:18Z,"0002cc0100000ec0","36545ea406f93ea40815748fc9000000000000000000ffffffffffffffffffffffff",2,3.91,,8,21.45,56.17,,0.00,,0,0,0,0,,,-1.00,-1.00,-1.00,-1.00,-1.00,-1.00
2024-11-12T23:21:14Z,"0002cc0100000ec0","36545ea56af93ea40815779089000000000000000000ffffffffffffffffffffffff",2,3.91,,8,21.46,56.46,,0.00,,0,0,0,0,,,-1.00,-1.00,-1.00,-1.00,-1.00,-1.00
2024-11-12T23:27:10Z,"0002cc0100000ec0","36545ea6cef93ea408157f90c4000000000000000000ffffffffffffffffffff",2,3.91,,8,21.49,56.55,,0.00,,0,0,0,0,,,,-1.00,-1.00,-1.00,-1.00,-1.00
2024-11-12T23:33:05Z,"0002cc0100000ec0","36545ea831f93eb108157f90f2000000000000000000ffffffffffffffffffff",2,3.92,,8,21.49,56.62,,0.00,,0,0,0,0,,,,-1.00,-1.00,-1.00,-1.00,-1.00
2024-11-12T23:39:01Z,"0002cc0100000ec0","36545ea995f93ea40815869058000000000000000000ffffffffffffffffffff",2,3.91,,8,21.52,56.39,,0.00,,0,0,0,0,,,,-1.00,-1.00,-1.00,-1.00,-1.00
2024-11-12T23:44:57Z,"0002cc0100000ec0","36545eaaf9f93e9c0815948db8000000000000000000ffffffffef50f480edc1765b",2,3.91,,8,21.58,55.36,,0.00,,0,0,0,0,,,0.40,-0.18,-0.28,-0.23,-1.00,-1.00
2024-11-12T23:50:54Z,"0002cc0100000ec0","36545eac5ef93ea408159f88dc00000000000000000076dffcf5fca8f4d2ff14ffff",2,3.91,,8,21.62,53.46,,0.00,,0,0,0,0,,,-1.00,-0.88,-0.30,-0.58,-0.62,0.43
2024-11-12T23:56:50Z,"0002cc0100000ec0","36545eadc2f93ea408159886d1000000000000000000ffffffffffffffffffff",2,3.91,,8,21.59,52.66,,0.00,,0,0,0,0,,,,-1.00,-1.00,-1.00,-1.00,-1.00
