Time,DevEUI,Raw,Port,Vbat,Version,BootCount,T,RH,P,Light,CO2,P[0].delta,P[0].total,P[1].delta,P[1].total,Act[7],Act[6],Act[5],Act[4],Act[3],Act[2],Act[1],Act[0]
2024-11-14T00:04:27Z,"0002cc0100000ec0","365460010bf93e7b081586663e000000000000000000ffffffffffffffffffff",2,3.90,,8,21.52,39.94,,0.00,,0,0,0,0,,,,-1.00,-1.00,-1.00,-1.00,-1.00
2024-11-14T00:10:23Z,"0002cc0100000ec0","365460026ff93e770815896649000000000000000000ffebffffffffffa1e720f685",2,3.90,,8,21.53,39.96,,0.00,,0,0,0,0,,,-0.41,-0.11,-0.95,-1.00,-1.00,-0.99
2024-11-14T00:16:19Z,"0002cc0100000ec0","36546003d3f93e770815986656000000000000000000ec7e6d71fd13ee27ffff",2,3.90,,8,21.59,39.98,,0.00,,0,0,0,0,,,,-1.00,-0.19,-0.63,0.17,-0.14
2024-11-14T00:22:15Z,"0002cc0100000ec0","3654600537f93e770815a66572000000000000000000f6cbe535f5cdffe2fcda",2,3.90,,8,21.65,39.63,,0.00,,0,0,0,0,,,,-0.61,-0.99,-0.36,-0.08,-0.42
2024-11-14T00:28:11Z,"0002cc0100000ec0","365460069bf93e770815a66560000000000000000000f787effbfc56fc34f6c9",2,3.90,,8,21.65,39.60,,0.00,,0,0,0,0,,,,-0.42,-0.53,-0.54,-0.25,-0.47
2024-11-14T00:34:07Z,"0002cc0100000ec0","36546007fff93e7b0815aa6587000000000000000000ffa9f6d4ff88fd13fd18",2,3.90,,8,21.66,39.66,,0.00,,0,0,0,0,,,,-0.64,-0.63,-0.94,-0.43,-0.96
2024-11-14T00:40:03Z,"0002cc0100000ec0","3654600963f93e6f0815a665cf000000000000000000fffffffffef6dd8af71e",2,3.90,,8,21.65,39.77,,0.00,,0,0,0,0,,,,-0.44,-0.04,-0.87,-1.00,-1.00
2024-11-14T00:45:59Z,"0002cc0100000ec0","3654600ac7f93e6f0815a665e3000000000000000000f4e4e50efdd2fe55ff3467e8",2,3.90,,8,21.65,39.80,,0.00,,0,0,0,0,,,0.12,-0.90,-0.79,-0.73,-0.08,-0.31
2024-11-14T00:51:55Z,"0002cc0100000ec0","3654600c2bf93e6f08159f65e00000000000000000007551ffb0ffb0ffffffff",2,3.90,,8,21.62,39.80,,0.00,,0,0,0,0,,,,-1.00,-1.00,-0.96,-0.96,0.33
2024-11-14T00:57:51Z,"0002cc0100000ec0","3654600d8ff93e6f08159c6566000000000000000000fff2fd73f7497541f688",2,3.90,,8,21.61,39.61,,0.00,,0,0,0,0,,,,-0.41,0.33,-0.46,-0.68,-0.99
2024-11-14T01:03:47Z,"0002cc0100000ec0","3654600ef3f93e6f08159465770000000000000000006f766d4dff2bffffbf85f40f",2,3.90,,8,21.58,39.64,,0.00,,0,0,0,0,,,-0.25,-0.00,-1.00,-0.90,0.17,0.23
2024-11-14T01:09:43Z,"0002cc0100000ec0","3654601057f93e6f08158d6562000000000000000000f68bf596fd1cff73fd89",2,3.90,,8,21.55,39.60,,0.00,,0,0,0,0,,,,-0.69,-0.93,-0.64,-0.35,-0.41
2024-11-14T01:15:39Z,"0002cc0100000ec0","36546011bbf93e6f08157f654b000000000000000000ffffffffffffffbdff85",2,3.90,,8,21.49,39.57,,0.00,,0,0,0,0,,,,-0.94,-0.97,-1.00,-1.00,-1.00
2024-11-14T01:21:35Z,"0002cc0100000ec0","365460131ff93e6f0815776509000000000000000000ffffffffffffffffffff",2,3.90,,8,21.46,39.47,,0.00,,0,0,0,0,,,,-1.00,-1.00,-1.00,-1.00,-1.00
2024-11-14T01:27:31Z,"0002cc0100000ec0","3654601483f93e6f08157164ab000000000000000000ffffffffffffffffffffffff",2,3.90,,8,21.44,39.32,,0.00,,0,0,0,0,,,-1.00,-1.00,-1.00,-1.00,-1.00,-1.00
2024-11-14T01:33:27Z,"0002cc0100000ec0","36546015e7f93e6f081569649f000000000000000000ffffffffffffffffffffffff",2,3.90,,8,21.41,39.31,,0.00,,0,0,0,0,,,-1.00,-1.00,-1.00,-1.00,-1.00,-1.00
2024-11-14T01:39:23Z,"0002cc0100000ec0","365460174bf93e6f0815666482000000000000000000ffffffffffffffffffff",2,3.90,,8,21.40,39.26,,0.00,,0,0,0,0,,,,-1.00,-1.00,-1.00,-1.00,-1.00
2024-11-14T01:45:19Z,"0002cc0100000ec0","36546018aff93e6f08155e64ae000000000000000000ffffffffffffffffffffffff",2,3.90,,8,21.37,39.33,,0.00,,0,0,0,0,,,-1.00,-1.00,-1.00,-1.00,-1.00,-1.00
2024-11-14T01:51:15Z,"0002cc0100000ec0","3654601a13f93e6f08156264af000000000000000000f595f585fc63fffcffff",2,3.90,,8,21.38,39.33,,0.00,,0,0,0,0,,,,-1.00,-1.00,-0.55,-0.34,-0.35
2024-11-14T01:57:11Z,"0002cc0100000ec0","3654601b77f202050000155b645a000000000000000000fffffd51fef0fffff459",2,,2.5.0.0,,21.35,39.20,,0.00,,0,0,0,0,,,,-0.27,-1.00,-0.87,-0.66,-1.00
2024-11-14T02:03:07Z,"0002cc0100000ec0","3654601cdbf93e6f08155b647f000000000000000000ff6bf4fcfd71fffffe51",2,3.90,,8,21.35,39.26,,0.00,,0,0,0,0,,,,-0.79,-1.00,-0.68,-0.31,-0.93
2024-11-14T02:09:03Z,"0002cc0100000ec0","3654601e3ff93e6f081553642a000000000000000000fd6effffffffffffffffffff",2,3.90,,8,21.32,39.13,,0.00,,0,0,0,0,,,-1.00,-1.00,-1.00,-1.00,-1.00,-0.68
2024-11-14T02:14:59Z,"0002cc0100000ec0","3654601fa3f93e6f0815536421423240000000000000feb2f421fc166436fdcf",2,3.90,,8,21.32,39.11,,9.57,,0,0,0,0,,,,-0.73,0.07,-0.51,-0.26,-0.84
2024-11-14T02:20:55Z,"0002cc0100000ec0","3654602107f93e6f08155e64e7426f5b000000000000fcd5f662f7cff423fd2e",2,3.90,,8,21.37,39.42,,11.48,,0,0,0,0,,,,-0.65,-0.26,-0.49,-0.40,-0.60
2024-11-14T02:26:51Z,"0002cc0100000ec0","365460226bf93e6708156663ee4280e0000000000000fffffc71f599ffffff7b",2,3.90,,8,21.40,39.04,,12.03,,0,0,0,0,,,,-0.94,-1.00,-0.35,-0.56,-1.00
2024-11-14T02:32:47Z,"0002cc0100000ec0","36546023cff93e6f08157164184289d6000000000000ffffffffff7ffffaff1a",2,3.90,,8,21.44,39.10,,12.31,,0,0,0,0,,,,-0.89,-1.00,-0.94,-1.00,-1.00
2024-11-14T02:38:43Z,"0002cc0100000ec0","3654602533f93e6f08157763ce428378000000000000f75cfcc0fffffffffed1ffff",2,3.90,,8,21.46,38.99,,12.11,,0,0,0,0,,,-1.00,-0.85,-1.00,-1.00,-0.59,-0.46
2024-11-14T02:44:39Z,"0002cc0100000ec0","3654602697f93e6f0815826409428aaf000000000000ff7bfd40ffffffffffff",2,3.90,,8,21.51,39.08,,12.33,,0,0,0,0,,,,-1.00,-1.00,-1.00,-0.66,-0.94
2024-11-14T02:50:35Z,"0002cc0100000ec0","36546027fbf93e6f08159163d6429169000000000000ffffffffffffffffffff",2,3.90,,8,21.56,39.00,,12.54,,0,0,0,0,,,,-1.00,-1.00,-1.00,-1.00,-1.00
2024-11-14T02:56:31Z,"0002cc0100000ec0","365460295ff93e67081598634c42914a000000000000ffffffffffffffffffff",2,3.90,,8,21.59,38.79,,12.54,,0,0,0,0,,,,-1.00,-1.00,-1.00,-1.00,-1.00
2024-11-14T03:02:27Z,"0002cc0100000ec0","3654602ac3f93e670815a663224292b7000000000000ffffffffffffffffffff",2,3.90,,8,21.65,38.72,,12.58,,0,0,0,0,,,,-1.00,-1.00,-1.00,-1.00,-1.00
2024-11-14T03:08:23Z,"0002cc0100000ec0","3654602c27f93e670815b462ff42935e000000000000ffffffffffffffffffff",2,3.90,,8,21.70,38.67,,12.61,,0,0,0,0,,,,-1.00,-1.00,-1.00,-1.00,-1.00
2024-11-14T03:14:19Z,"0002cc0100000ec0","3654602d8bf93e670815b962ae4291d1000000000000ffffffffffffffffffffffff",2,3.90,,8,21.72,38.55,,12.56,,0,0,0,0,,,-1.00,-1.00,-1.00,-1.00,-1.00,-1.00
2024-11-14T03:20:15Z,"0002cc0100000ec0","3654602eeff93e5f0815c4628c429591000000000000ffffffffffffffffffffffff",2,3.90,,8,21.76,38.50,,12.67,,0,0,0,0,,,-1.00,-1.00,-1.00,-1.00,-1.00,-1.00
2024-11-14T03:26:11Z,"0002cc0100000ec0","3654603053f93e670815ce6244429044000000000000ffffffffffffffffffff",2,3.90,,8,21.80,38.39,,12.51,,0,0,0,0,,,,-1.00,-1.00,-1.00,-1.00,-1.00
2024-11-14T03:32:07Z,"0002cc0100000ec0","36546031b7f93e6f0815d2623342888f000000000000ffffffffffffffffffff",2,3.90,,8,21.82,38.36,,12.27,,0,0,0,0,,,,-1.00,-1.00,-1.00,-1.00,-1.00
2024-11-14T03:38:03Z,"0002cc0100000ec0","365460331bf93e6f0815e16211428ae2000000000000ffffffffffffffffffffffff",2,3.90,,8,21.88,38.31,,12.34,,0,0,0,0,,,-1.00,-1.00,-1.00,-1.00,-1.00,-1.00
2024-11-14T03:43:59Z,"0002cc0100000ec0","365460347ff93e6f0815e461be428ec1000000000000ffffffffffffffffffff",2,3.90,,8,21.89,38.18,,12.46,,0,0,0,0,,,,-1.00,-1.00,-1.00,-1.00,-1.00
2024-11-14T03:49:55Z,"0002cc0100000ec0","36546035e3f93e6f0815ef61af428ba8000000000000ffffffffffffffffffff",2,3.90,,8,21.93,38.16,,12.36,,0,0,0,0,,,,-1.00,-1.00,-1.00,-1.00,-1.00
2024-11-14T03:55:50Z,"0002cc0100000ec0","3654603746f93e670815ef6178428d15000000000000ffffffffffffffffffff",2,3.90,,8,21.93,38.07,,12.41,,0,0,0,0,,,,-1.00,-1.00,-1.00,-1.00,-1.00
2024-11-14T04:01:47Z,"0002cc0100000ec0","36546038abf93e6708160461b5428c6e000000000000ffffffffffffffffffffffff",2,3.90,,8,22.01,38.17,,12.39,,0,0,0,0,,,-1.00,-1.00,-1.00,-1.00,-1.00,-1.00
2024-11-14T04:07:42Z,"0002cc0100000ec0","3654603a0ef93e670816046187427713000000000000ffffffffffffffffffff",2,3.90,,8,22.01,38.10,,11.72,,0,0,0,0,,,,-1.00,-1.00,-1.00,-1.00,-1.00
2024-11-14T04:13:39Z,"0002cc0100000ec0","3654603b73f93e6f08160f6193428ba8000000000000ffacffffffffffffffffffff",2,3.90,,8,22.06,38.12,,12.36,,0,0,0,0,,,-1.00,-1.00,-1.00,-1.00,-1.00,-0.96
2024-11-14T04:19:34Z,"0002cc0100000ec0","3654603cd6f93e670816136164428f88000000000000ffffffffffffffffffff",2,3.90,,8,22.07,38.04,,12.49,,0,0,0,0,,,,-1.00,-1.00,-1.00,-1.00,-1.00
2024-11-14T04:25:30Z,"0002cc0100000ec0","3654603e3af93e6708160f6193429476000000000000ffffffffffffffffffff",2,3.90,,8,22.06,38.12,,12.64,,0,0,0,0,,,,-1.00,-1.00,-1.00,-1.00,-1.00
2024-11-14T04:31:26Z,"0002cc0100000ec0","3654603f9ef93e6708161e6dcd428dfb000000000000ffffffffffffffffffff",2,3.90,,8,22.11,42.89,,12.44,,0,0,0,0,,,,-1.00,-1.00,-1.00,-1.00,-1.00
2024-11-14T04:37:22Z,"0002cc0100000ec0","3654604102f93e6708162f7111429114000000000000ffffffffffffffffffffffff",2,3.90,,8,22.18,44.17,,12.53,,0,0,0,0,,,-1.00,-1.00,-1.00,-1.00,-1.00,-1.00
2024-11-14T04:43:18Z,"0002cc0100000ec0","3654604266f93e670816337e104296c8000000000000ffffffffffffffffffff",2,3.90,,8,22.20,49.24,,12.71,,0,0,0,0,,,,-1.00,-1.00,-1.00,-1.00,-1.00
2024-11-14T04:49:14Z,"0002cc0100000ec0","36546043caf93e6f0816467b2642900f000000000000ffffffffffffffffffff",2,3.90,,8,22.27,48.11,,12.50,,0,0,0,0,,,,-1.00,-1.00,-1.00,-1.00,-1.00
2024-11-14T04:55:10Z,"0002cc0100000ec0","365460452ef93e6b08164d842e4290f5000000000000ffffffffffffffffffff",2,3.90,,8,22.30,51.63,,12.53,,0,0,0,0,,,,-1.00,-1.00,-1.00,-1.00,-1.00
2024-11-14T05:01:06Z,"0002cc0100000ec0","3654604692f93e6f0816547ff1429367000000000000ffffffffffffffffffff",2,3.90,,8,22.33,49.98,,12.61,,0,0,0,0,,,,-1.00,-1.00,-1.00,-1.00,-1.00
2024-11-14T05:07:02Z,"0002cc0100000ec0","36546047f6f93e6f08165c87c4429347000000000000ffffffffffffffffffff",2,3.90,,8,22.36,53.03,,12.60,,0,0,0,0,,,,-1.00,-1.00,-1.00,-1.00,-1.00
2024-11-14T05:12:58Z,"0002cc0100000ec0","365460495af93e6f08165f849542991b000000000000ffffffffffffffffffff",2,3.90,,8,22.37,51.79,,12.78,,0,0,0,0,,,,-1.00,-1.00,-1.00,-1.00,-1.00
2024-11-14T05:18:54Z,"0002cc0100000ec0","3654604abef93e6708166a892d429f440000000000006e99febef557fc19ffffffff",2,3.90,,8,22.41,53.59,,12.98,,0,0,0,0,,,-1.00,-1.00,-0.51,-0.33,-0.84,0.21
2024-11-14T05:24:50Z,"0002cc0100000ec0","3654604c22f93e7b08167186dd42a0d1000000000000ffe9fc60ffffffffffb6",2,3.90,,8,22.44,52.68,,13.03,,0,0,0,0,,,,-0.96,-1.00,-1.00,-0.55,-0.99
2024-11-14T05:30:46Z,"0002cc0100000ec0","3654604d86f93e6f0816748b15429568000000000000ffffffffffffffffff5d",2,3.90,,8,22.45,54.33,,12.67,,0,0,0,0,,,,-0.92,-1.00,-1.00,-1.00,-1.00
2024-11-14T05:36:42Z,"0002cc0100000ec0","3654604eeaf93e6f081683896642a110000000000000ffffffffffffffffffff",2,3.90,,8,22.51,53.67,,13.03,,0,0,0,0,,,,-1.00,-1.00,-1.00,-1.00,-1.00
2024-11-14T05:42:38Z,"0002cc0100000ec0","365460504ef93e6f0816838b5a42a197000000000000fffffdfafffff65365e5",2,3.90,,8,22.51,54.44,,13.05,,0,0,0,0,,,,0.09,-0.40,-1.00,-0.75,-1.00
2024-11-14T05:48:34Z,"0002cc0100000ec0","36546051b2f93e6f08168389b642893f000000000000fffffffffffffffff767",2,3.90,,8,22.51,53.79,,12.29,,0,0,0,0,,,,-0.46,-1.00,-1.00,-1.00,-1.00
2024-11-14T05:54:30Z,"0002cc0100000ec0","3654605316f93e670816878755428f68000000000000ff8bfffffffffee7ff55",2,3.90,,8,22.52,52.86,,12.48,,0,0,0,0,,,,-0.92,-0.86,-1.00,-1.00,-0.94
2024-11-14T06:00:26Z,"0002cc0100000ec0","365460547af20205000016878755429328000000000000ffffffffffffffffffff",2,,2.5.0.0,,22.52,52.86,,12.60,,0,0,0,0,,,,-1.00,-1.00,-1.00,-1.00,-1.00
2024-11-14T06:06:22Z,"0002cc0100000ec0","36546055def93e5f08168387da429bd6000000000000ffffffffffffffffffffffff",2,3.90,,8,22.51,53.07,,12.87,,0,0,0,0,,,-1.00,-1.00,-1.00,-1.00,-1.00,-1.00
2024-11-14T06:12:18Z,"0002cc0100000ec0","3654605742f93e6b081687883a428dbc000000000000ffffffffffffffffffff",2,3.90,,8,22.52,53.21,,12.43,,0,0,0,0,,,,-1.00,-1.00,-1.00,-1.00,-1.00
2024-11-14T06:18:14Z,"0002cc0100000ec0","36546058a6f93e6f08167885f3429281000000000000ffffffffffffffffffff",2,3.90,,8,22.47,52.32,,12.58,,0,0,0,0,,,,-1.00,-1.00,-1.00,-1.00,-1.00
2024-11-14T06:24:09Z,"0002cc0100000ec0","3654605a09f93e6b081674887b428ec1000000000000ffffffffffffffffffff",2,3.90,,8,22.45,53.31,,12.46,,0,0,0,0,,,,-1.00,-1.00,-1.00,-1.00,-1.00
2024-11-14T06:30:06Z,"0002cc0100000ec0","3654605b6ef93e5f08166e857242917c000000000000ffffffffffffffffffffffff",2,3.90,,8,22.43,52.13,,12.55,,0,0,0,0,,,-1.00,-1.00,-1.00,-1.00,-1.00,-1.00
2024-11-14T06:36:01Z,"0002cc0100000ec0","3654605cd1f93e6b08166a88d6428b89000000000000ffffffffffffffffffff",2,3.90,,8,22.41,53.45,,12.36,,0,0,0,0,,,,-1.00,-1.00,-1.00,-1.00,-1.00
2024-11-14T06:41:57Z,"0002cc0100000ec0","3654605e35f93e5708166a845b428cf6000000000000ffffffffffffffffffff",2,3.90,,8,22.41,51.70,,12.40,,0,0,0,0,,,,-1.00,-1.00,-1.00,-1.00,-1.00
2024-11-14T06:47:53Z,"0002cc0100000ec0","3654605f99f93e5f08165c86ae429114000000000000ffffffffffffffffffff",2,3.90,,8,22.36,52.61,,12.53,,0,0,0,0,,,,-1.00,-1.00,-1.00,-1.00,-1.00
2024-11-14T06:53:49Z,"0002cc0100000ec0","36546060fdf93e570816548384428c4f000000000000ffffffffffffffffffff",2,3.90,,8,22.33,51.37,,12.38,,0,0,0,0,,,,-1.00,-1.00,-1.00,-1.00,-1.00
2024-11-14T06:59:45Z,"0002cc0100000ec0","3654606261f93e630816518825428dbc000000000000ffffffffffffffffffffffff",2,3.90,,8,22.31,53.18,,12.43,,0,0,0,0,,,-1.00,-1.00,-1.00,-1.00,-1.00,-1.00
2024-11-14T07:05:41Z,"0002cc0100000ec0","36546063c5f93e6b08164283a1428ba8000000000000ffffffffffffffffffff",2,3.90,,8,22.25,51.42,,12.36,,0,0,0,0,,,,-1.00,-1.00,-1.00,-1.00,-1.00
2024-11-14T07:11:37Z,"0002cc0100000ec0","3654606529f93e6b0816428810428fb0000000000000ffffffffffffffffffff",2,3.90,,8,22.25,53.15,,12.49,,0,0,0,0,,,,-1.00,-1.00,-1.00,-1.00,-1.00
2024-11-14T07:17:33Z,"0002cc0100000ec0","365460668df93e6b08163e82e4428aa3000000000000ffffffffffffffffffff",2,3.90,,8,22.24,51.13,,12.33,,0,0,0,0,,,,-1.00,-1.00,-1.00,-1.00,-1.00
2024-11-14T07:23:29Z,"0002cc0100000ec0","36546067f1f93e6308163e8a4f428fb0000000000000ffffffffffffffffffff",2,3.90,,8,22.24,54.03,,12.49,,0,0,0,0,,,,-1.00,-1.00,-1.00,-1.00,-1.00
2024-11-14T07:29:25Z,"0002cc0100000ec0","3654606955f93e6b081649845e4289dd000000000000ffffffffffffffffffff",2,3.90,,8,22.28,51.71,,12.31,,0,0,0,0,,,,-1.00,-1.00,-1.00,-1.00,-1.00
2024-11-14T07:35:21Z,"0002cc0100000ec0","3654606ab9f93e6308165c8b99428a64000000000000ffffffffffffffffffffffff",2,3.90,,8,22.36,54.53,,12.32,,0,0,0,0,,,-1.00,-1.00,-1.00,-1.00,-1.00,-1.00
2024-11-14T07:41:17Z,"0002cc0100000ec0","3654606c1df93e5708167185824288f7000000000000ffffffffffffffffffff",2,3.90,,8,22.44,52.15,,12.28,,0,0,0,0,,,,-1.00,-1.00,-1.00,-1.00,-1.00
2024-11-14T07:47:13Z,"0002cc0100000ec0","3654606d81f93e6b0816788bb44289bd000000000000ffffffffffffffffffff",2,3.90,,8,22.47,54.57,,12.30,,0,0,0,0,,,,-1.00,-1.00,-1.00,-1.00,-1.00
2024-11-14T07:53:09Z,"0002cc0100000ec0","3654606ee5f93e6308167c86a44291c4000000000000ffffffffffffffffffffffff",2,3.90,,8,22.48,52.59,,12.56,,0,0,0,0,,,-1.00,-1.00,-1.00,-1.00,-1.00,-1.00
2024-11-14T07:59:04Z,"0002cc0100000ec0","3654607048f93e630816878b2b42915c000000000000ffffffffffffffffffff",2,3.90,,8,22.52,54.36,,12.54,,0,0,0,0,,,,-1.00,-1.00,-1.00,-1.00,-1.00
2024-11-14T08:05:00Z,"0002cc0100000ec0","36546071acf93e5708168a8756428f88000000000000ffffffffffffffffffff",2,3.90,,8,22.54,52.87,,12.49,,0,0,0,0,,,,-1.00,-1.00,-1.00,-1.00,-1.00
2024-11-14T08:10:56Z,"0002cc0100000ec0","3654607310f93e5f0816878b5b428f49000000000000ffffffffffffffffffffffff",2,3.90,,8,22.52,54.44,,12.48,,0,0,0,0,,,-1.00,-1.00,-1.00,-1.00,-1.00,-1.00
2024-11-14T08:16:52Z,"0002cc0100000ec0","3654607474f93e63081687885a428e82000000000000ffffffffffffffffffff",2,3.90,,8,22.52,53.26,,12.45,,0,0,0,0,,,,-1.00,-1.00,-1.00,-1.00,-1.00
2024-11-14T08:22:48Z,"0002cc0100000ec0","36546075d8f93e5f08167f8ab942911d000000000000ffffffffffffffffffffffff",2,3.90,,8,22.50,54.19,,12.53,,0,0,0,0,,,-1.00,-1.00,-1.00,-1.00,-1.00,-1.00
2024-11-14T08:28:44Z,"0002cc0100000ec0","365460773cf93e630816788953428a6d000000000000ffffffffffffffffffff",2,3.90,,8,22.47,53.64,,12.33,,0,0,0,0,,,,-1.00,-1.00,-1.00,-1.00,-1.00
2024-11-14T08:34:40Z,"0002cc0100000ec0","36546078a0f93e570816788b16428a6d000000000000fffffffffffffffffcd4",2,3.90,,8,22.47,54.33,,12.33,,0,0,0,0,,,,-0.60,-1.00,-1.00,-1.00,-1.00
2024-11-14T08:40:36Z,"0002cc0100000ec0","3654607a04f93e6b0816788af542843b000000000000fffffffffe22d5bbfdcdffff",2,3.90,,8,22.47,54.28,,12.13,,0,0,0,0,,,-1.00,-0.73,-0.02,-0.77,-1.00,-1.00
2024-11-14T08:46:32Z,"0002cc0100000ec0","3654607b68f93e630816748b6a427fab000000000000ffffffffffc4ffffffff",2,3.90,,8,22.45,54.46,,11.99,,0,0,0,0,,,,-1.00,-1.00,-0.97,-1.00,-1.00
2024-11-14T08:52:28Z,"0002cc0100000ec0","3654607cccf93e630816748c78428b0b000000000000ffffffffffffffffffff",2,3.90,,8,22.45,54.87,,12.35,,0,0,0,0,,,,-1.00,-1.00,-1.00,-1.00,-1.00
2024-11-14T08:58:24Z,"0002cc0100000ec0","3654607e30f93e630816718bc042899e000000000000ffffffffffffffffffffffff",2,3.90,,8,22.44,54.59,,12.30,,0,0,0,0,,,-1.00,-1.00,-1.00,-1.00,-1.00,-1.00
2024-11-14T09:04:20Z,"0002cc0100000ec0","3654607f94f93e630816668d40428c78000000000000ffffffffffffffffffff",2,3.90,,8,22.40,55.18,,12.39,,0,0,0,0,,,,-1.00,-1.00,-1.00,-1.00,-1.00
2024-11-14T09:10:16Z,"0002cc0100000ec0","36546080f8f93e6308166a8bb5428de5000000000000ffffffffffffffffffff",2,3.90,,8,22.41,54.57,,12.43,,0,0,0,0,,,,-1.00,-1.00,-1.00,-1.00,-1.00
2024-11-14T09:16:12Z,"0002cc0100000ec0","365460825cf93e630816668def42899e000000000000ffffffffffffffffffffffff",2,3.90,,8,22.40,55.44,,12.30,,0,0,0,0,,,-1.00,-1.00,-1.00,-1.00,-1.00,-1.00
2024-11-14T09:22:08Z,"0002cc0100000ec0","36546083c0f93e5708165f8ad4428c39000000000000ffffffffffffffffffff",2,3.90,,8,22.37,54.23,,12.38,,0,0,0,0,,,,-1.00,-1.00,-1.00,-1.00,-1.00
2024-11-14T09:28:04Z,"0002cc0100000ec0","3654608524f93e6f08165c8da342895f000000000000ffffffffffffffffffff",2,3.90,,8,22.36,55.33,,12.29,,0,0,0,0,,,,-1.00,-1.00,-1.00,-1.00,-1.00
2024-11-14T09:34:00Z,"0002cc0100000ec0","3654608688f93e630816548a4942895f000000000000ffffffffffffffffffff",2,3.90,,8,22.33,54.02,,12.29,,0,0,0,0,,,,-1.00,-1.00,-1.00,-1.00,-1.00
2024-11-14T09:39:56Z,"0002cc0100000ec0","36546087ecf93e570816518e34428bf0000000000000ffffffffffffffffffffffff",2,3.90,,8,22.31,55.55,,12.37,,0,0,0,0,,,-1.00,-1.00,-1.00,-1.00,-1.00,-1.00
2024-11-14T09:45:52Z,"0002cc0100000ec0","3654608950f93e6f08164d89c8429077000000000000ffffffffffffffffffff",2,3.90,,8,22.30,53.82,,12.51,,0,0,0,0,,,,-1.00,-1.00,-1.00,-1.00,-1.00
2024-11-14T09:51:47Z,"0002cc0100000ec0","3654608ab3f93e570816498ee74287d2000000000000ffffffffffffffffff7d",2,3.90,,8,22.28,55.82,,12.24,,0,0,0,0,,,,-0.94,-1.00,-1.00,-1.00,-1.00
2024-11-14T09:57:44Z,"0002cc0100000ec0","3654608c18f93e630816498ac4428d3e000000000000ffdcffffffffffffffffffff",2,3.90,,8,22.28,54.21,,12.41,,0,0,0,0,,,-1.00,-1.00,-1.00,-1.00,-1.00,-0.98
2024-11-14T10:03:40Z,"0002cc0100000ec0","3654608d7cf2020500001649903b4293d8000000000000ffffffffffffffffffff",2,,2.5.0.0,,22.28,56.34,,12.62,,0,0,0,0,,,,-1.00,-1.00,-1.00,-1.00,-1.00
2024-11-14T10:09:36Z,"0002cc0100000ec0","3654608ee0f93e570816468ad1428f0a000000000000ffffffffffffffffffff",2,3.90,,8,22.27,54.23,,12.47,,0,0,0,0,,,,-1.00,-1.00,-1.00,-1.00,-1.00
2024-11-14T10:15:31Z,"0002cc0100000ec0","3654609043f93e630816499092428fd0000000000000ffffffffffffffffffff",2,3.90,,8,22.28,56.47,,12.49,,0,0,0,0,,,,-1.00,-1.00,-1.00,-1.00,-1.00
2024-11-14T10:21:28Z,"0002cc0100000ec0","36546091a8f93e570816498ad3428850000000000000ffffffffffffffffffffffff",2,3.90,,8,22.28,54.23,,12.26,,0,0,0,0,,,-1.00,-1.00,-1.00,-1.00,-1.00,-1.00
2024-11-14T10:27:23Z,"0002cc0100000ec0","365460930bf93e63081649907a42899e000000000000ffffffffffffffffffff",2,3.90,,8,22.28,56.44,,12.30,,0,0,0,0,,,,-1.00,-1.00,-1.00,-1.00,-1.00
2024-11-14T10:33:19Z,"0002cc0100000ec0","365460946ff93e6308164d8b5b42899e000000000000ffffffffffffffffffff",2,3.90,,8,22.30,54.44,,12.30,,0,0,0,0,,,,-1.00,-1.00,-1.00,-1.00,-1.00
2024-11-14T10:39:15Z,"0002cc0100000ec0","36546095d3f93e67081651903e428830000000000000ffffffffffffffffffffffff",2,3.90,,8,22.31,56.35,,12.26,,0,0,0,0,,,-1.00,-1.00,-1.00,-1.00,-1.00,-1.00
2024-11-14T10:45:11Z,"0002cc0100000ec0","3654609737f93e570816548bcc42899e000000000000ffffffffffffffffffff",2,3.90,,8,22.33,54.61,,12.30,,0,0,0,0,,,,-1.00,-1.00,-1.00,-1.00,-1.00
2024-11-14T10:51:07Z,"0002cc0100000ec0","365460989bf93e6308164d9025428b2a000000000000ffffffffffffffffffff",2,3.90,,8,22.30,56.31,,12.35,,0,0,0,0,,,,-1.00,-1.00,-1.00,-1.00,-1.00
2024-11-14T10:57:03Z,"0002cc0100000ec0","36546099fff93e570816588bcd428432000000000000ffffffffff54fff8ffffffff",2,3.90,,8,22.34,54.61,,12.13,,0,0,0,0,,,-1.00,-1.00,-1.00,-0.92,-1.00,-1.00
2024-11-14T11:02:59Z,"0002cc0100000ec0","3654609b63f93e630816548fc2428d3e000000000000ffffffffffffffffffff",2,3.90,,8,22.33,56.16,,12.41,,0,0,0,0,,,,-1.00,-1.00,-1.00,-1.00,-1.00
2024-11-14T11:08:55Z,"0002cc0100000ec0","3654609cc7f93e630816588ccc428068000000000000ffffffffffffffffffffffff",2,3.90,,8,22.34,55.00,,12.01,,0,0,0,0,,,-1.00,-1.00,-1.00,-1.00,-1.00,-1.00
2024-11-14T11:14:51Z,"0002cc0100000ec0","3654609e2bf93e6308165890024287b3000000000000ffffffffffffffffffff",2,3.90,,8,22.34,56.25,,12.24,,0,0,0,0,,,,-1.00,-1.00,-1.00,-1.00,-1.00
2024-11-14T11:20:47Z,"0002cc0100000ec0","3654609f8ff93e5b08165c8e12428eab000000000000ffffffffffffffffffff",2,3.90,,8,22.36,55.50,,12.46,,0,0,0,0,,,,-1.00,-1.00,-1.00,-1.00,-1.00
2024-11-14T11:26:43Z,"0002cc0100000ec0","365460a0f3f93e5b0816638fef428ecb000000000000ffffffffffffffffffffffff",2,3.90,,8,22.38,56.22,,12.46,,0,0,0,0,,,-1.00,-1.00,-1.00,-1.00,-1.00,-1.00
2024-11-14T11:32:39Z,"0002cc0100000ec0","365460a257f93e5708165f8e99429038000000000000ffffffffffffffffffff",2,3.90,,8,22.37,55.70,,12.51,,0,0,0,0,,,,-1.00,-1.00,-1.00,-1.00,-1.00
2024-11-14T11:38:34Z,"0002cc0100000ec0","365460a3baf93e570816668f23428de5000000000000ffffffffffffffffffff",2,3.90,,8,22.40,55.91,,12.43,,0,0,0,0,,,,-1.00,-1.00,-1.00,-1.00,-1.00
2024-11-14T11:44:31Z,"0002cc0100000ec0","365460a51ff93e630816668f3b4286c3000000000000ffffffffffffffffffffff7c",2,3.90,,8,22.40,55.95,,12.21,,0,0,0,0,,,-0.94,-1.00,-1.00,-1.00,-1.00,-1.00
2024-11-14T11:50:26Z,"0002cc0100000ec0","365460a682f93e6308166e8eff429077000000000000ffffffffffffffffffff",2,3.90,,8,22.43,55.86,,12.51,,0,0,0,0,,,,-1.00,-1.00,-1.00,-1.00,-1.00
2024-11-14T11:56:22Z,"0002cc0100000ec0","365460a7e6f93e5708166e8fd442872b000000000000ffe1ffffff9fffffffffffff",2,3.90,,8,22.43,56.18,,12.22,,0,0,0,0,,,-1.00,-1.00,-1.00,-0.95,-1.00,-0.99
2024-11-14T12:02:18Z,"0002cc0100000ec0","365460a94af93e6308166a874a42911d000000000000ffffffffffffffffffff",2,3.90,,8,22.41,52.85,,12.53,,0,0,0,0,,,,-1.00,-1.00,-1.00,-1.00,-1.00
2024-11-14T12:08:14Z,"0002cc0100000ec0","365460aaaef93e6f08165f7b2e42874b000000000000ffffffffffffffffffff",2,3.90,,8,22.37,48.12,,12.23,,0,0,0,0,,,,-1.00,-1.00,-1.00,-1.00,-1.00
2024-11-14T12:14:10Z,"0002cc0100000ec0","365460ac12f93e5b08165476dc42829c000000000000ffffffffffffffffffff",2,3.90,,8,22.33,46.43,,12.08,,0,0,0,0,,,,-1.00,-1.00,-1.00,-1.00,-1.00
2024-11-14T12:20:06Z,"0002cc0100000ec0","365460ad76f93e63081642748f4288d7000000000000ffffffffffffffffffffffff",2,3.90,,8,22.25,45.53,,12.28,,0,0,0,0,,,-1.00,-1.00,-1.00,-1.00,-1.00,-1.00
2024-11-14T12:26:02Z,"0002cc0100000ec0","365460aedaf93e5708163a73af428c97000000000000ffffffffffffffffffff",2,3.90,,8,22.23,45.19,,12.39,,0,0,0,0,,,,-1.00,-1.00,-1.00,-1.00,-1.00
2024-11-14T12:31:58Z,"0002cc0100000ec0","365460b03ef93e630816257228428c97000000000000ffffffffffffffffffff",2,3.90,,8,22.14,44.59,,12.39,,0,0,0,0,,,,-1.00,-1.00,-1.00,-1.00,-1.00
2024-11-14T12:37:54Z,"0002cc0100000ec0","365460b1a2f93e630816217247428de5000000000000ffffffffffffffffffff",2,3.90,,8,22.13,44.64,,12.43,,0,0,0,0,,,,-1.00,-1.00,-1.00,-1.00,-1.00
2024-11-14T12:43:50Z,"0002cc0100000ec0","365460b306f93e63081613755f42899e000000000000ffffffffffffffffffff",2,3.90,,8,22.07,45.85,,12.30,,0,0,0,0,,,,-1.00,-1.00,-1.00,-1.00,-1.00
2024-11-14T12:49:46Z,"0002cc0100000ec0","365460b46af93e5b08160f76d642a5b6000000000000fffffffffffffffffeb2",2,3.90,,8,22.06,46.42,,13.18,,0,0,0,0,,,,-0.84,-1.00,-1.00,-1.00,-1.00
2024-11-14T12:55:42Z,"0002cc0100000ec0","365460b5cef93e5208161379a542b6ff000000000000ffffffffffb2ffffffffff67",2,3.89,,8,22.07,47.52,,13.72,,0,0,0,0,,,-0.93,-1.00,-1.00,-0.96,-1.00,-1.00
2024-11-14T13:01:38Z,"0002cc0100000ec0","365460b732f93e5b0816b2874f46b277000000000000fffff4a36d8cfe8576a3",2,3.90,,8,22.69,52.86,,217.23,,0,0,0,0,,,,0.41,-0.81,0.17,-0.29,-1.00
2024-11-14T13:07:34Z,"0002cc0100000ec0","365460b896f93e6308164d8092425b6a000000000000e648f597fc48fc1cf5fb",2,3.90,,8,22.30,50.22,,10.86,,0,0,0,0,,,,-0.37,-0.51,-0.54,-0.35,-0.10
2024-11-14T13:13:30Z,"0002cc0100000ec0","365460b9faf93e5208162186894260b6000000000000ffffff37fffffde4ffff",2,3.89,,8,22.13,52.55,,11.02,,0,0,0,0,,,,-1.00,-0.74,-1.00,-0.90,-1.00
2024-11-14T13:19:26Z,"0002cc0100000ec0","365460bb5ef93e5208161e8bcf425ef4000000000000fffffec0fd14fccdf544fe16",2,3.89,,8,22.11,54.61,,10.97,,0,0,0,0,,,-0.76,-0.33,-0.60,-0.63,-0.84,-1.00
2024-11-14T13:25:22Z,"0002cc0100000ec0","365460bcc2f93e630816218d2b425f7b000000000000fffffffffffffdc7ffff",2,3.90,,8,22.13,55.14,,10.98,,0,0,0,0,,,,-1.00,-0.72,-1.00,-1.00,-1.00
2024-11-14T13:31:18Z,"0002cc0100000ec0","365460be26f93e520816338d23424558000000000000fffffe14f638ffffffff",2,3.89,,8,22.20,55.13,,10.17,,0,0,0,0,,,,-1.00,-1.00,-0.39,-0.76,-1.00
2024-11-14T13:37:14Z,"0002cc0100000ec0","365460bf8af93e6308163a8d7d424519000000000000ffffffffffffffffffff",2,3.90,,8,22.23,55.27,,10.16,,0,0,0,0,,,,-1.00,-1.00,-1.00,-1.00,-1.00
2024-11-14T13:43:10Z,"0002cc0100000ec0","365460c0eef93e5b0816428d98424a46000000000000ffffffffffffffffffff",2,3.90,,8,22.25,55.31,,10.32,,0,0,0,0,,,,-1.00,-1.00,-1.00,-1.00,-1.00
2024-11-14T13:49:06Z,"0002cc0100000ec0","365460c252f93e5b0816518d8e42478b000000000000ffffffffffffffffffff",2,3.90,,8,22.31,55.30,,10.24,,0,0,0,0,,,,-1.00,-1.00,-1.00,-1.00,-1.00
2024-11-14T13:55:02Z,"0002cc0100000ec0","365460c3b6f93e520816588d794243eb000000000000ffffffffffffffffffff",2,3.89,,8,22.34,55.26,,10.12,,0,0,0,0,,,,-1.00,-1.00,-1.00,-1.00,-1.00
2024-11-14T14:00:58Z,"0002cc0100000ec0","365460c51af93e5b0816638d674245df000000000000ffffffffffffffffffff",2,3.90,,8,22.38,55.24,,10.18,,0,0,0,0,,,,-1.00,-1.00,-1.00,-1.00,-1.00
2024-11-14T14:06:54Z,"0002cc0100000ec0","365460c67ef20205000016668d9742411a000000000000ffffffffffffffffffffffff",2,,2.5.0.0,,22.40,55.31,,10.03,,0,0,0,0,,,-1.00,-1.00,-1.00,-1.00,-1.00,-1.00
2024-11-14T14:12:50Z,"0002cc0100000ec0","365460c7e2f93e5b0816718e03000000000000000000ffffffffffffffd0ff88",2,3.90,,8,22.44,55.47,,0.00,,0,0,0,0,,,,-0.94,-0.98,-1.00,-1.00,-1.00
2024-11-14T14:18:45Z,"0002cc0100000ec0","365460c945f93e670816718ec73b2039000000000000ffffffffffffffffffff",2,3.90,,8,22.44,55.77,,0.07,,0,0,0,0,,,,-1.00,-1.00,-1.00,-1.00,-1.00
2024-11-14T14:24:42Z,"0002cc0100000ec0","365460caaaf93e4a08166e8ea83b2a57000000000000fffffd2bfc3cfd62ffffceac",2,3.89,,8,22.43,55.73,,0.07,,0,0,0,0,,,-0.01,-1.00,-0.67,-0.53,-0.65,-1.00
2024-11-14T14:30:37Z,"0002cc0100000ec0","365460cc0df93e5208165f8d6d3b3e91000000000000ffffffffffffffffff07",2,3.89,,8,22.37,55.25,,0.08,,0,0,0,0,,,,-0.88,-1.00,-1.00,-1.00,-1.00
2024-11-14T14:36:33Z,"0002cc0100000ec0","365460cd71f93e4a0816498cec3b3983000000000000fcaeffffffffffffffff",2,3.89,,8,22.28,55.05,,0.08,,0,0,0,0,,,,-1.00,-1.00,-1.00,-1.00,-0.59
2024-11-14T14:42:30Z,"0002cc0100000ec0","365460ced6f93e5708163a8c503b979d000000000000fffffffffffffffff6f8ffff",2,3.90,,8,22.23,54.81,,0.10,,0,0,0,0,,,-1.00,-0.44,-1.00,-1.00,-1.00,-1.00
2024-11-14T14:48:25Z,"0002cc0100000ec0","365460d039f93e5b0816338d623acb89000000000000fffffffffffffd8ff6f9",2,3.90,,8,22.20,55.23,,0.06,,0,0,0,0,,,,-0.44,-0.70,-1.00,-1.00,-1.00
2024-11-14T14:54:21Z,"0002cc0100000ec0","365460d19df93e570816878d8c3a0540000000000000fffffffff4ca6ef876b3",2,3.90,,8,22.52,55.29,,0.03,,0,0,0,0,,,,0.42,0.22,-0.30,-1.00,-1.00
2024-11-14T15:00:17Z,"0002cc0100000ec0","365460d301f93e5b0816718d163a1b2c0000000000006d80d438fdeaf502fc25",2,3.90,,8,22.44,55.11,,0.03,,0,0,0,0,,,,-0.52,-0.31,-0.74,-0.02,0.17
2024-11-14T15:06:14Z,"0002cc0100000ec0","365460d466f93e4a0816548dbf3b296f000000000000f61cfdc0ff6dffffffffffff",2,3.89,,8,22.33,55.37,,0.07,,0,0,0,0,,,-1.00,-1.00,-1.00,-0.93,-0.72,-0.38
2024-11-14T15:12:10Z,"0002cc0100000ec0","365460d5caf93e520816378ed839a8c1000000000000fffffffffffffde0ffff",2,3.89,,8,22.21,55.80,,0.03,,0,0,0,0,,,,-1.00,-0.73,-1.00,-1.00,-1.00
2024-11-14T15:18:06Z,"0002cc0100000ec0","365460d72ef93e4a081628901d391b2c000000000000ffffffffffffffffffff",2,3.89,,8,22.16,56.30,,0.02,,0,0,0,0,,,,-1.00,-1.00,-1.00,-1.00,-1.00
2024-11-14T15:24:01Z,"0002cc0100000ec0","365460d891f93e5b081613917039cb89000000000000fffffffff565f6d8ee31",2,3.90,,8,22.07,56.81,,0.03,,0,0,0,0,,,,-0.19,-0.43,-0.34,-1.00,-1.00
2024-11-14T15:29:57Z,"0002cc0100000ec0","365460d9f5f93e5708160c925a3a8c94000000000000ffa5c43efca0fcb3fca1",2,3.90,,8,22.04,57.17,,0.05,,0,0,0,0,,,,-0.58,-0.59,-0.58,-0.00,-0.96
2024-11-14T15:35:53Z,"0002cc0100000ec0","365460db59f93e570815f992833a8d2f000000000000ffffffff66cdffffffff",2,3.90,,8,21.97,57.23,,0.05,,0,0,0,0,,,,-1.00,-1.00,0.11,-1.00,-1.00
2024-11-14T15:41:50Z,"0002cc0100000ec0","365460dcbef93e4a0815eb93133a8c94000000000000ffffffffffffeee4fc6effff",2,3.89,,8,21.92,57.45,,0.05,,0,0,0,0,,,-1.00,-0.55,-0.22,-1.00,-1.00,-1.00
2024-11-14T15:47:46Z,"0002cc0100000ec0","365460de22f93e4a0815ef94783a8c94000000000000ffffffffd40ce59c6e27",2,3.89,,8,21.93,58.00,,0.05,,0,0,0,0,,,,0.19,-0.09,-0.02,-1.00,-1.00
2024-11-14T15:53:42Z,"0002cc0100000ec0","365460df86f93e570815ef93f13b296f000000000000f6c7ffe8fffffc46e469",2,3.90,,8,21.93,57.79,,0.07,,0,0,0,0,,,,-0.07,-0.53,-1.00,-0.99,-0.42
2024-11-14T15:59:38Z,"0002cc0100000ec0","365460e0eaf93e570815e4938c000000000000000000fffffd85fffff41bfe4e",2,3.90,,8,21.89,57.64,,0.00,,0,0,0,0,,,,-0.79,-0.26,-1.00,-0.69,-1.00
2024-11-14T16:05:34Z,"0002cc0100000ec0","365460e24ef93e570815dd947f000000000000000000ffffe46de750efc6edb2",2,3.90,,8,21.86,58.01,,0.00,,0,0,0,0,,,,-0.18,-0.24,-0.11,-0.07,-1.00
2024-11-14T16:11:30Z,"0002cc0100000ec0","365460e3b2f93e570815dd9439000000000000000000f4dbf7e6e5a56c8cfe6f",2,3.90,,8,21.86,57.90,,0.00,,0,0,0,0,,,,-0.80,0.14,-0.09,-0.49,-0.30
2024-11-14T16:17:26Z,"0002cc0100000ec0","365460e516f93e4a0815d994550000000000000000007c83eee2f5d86d04ff4cfc81",2,3.89,,8,21.85,57.94,,0.00,,0,0,0,0,,,-0.56,-0.91,0.16,-0.37,-0.22,0.56
2024-11-14T16:23:22Z,"0002cc0100000ec0","365460e67af93e4a0815d69539000000000000000000ec4a5c39efca759ce664",2,3.89,,8,21.83,58.29,,0.00,,0,0,0,0,,,,-0.10,0.35,-0.24,0.03,-0.13
2024-11-14T16:29:18Z,"0002cc0100000ec0","365460e7def93e4a0815cb952c000000000000000000fc7ef6c2fcd0ed4e7461",2,3.89,,8,21.79,58.27,,0.00,,0,0,0,0,,,,0.27,-0.17,-0.60,-0.42,-0.56
2024-11-14T16:35:14Z,"0002cc0100000ec0","365460e942f93e570815c49503000000000000000000fffff58afd6effffffff",2,3.90,,8,21.76,58.21,,0.00,,0,0,0,0,,,,-1.00,-1.00,-0.68,-0.35,-1.00
2024-11-14T16:41:10Z,"0002cc0100000ec0","365460eaa6f93e570815b195b0000000000000000000fe05ff8ffd51e66bf729",2,3.90,,8,21.69,58.47,,0.00,,0,0,0,0,,,,-0.45,-0.10,-0.66,-0.94,-0.75
2024-11-14T16:47:06Z,"0002cc0100000ec0","365460ec0af93e570815a69611000000000000000000f4d7e478fdeeffd0ffffffff",2,3.90,,8,21.65,58.62,,0.00,,0,0,0,0,,,-1.00,-1.00,-0.98,-0.74,-0.07,-0.30
2024-11-14T16:53:02Z,"0002cc0100000ec0","365460ed6ef93e4a08159c96e2000000000000000000ffffffffffffffffffff",2,3.89,,8,21.61,58.94,,0.00,,0,0,0,0,,,,-1.00,-1.00,-1.00,-1.00,-1.00
2024-11-14T16:58:58Z,"0002cc0100000ec0","365460eed2f93e570815a297ba000000000000000000fffffffffdeefd0efc6d",2,3.90,,8,21.63,59.27,,0.00,,0,0,0,0,,,,-0.55,-0.63,-0.74,-1.00,-1.00
2024-11-14T17:04:54Z,"0002cc0100000ec0","365460f036d93e57081594978d000000000000fea7ff7effffffffffffec2f",2,3.90,,8,21.58,59.20,,,,0,0,0,0,,,-0.13,-1.00,-1.00,-1.00,-0.94,-0.83
2024-11-14T17:10:50Z,"0002cc0100000ec0","365460f19af93e570815949878000000000000000000ffffff28fc6effecffff",2,3.90,,8,21.58,59.56,,0.00,,0,0,0,0,,,,-1.00,-0.99,-0.55,-0.89,-1.00
2024-11-14T17:16:46Z,"0002cc0100000ec0","365460f2fed93e5708159f988d0000000000007cfce7c7653077046714",2,3.90,,8,21.62,59.59,,,,0,0,0,0,,,,0.11,0.44,0.08,-0.12,0.62
2024-11-14T17:22:42Z,"0002cc0100000ec0","365460f462f93e5708159c993e0000000000000000007489f556ff347ccbedc46f68",2,3.90,,8,21.61,59.86,,0.00,,0,0,0,0,,,0.23,-0.18,0.60,-0.90,-0.33,0.28
2024-11-14T17:28:38Z,"0002cc0100000ec0","365460f5c6f93e57081594999d000000000000000000e4de6f4af48fff47ff7c",2,3.90,,8,21.58,60.01,,0.00,,0,0,0,0,,,,-0.94,-0.91,-0.28,0.23,-0.08
2024-11-14T17:34:34Z,"0002cc0100000ec0","365460f72af93e5708158999e0000000000000000000ffffffffffffffffffff",2,3.90,,8,21.53,60.11,,0.00,,0,0,0,0,,,,-1.00,-1.00,-1.00,-1.00,-1.00
2024-11-14T17:40:30Z,"0002cc0100000ec0","365460f88ef93e5708158299f4000000000000000000ffffffffffffffffffff",2,3.90,,8,21.51,60.14,,0.00,,0,0,0,0,,,,-1.00,-1.00,-1.00,-1.00,-1.00
2024-11-14T17:46:26Z,"0002cc0100000ec0","365460f9f2f93e5f0815779a22000000000000000000fffffffffffffffffc6b",2,3.90,,8,21.46,60.21,,0.00,,0,0,0,0,,,,-0.55,-1.00,-1.00,-1.00,-1.00
2024-11-14T17:52:22Z,"0002cc0100000ec0","365460fb56f93e5f0815779ac4000000000000000000f795e71d7432f70afffc",2,3.90,,8,21.46,60.46,,0.00,,0,0,0,0,,,,-1.00,-0.44,0.26,-0.11,-0.47
2024-11-14T17:58:18Z,"0002cc0100000ec0","365460fcbaf93e4a08157b9b4a000000000000000000dccefc0c6c2ffd24fd4dfd8b",2,3.89,,8,21.48,60.66,,0.00,,0,0,0,0,,,-0.69,-0.66,-0.64,0.13,-0.51,-0.04
2024-11-14T18:04:14Z,"0002cc0100000ec0","365460fe1ef93e570815749bcb000000000000000000fffbfffaffffffffffff",2,3.90,,8,21.45,60.86,,0.00,,0,0,0,0,,,,-1.00,-1.00,-1.00,-1.00,-1.00
2024-11-14T18:10:10Z,"0002cc0100000ec0","365460ff82f202050000156c9c37000000000000000000ffffffffffffffffffffffff",2,,2.5.0.0,,21.42,61.02,,0.00,,0,0,0,0,,,-1.00,-1.00,-1.00,-1.00,-1.00,-1.00
2024-11-14T18:16:06Z,"0002cc0100000ec0","36546100e6f93e4a0815699c9b000000000000000000ff88f50876dbf511fffe",2,3.89,,8,21.41,61.17,,0.00,,0,0,0,0,,,,-1.00,-0.32,0.43,-0.31,-0.94
2024-11-14T18:22:02Z,"0002cc0100000ec0","365461024af93e570815719b7a000000000000000000fffffef1f61174ffec90fe9d",2,3.90,,8,21.44,60.73,,0.00,,0,0,0,0,,,-0.83,-0.14,0.31,-0.38,-0.87,-1.00
2024-11-14T18:27:58Z,"0002cc0100000ec0","36546103aef93e4a0815699acc000000000000000000fc4eff98fe9cffffffa7",2,3.89,,8,21.41,60.47,,0.00,,0,0,0,0,,,,-0.96,-1.00,-0.83,-0.95,-0.54
2024-11-14T18:33:54Z,"0002cc0100000ec0","3654610512f93e4a0815669a28000000000000000000ffffffeaffffffffffffffff",2,3.89,,8,21.40,60.22,,0.00,,0,0,0,0,,,-1.00,-1.00,-1.00,-1.00,-0.99,-1.00
2024-11-14T18:39:50Z,"0002cc0100000ec0","3654610676f93e5708156c9973000000000000000000ffffffffffffffffffff",2,3.90,,8,21.42,59.94,,0.00,,0,0,0,0,,,,-1.00,-1.00,-1.00,-1.00,-1.00
2024-11-14T18:45:46Z,"0002cc0100000ec0","36546107daf93e57081569993e000000000000000000ffffffffffffffffffffffff",2,3.90,,8,21.41,59.86,,0.00,,0,0,0,0,,,-1.00,-1.00,-1.00,-1.00,-1.00,-1.00
2024-11-14T18:51:42Z,"0002cc0100000ec0","365461093ef93e4a08155b994d000000000000000000ffffffffffffffffffff",2,3.89,,8,21.35,59.88,,0.00,,0,0,0,0,,,,-1.00,-1.00,-1.00,-1.00,-1.00
2024-11-14T18:57:38Z,"0002cc0100000ec0","3654610aa2f93e4e08155e9974000000000000000000ffffffffffffffffffff",2,3.89,,8,21.37,59.94,,0.00,,0,0,0,0,,,,-1.00,-1.00,-1.00,-1.00,-1.00
2024-11-14T19:03:34Z,"0002cc0100000ec0","3654610c06f93e4e0815539967000000000000000000ffffffffffffffffffff",2,3.89,,8,21.32,59.92,,0.00,,0,0,0,0,,,,-1.00,-1.00,-1.00,-1.00,-1.00
2024-11-14T19:09:30Z,"0002cc0100000ec0","3654610d6af93e4a08155e99d4000000000000000000fffffffff628ed75f7c3f6be",2,3.89,,8,21.37,60.09,,0.00,,0,0,0,0,,,-0.42,-0.49,-0.17,-0.38,-1.00,-1.00
2024-11-14T19:15:26Z,"0002cc0100000ec0","3654610ecef93e4e0815629943000000000000000000fd2e763b74e7545d5f6d",2,3.89,,8,21.38,59.87,,0.00,,0,0,0,0,,,,0.06,0.02,0.31,0.39,-0.65
2024-11-14T19:21:22Z,"0002cc0100000ec0","3654611032f93e5708155e98bc3a1b2c00000000000076d7dcd2fffffffffcbaffff",2,3.90,,8,21.37,59.66,,0.03,,0,0,0,0,,,-1.00,-0.59,-1.00,-1.00,-0.04,0.43
2024-11-14T19:27:18Z,"0002cc0100000ec0","3654611196f93e4e08155b99133ae570000000000000fcf1f7c5ffffffffffff",2,3.89,,8,21.35,59.80,,0.06,,0,0,0,0,,,,-1.00,-1.00,-1.00,-0.49,-0.62
2024-11-14T19:33:14Z,"0002cc0100000ec0","36546112faf93e4608155399263b6865000000000000f684f44beea5fff2ffffffff",2,3.89,,8,21.32,59.82,,0.09,,0,0,0,0,,,-1.00,-1.00,-0.99,-0.21,-0.27,-0.41
2024-11-14T19:39:10Z,"0002cc0100000ec0","365461145ef93e4e08155b99cb3b14fd000000000000fffff5e2ffffffffffff",2,3.89,,8,21.35,60.08,,0.07,,0,0,0,0,,,,-1.00,-1.00,-1.00,-0.37,-1.00
2024-11-14T19:45:06Z,"0002cc0100000ec0","36546115c2d93e4a08155b9a6d000000000000d6b7fefa6cdd6d90ec96",2,3.89,,8,21.35,60.32,,,,0,0,0,0,,,,-0.14,0.17,0.15,-0.87,-0.03
2024-11-14T19:51:02Z,"0002cc0100000ec0","3654611726f93e4e0815629adf00000000000000000074586f19dd35fd0dde5777ad",2,3.89,,8,21.38,60.50,,0.00,,0,0,0,0,,,0.48,-0.05,-0.63,-0.04,0.22,0.27
2024-11-14T19:56:58Z,"0002cc0100000ec0","365461188af93e4a08155e9754000000000000000000fcbd6630f72764ff7710",2,3.89,,8,21.37,59.11,,0.00,,0,0,0,0,,,,0.44,0.08,-0.45,0.10,-0.59
2024-11-14T20:02:54Z,"0002cc0100000ec0","36546119eef93e4608156293c400000000000000000077bfee3167fb7e27760b7674",2,3.89,,8,21.38,57.72,,0.00,,0,0,0,0,,,0.40,0.38,0.77,0.12,-0.19,0.48
2024-11-14T20:08:50Z,"0002cc0100000ec0","3654611b52f93e4a081557922d00000000000000000074abefa6ef0fe4bdf677",2,3.89,,8,21.34,57.10,,0.00,,0,0,0,0,,,,-0.40,-0.07,-0.22,-0.24,0.29
2024-11-14T20:14:46Z,"0002cc0100000ec0","3654611cb6f93e4a0815499181000000000000000000ff6effffff63fff6ffff",2,3.89,,8,21.28,56.84,,0.00,,0,0,0,0,,,,-1.00,-0.99,-0.92,-1.00,-0.93
2024-11-14T20:20:43Z,"0002cc0100000ec0","3654611e1bf93e5b08153e90ce000000000000000000ffffff7fffffffffffffffff",2,3.90,,8,21.24,56.57,,0.00,,0,0,0,0,,,-1.00,-1.00,-1.00,-1.00,-0.94,-1.00
2024-11-14T20:26:38Z,"0002cc0100000ec0","3654611f7ef93e4a08153e9071000000000000000000ffffffffffffffffffff",2,3.89,,8,21.24,56.42,,0.00,,0,0,0,0,,,,-1.00,-1.00,-1.00,-1.00,-1.00
2024-11-14T20:32:34Z,"0002cc0100000ec0","36546120e2f93e4e0815368fb7000000000000000000ffffffffffffffffffffffff",2,3.89,,8,21.21,56.14,,0.00,,0,0,0,0,,,-1.00,-1.00,-1.00,-1.00,-1.00,-1.00
2024-11-14T20:38:30Z,"0002cc0100000ec0","3654612246f93e4a08153b8f35000000000000000000ffffffffffffffffffff",2,3.89,,8,21.23,55.94,,0.00,,0,0,0,0,,,,-1.00,-1.00,-1.00,-1.00,-1.00
2024-11-14T20:44:26Z,"0002cc0100000ec0","36546123aaf93e4a08153b8ef6000000000000000000ffffffffffffffffffff",2,3.89,,8,21.23,55.84,,0.00,,0,0,0,0,,,,-1.00,-1.00,-1.00,-1.00,-1.00
2024-11-14T20:50:22Z,"0002cc0100000ec0","365461250ef93e4e0815368ef3000000000000000000ffffffffffffffffffff",2,3.89,,8,21.21,55.84,,0.00,,0,0,0,0,,,,-1.00,-1.00,-1.00,-1.00,-1.00
2024-11-14T20:56:18Z,"0002cc0100000ec0","3654612672f93e4a0815418f00000000000000000000ffffffffffffffffffffffff",2,3.89,,8,21.25,55.86,,0.00,,0,0,0,0,,,-1.00,-1.00,-1.00,-1.00,-1.00,-1.00
2024-11-14T21:02:14Z,"0002cc0100000ec0","36546127d6f93e3e0815418f00000000000000000000ffffffffffffffffffff",2,3.89,,8,21.25,55.86,,0.00,,0,0,0,0,,,,-1.00,-1.00,-1.00,-1.00,-1.00
2024-11-14T21:08:10Z,"0002cc0100000ec0","365461293af93e4a0815418f5d000000000000000000ffffffffffffffffffffffff",2,3.89,,8,21.25,56.00,,0.00,,0,0,0,0,,,-1.00,-1.00,-1.00,-1.00,-1.00,-1.00
2024-11-14T21:14:06Z,"0002cc0100000ec0","3654612a9ef93e3e08153b8f8a000000000000000000ffffffffffffffffffff",2,3.89,,8,21.23,56.07,,0.00,,0,0,0,0,,,,-1.00,-1.00,-1.00,-1.00,-1.00
2024-11-14T21:20:02Z,"0002cc0100000ec0","3654612c02f93e4e08153e8fa4000000000000000000ffffffffffffffffffff",2,3.89,,8,21.24,56.11,,0.00,,0,0,0,0,,,,-1.00,-1.00,-1.00,-1.00,-1.00
2024-11-14T21:25:58Z,"0002cc0100000ec0","3654612d66f93e4a0815418fad000000000000000000ffffffffffffffffffffffff",2,3.89,,8,21.25,56.12,,0.00,,0,0,0,0,,,-1.00,-1.00,-1.00,-1.00,-1.00,-1.00
2024-11-14T21:31:54Z,"0002cc0100000ec0","3654612ecaf93e4a0815368fb7000000000000000000ffffffffffffffffffff",2,3.89,,8,21.21,56.14,,0.00,,0,0,0,0,,,,-1.00,-1.00,-1.00,-1.00,-1.00
2024-11-14T21:37:50Z,"0002cc0100000ec0","365461302ef93e5208153b9038000000000000000000ffffffffffffffffffff",2,3.89,,8,21.23,56.34,,0.00,,0,0,0,0,,,,-1.00,-1.00,-1.00,-1.00,-1.00
2024-11-14T21:43:46Z,"0002cc0100000ec0","3654613192f93e4e081533908b000000000000000000ffffffffffffffffffff",2,3.89,,8,21.20,56.46,,0.00,,0,0,0,0,,,,-1.00,-1.00,-1.00,-1.00,-1.00
2024-11-14T21:49:42Z,"0002cc0100000ec0","36546132f6f93e4a081530907a000000000000000000ffffffffffffffffffffffff",2,3.89,,8,21.18,56.44,,0.00,,0,0,0,0,,,-1.00,-1.00,-1.00,-1.00,-1.00,-1.00
2024-11-14T21:55:38Z,"0002cc0100000ec0","365461345af93e4a0815279086000000000000000000ffffffffffffffffffffffff",2,3.89,,8,21.15,56.46,,0.00,,0,0,0,0,,,-1.00,-1.00,-1.00,-1.00,-1.00,-1.00
2024-11-14T22:01:33Z,"0002cc0100000ec0","36546135bdf93e4a081524907d000000000000000000ffffffffffffffffffff",2,3.89,,8,21.14,56.44,,0.00,,0,0,0,0,,,,-1.00,-1.00,-1.00,-1.00,-1.00
2024-11-14T22:07:29Z,"0002cc0100000ec0","3654613721f93e4a0815219092000000000000000000ffffffffffffffffffff",2,3.89,,8,21.13,56.47,,0.00,,0,0,0,0,,,,-1.00,-1.00,-1.00,-1.00,-1.00
2024-11-14T22:13:25Z,"0002cc0100000ec0","3654613885f202050000151d90b2000000000000000000ffffffffffffffffffff",2,,2.5.0.0,,21.11,56.52,,0.00,,0,0,0,0,,,,-1.00,-1.00,-1.00,-1.00,-1.00
2024-11-14T22:19:21Z,"0002cc0100000ec0","36546139e9f93e3e08152490ec000000000000000000ffffffffffffffdcffffffff",2,3.89,,8,21.14,56.61,,0.00,,0,0,0,0,,,-1.00,-1.00,-0.98,-1.00,-1.00,-1.00
2024-11-14T22:25:17Z,"0002cc0100000ec0","3654613b4df93e4a08152c91fa000000000000000000fffffffffffffffff4d8",2,3.89,,8,21.17,57.02,,0.00,,0,0,0,0,,,,-0.30,-1.00,-1.00,-1.00,-1.00
2024-11-14T22:31:13Z,"0002cc0100000ec0","3654613cb1f93e4a081541920b000000000000000000e776f652fea7fd0affffffff",2,3.89,,8,21.25,57.05,,0.00,,0,0,0,0,,,-1.00,-1.00,-0.63,-0.83,-0.39,-0.12
2024-11-14T22:37:09Z,"0002cc0100000ec0","3654613e15f93e4a08155091d9000000000000000000e4aefe56ffaced1af637",2,3.89,,8,21.31,56.97,,0.00,,0,0,0,0,,,,-0.39,-0.16,-0.96,-0.79,-0.07
2024-11-14T22:43:05Z,"0002cc0100000ec0","3654613f79f93e4a08155b926c000000000000000000ffffffffffffd7fcfd80",2,3.89,,8,21.35,57.20,,0.00,,0,0,0,0,,,,-0.69,-0.03,-1.00,-1.00,-1.00
2024-11-14T22:49:02Z,"0002cc0100000ec0","36546140def93e4a08156293a4000000000000000000fd73fe88ffffff96fd04ef57",2,3.89,,8,21.38,57.67,,0.00,,0,0,0,0,,,-0.23,-0.63,-0.95,-1.00,-0.82,-0.68
2024-11-14T22:54:57Z,"0002cc0100000ec0","3654614241f93e4a08157193aa000000000000000000fffff441fffff7006e76",2,3.89,,8,21.44,57.68,,0.00,,0,0,0,0,,,,0.20,-0.44,-1.00,-0.27,-1.00
2024-11-14T23:00:54Z,"0002cc0100000ec0","36546143a6f93e4a08156c92cc000000000000000000f43af525fce0ff1effff",2,3.89,,8,21.42,57.34,,0.00,,0,0,0,0,,,,-1.00,-0.89,-0.61,-0.32,-0.26
2024-11-14T23:06:50Z,"0002cc0100000ec0","365461450af93e4a0815719280000000000000000000fffffffffc5cfffffffffeda",2,3.89,,8,21.44,57.23,,0.00,,0,0,0,0,,,-0.86,-1.00,-1.00,-0.55,-1.00,-1.00
2024-11-14T23:12:46Z,"0002cc0100000ec0","365461466ef93e3e08156692f0000000000000000000ffffef69fdf8ffa4ff9f",2,3.89,,8,21.40,57.40,,0.00,,0,0,0,0,,,,-0.95,-0.96,-0.75,-0.23,-1.00
2024-11-14T23:18:42Z,"0002cc0100000ec0","36546147d2f93e4a08155e932c000000000000000000fffffdbdfc82ffffffff",2,3.89,,8,21.37,57.49,,0.00,,0,0,0,0,,,,-1.00,-1.00,-0.56,-0.72,-1.00
2024-11-14T23:24:38Z,"0002cc0100000ec0","3654614936f93e4a08155b935b000000000000000000ffffffeaff04ffffffff",2,3.89,,8,21.35,57.56,,0.00,,0,0,0,0,,,,-1.00,-1.00,-0.88,-0.99,-1.00
2024-11-14T23:30:34Z,"0002cc0100000ec0","3654614a9af93e4a08155393a6000000000000000000fffffffffedbffffffff",2,3.89,,8,21.32,57.68,,0.00,,0,0,0,0,,,,-1.00,-1.00,-0.86,-1.00,-1.00
2024-11-14T23:36:30Z,"0002cc0100000ec0","3654614bfef93e3e08154993b8000000000000000000ffffffffffffffffffffffff",2,3.89,,8,21.28,57.70,,0.00,,0,0,0,0,,,-1.00,-1.00,-1.00,-1.00,-1.00,-1.00
2024-11-14T23:42:26Z,"0002cc0100000ec0","3654614d62f93e4a08154193d4000000000000000000ffffffffffffffffffff",2,3.89,,8,21.25,57.75,,0.00,,0,0,0,0,,,,-1.00,-1.00,-1.00,-1.00,-1.00
2024-11-14T23:48:21Z,"0002cc0100000ec0","3654614ec5f93e4a0815419461000000000000000000ffffffffffffffffffff",2,3.89,,8,21.25,57.96,,0.00,,0,0,0,0,,,,-1.00,-1.00,-1.00,-1.00,-1.00
2024-11-14T23:54:18Z,"0002cc0100000ec0","365461502af93e4a081549949d000000000000000000fffffffffffffd7844dbf69c",2,3.89,,8,21.28,58.05,,0.00,,0,0,0,0,,,-0.41,0.00,-0.68,-1.00,-1.00,-1.00
